
SWEPT_VAR_1 = 45.0    // Syn: Source PP \ NetStim \ PARAMETER \ interval (ms)

t
ms
loc = s( 0.55 )
thresh = 0.0 (mV)
12      
33.1    
48.8    
60.5    
72.7    
85.5    
103.1   
120.2   
130.6   
141.1   
152.3   
162.8   
174.6   
186.6   
199.4   
211.7   
224.2   
235.9   
253.6   
270.3   
279.9   
291.6   
312.7   
324.9   
335.6   
349.3   
364.3   
379.9   
393.2   
424.8   
440.3   
455     
467.4   
479.7   
494     
510.3   
524.5   
537.7   
548.2   
561     
572     
582.9   
594.6   
609.3   
621.6   
633.1   
647.2   
661.3   
676.6   
689.3   
701.9   
711.8   
728.7   
742.8   
754.4   
770     
786.1   
802.8   
818.6   
830.2   
845.2   
862.5   
875.4   
888.6   
900.3   
913.1   
928     
944.7   
982.3   
996.1   
