
SWEPT_VAR_1 = 5.0    // Syn: Source PP \ NetStim \ PARAMETER \ interval (ms)

t
ms
loc = s( 0.55 )
thresh = 0.0 (mV)
6.4     
18.6    
30.9    
43.4    
55.9    
67.9    
79.9    
91.8    
104.1   
116     
127.6   
139.7   
152     
164.4   
176.4   
187.7   
199.6   
211.9   
224     
236     
247.9   
260.1   
272.7   
284.9   
297     
309.2   
321.1   
333.1   
345.2   
357.7   
370.5   
383.2   
395.1   
407.2   
419.3   
431     
442.7   
455.3   
467.5   
479.8   
492     
504.3   
515.8   
528.1   
539.9   
551.9   
563.5   
575.3   
587.7   
599.8   
611.6   
624     
636.4   
648.7   
661.1   
673.8   
686.1   
698.1   
709.5   
721.2   
732.8   
744.3   
756.1   
768.5   
780.7   
792.5   
804.8   
816.4   
828.6   
840.3   
852.3   
863.9   
875.8   
888.3   
900.2   
912.9   
924.4   
936.1   
948.2   
960.2   
972.7   
985.1   
997.7   
