
SWEPT_VAR_1 = 25.0    // Syn: Source PP \ NetStim \ PARAMETER \ interval (ms)

t
ms
loc = s( 0.55 )
thresh = 0.0 (mV)
10.9    
21.4    
31.1    
41.7    
53.6    
65      
76.4    
88.2    
107.3   
122     
133.5   
146.2   
158.5   
168.5   
179.9   
190.6   
201.2   
212.1   
222.4   
233     
243.7   
254.3   
266.3   
277.2   
288.1   
298.7   
308.7   
318.8   
329.2   
340.1   
350.4   
360.9   
371.2   
387     
398.1   
410.9   
423.4   
435.9   
446.9   
459.1   
475     
488.9   
499.9   
512.1   
529.5   
540.4   
552.1   
562.8   
574.2   
583.8   
595.8   
606.8   
617.9   
628     
639.2   
649.5   
660.4   
671.8   
682.4   
693.1   
704.7   
715.6   
725.9   
737.4   
748.9   
760     
771.1   
781.4   
796.8   
807.6   
819     
829.5   
846.3   
862.3   
873     
883.6   
899.9   
910.1   
922.2   
933     
949.2   
965.1   
976.6   
987.5   
