
SWEPT_VAR_1 = 15.0    // Syn: Source PP \ NetStim \ PARAMETER \ interval (ms)

t
ms
loc = s( 0.55 )
thresh = 0.0 (mV)
7.6     
17.3    
42.7    
67.4    
90.5    
117.9   
144.5   
165.6   
196.1   
210.7   
224.6   
245.2   
263     
282.4   
298.7   
322.4   
352.1   
369     
401.8   
421.2   
440.3   
463.7   
484.9   
509.8   
531.9   
551.7   
573.2   
600.3   
619.3   
633.7   
652.6   
674.3   
692     
715.4   
734.3   
756.2   
783.1   
809.9   
832.5   
855.2   
876.8   
893.2   
911.9   
932.2   
960.7   
974.9   
995.2   
