
SWEPT_VAR_1 = 35.0    // Syn: Source PP \ NetStim \ PARAMETER \ interval (ms)

t
ms
loc = s( 0.55 )
thresh = 0.0 (mV)
11.3    
24.5    
34.9    
45.5    
57.7    
69.5    
86.3    
96.3    
107.9   
118.9   
130.8   
143.7   
156     
167.1   
178.7   
192.3   
205     
215.8   
230.6   
242.4   
254.5   
268.3   
281.3   
295.3   
308.9   
323.8   
339.2   
350.7   
361.8   
372.9   
385.2   
397.3   
408.2   
419.4   
430     
440.2   
450.9   
462.2   
475.4   
486.7   
496.5   
506.6   
518.4   
532.2   
544.6   
555.6   
566.1   
578     
588.5   
607.2   
621.3   
632     
645.1   
654.5   
665.8   
678.1   
691.9   
702     
714.6   
728.2   
741.6   
753.1   
765     
777.8   
788.8   
800.8   
811.2   
822.4   
832.5   
844     
854.9   
865.5   
878.9   
892.3   
902.7   
916.4   
928     
939.5   
950     
961.8   
973.3   
987.1   
997.1   
