
SWEPT_VAR_1 = 55.0    // Syn: Source PP \ NetStim \ PARAMETER \ interval (ms)

t
ms
loc = s( 0.55 )
thresh = 0.0 (mV)
31.2    
43.2    
58.8    
75.1    
95.5    
125.4   
138.3   
149.6   
163.5   
188.2   
210.5   
222.1   
236.1   
250.4   
262.1   
283.2   
313.4   
333.1   
357.3   
376.5   
407.9   
422.4   
437.4   
464.3   
479.3   
498     
515.8   
529.7   
540.4   
554.6   
577.2   
590.1   
607.1   
636.6   
655.3   
677.1   
692.2   
723.9   
738     
755.1   
773.4   
788.6   
802.7   
820.5   
845.3   
859.2   
874.8   
892.8   
906.7   
920.7   
962.4   
979.6   
994.9   
