
SWEPT_VAR_1 = 25.0    // Syn: Source PP \ NetStim \ PARAMETER \ interval (ms)

t	s.v( 0.05 )
ms	mV
0       	-64.65  
0.4     	-65.51  
0.8     	-66.35  
1.2     	-67.15  
1.6     	-67.92  
2       	-68.66  
2.4     	-69.37  
2.8     	-70.05  
3.2     	-70.7   
3.6     	-71.31  
4       	-71.88  
4.4     	-72.4   
4.8     	-72.88  
5.2     	-73.32  
5.6     	-73.73  
6       	-74.09  
6.4     	-74.42  
6.8     	-74.71  
7.2     	-74.99  
7.6     	-75.24  
8       	-75.46  
8.4     	-75.65  
8.8     	-75.79  
9.2     	-75.81  
9.6     	-75.37  
10      	-73.09  
10.4    	-62.01  
10.8    	-9.689  
11.2    	43.54   
11.6    	32.38   
12      	15.44   
12.4    	-2.468  
12.8    	-20.28  
13.2    	-39.22  
13.6    	-55.91  
14      	-66.59  
14.4    	-72.56  
14.8    	-75.86  
15.2    	-77.74  
15.6    	-78.84  
16      	-79.52  
16.4    	-79.94  
16.8    	-80.22  
17.2    	-80.39  
17.6    	-80.51  
18      	-80.58  
18.4    	-80.61  
18.8    	-80.61  
19.2    	-80.53  
19.6    	-80.2   
20      	-79.39  
20.4    	-76.8   
20.8    	-66.78  
21.2    	-28.91  
21.6    	43.16   
22      	34.95   
22.4    	18.71   
22.8    	0.8335  
23.2    	-16.86  
23.6    	-35.62  
24      	-53.03  
24.4    	-64.82  
24.8    	-71.53  
25.2    	-75.25  
25.6    	-77.36  
26      	-78.58  
26.4    	-79.32  
26.8    	-79.78  
27.2    	-80.06  
27.6    	-80.23  
28      	-80.33  
28.4    	-80.37  
28.8    	-80.33  
29.2    	-80.11  
29.6    	-79.55  
30      	-78.06  
30.4    	-72.31  
30.8    	-50.48  
31.2    	35.09   
31.6    	39.99   
32      	25.73   
32.4    	8.139   
32.8    	-9.571  
33.2    	-27.83  
33.6    	-46.36  
34      	-60.72  
34.4    	-69.24  
34.8    	-73.97  
35.2    	-76.62  
35.6    	-78.13  
36      	-79.03  
36.4    	-79.57  
36.8    	-79.91  
37.2    	-80.12  
37.6    	-80.25  
38      	-80.32  
38.4    	-80.34  
38.8    	-80.33  
39.2    	-80.28  
39.6    	-80.14  
40      	-79.76  
40.4    	-78.88  
40.8    	-75.84  
41.2    	-63.83  
41.6    	-16.06  
42      	43.22   
42.4    	32.93   
42.8    	16.22   
43.2    	-1.644  
43.6    	-19.4   
44      	-38.23  
44.4    	-55.05  
44.8    	-66     
45.2    	-72.16  
45.6    	-75.58  
46      	-77.51  
46.4    	-78.63  
46.8    	-79.3   
47.2    	-79.7   
47.6    	-79.94  
48      	-80.08  
48.4    	-80.16  
48.8    	-80.17  
49.2    	-80.15  
49.6    	-80.09  
50      	-80.01  
50.4    	-79.91  
50.8    	-79.79  
51.2    	-79.64  
51.6    	-79.42  
52      	-79     
52.4    	-78.03  
52.8    	-74.43  
53.2    	-59.58  
53.6    	7.971   
54      	42.71   
54.4    	30.49   
54.8    	13.34   
55.2    	-4.506  
55.6    	-22.41  
56      	-41.28  
56.4    	-57.32  
56.8    	-67.32  
57.2    	-72.91  
57.6    	-76.01  
58      	-77.77  
58.4    	-78.81  
58.8    	-79.44  
59.2    	-79.83  
59.6    	-80.07  
60      	-80.2   
60.4    	-80.26  
60.8    	-80.28  
61.2    	-80.26  
61.6    	-80.21  
62      	-80.13  
62.4    	-80.02  
62.8    	-79.85  
63.2    	-79.5   
63.6    	-78.85  
64      	-77.03  
64.4    	-69.64  
64.8    	-40.91  
65.2    	41.81   
65.6    	37.67   
66      	22.18   
66.4    	4.356   
66.8    	-13.32  
67.2    	-31.88  
67.6    	-49.97  
68      	-62.99  
68.4    	-70.5   
68.8    	-74.65  
69.2    	-76.98  
69.6    	-78.32  
70      	-79.12  
70.4    	-79.61  
70.8    	-79.92  
71.2    	-80.1   
71.6    	-80.21  
72      	-80.27  
72.4    	-80.28  
72.8    	-80.26  
73.2    	-80.22  
73.6    	-80.15  
74      	-80.04  
74.4    	-79.83  
74.8    	-79.38  
75.2    	-78.38  
75.6    	-74.81  
76      	-60.35  
76.4    	3.575   
76.8    	42.81   
77.2    	30.88   
77.6    	13.8    
78      	-4.05   
78.4    	-21.92  
78.8    	-40.78  
79.2    	-56.94  
79.6    	-67.09  
80      	-72.77  
80.4    	-75.91  
80.8    	-77.7   
81.2    	-78.74  
81.6    	-79.37  
82      	-79.76  
82.4    	-79.99  
82.8    	-80.13  
83.2    	-80.2   
83.6    	-80.24  
84      	-80.23  
84.4    	-80.2   
84.8    	-80.13  
85.2    	-80.03  
85.6    	-79.89  
86      	-79.69  
86.4    	-79.32  
86.8    	-78.59  
87.2    	-76.31  
87.6    	-66.98  
88      	-30.36  
88.4    	43.3    
88.8    	35.35   
89.2    	19.15   
89.6    	1.267   
90      	-16.41  
90.4    	-35.15  
90.8    	-52.67  
91.2    	-64.62  
91.6    	-71.41  
92      	-75.17  
92.4    	-77.29  
92.8    	-78.52  
93.2    	-79.26  
93.6    	-79.72  
94      	-80     
94.4    	-80.18  
94.8    	-80.28  
95.2    	-80.33  
95.6    	-80.35  
96      	-80.34  
96.4    	-80.31  
96.8    	-80.26  
97.2    	-80.19  
97.6    	-80.09  
98      	-79.98  
98.4    	-79.85  
98.8    	-79.71  
99.2    	-79.57  
99.6    	-79.42  
100     	-79.27  
100.4   	-79.13  
100.8   	-78.99  
101.2   	-78.86  
101.6   	-78.74  
102     	-78.63  
102.4   	-78.52  
102.8   	-78.42  
103.2   	-78.3   
103.6   	-78.18  
104     	-78.05  
104.4   	-77.91  
104.8   	-77.75  
105.2   	-77.57  
105.6   	-77.28  
106     	-76.64  
106.4   	-74.27  
106.8   	-63.48  
107.2   	-15.9   
107.6   	43.68   
108     	33.2    
108.4   	16.42   
108.8   	-1.478  
109.2   	-19.22  
109.6   	-38.09  
110     	-55     
110.4   	-66.01  
110.8   	-72.19  
111.2   	-75.6   
111.6   	-77.53  
112     	-78.65  
112.4   	-79.32  
112.8   	-79.72  
113.2   	-79.96  
113.6   	-80.09  
114     	-80.15  
114.4   	-80.16  
114.8   	-80.12  
115.2   	-80.06  
115.6   	-79.97  
116     	-79.86  
116.4   	-79.75  
116.8   	-79.62  
117.2   	-79.49  
117.6   	-79.36  
118     	-79.21  
118.4   	-79.06  
118.8   	-78.9   
119.2   	-78.72  
119.6   	-78.53  
120     	-78.29  
120.4   	-77.89  
120.8   	-77.03  
121.2   	-73.73  
121.6   	-59.29  
122     	9.364   
122.4   	42.83   
122.8   	30.47   
123.2   	13.27   
123.6   	-4.581  
124     	-22.49  
124.4   	-41.38  
124.8   	-57.42  
125.2   	-67.39  
125.6   	-72.95  
126     	-76.04  
126.4   	-77.79  
126.8   	-78.82  
127.2   	-79.44  
127.6   	-79.82  
128     	-80.06  
128.4   	-80.2   
128.8   	-80.29  
129.2   	-80.33  
129.6   	-80.33  
130     	-80.31  
130.4   	-80.27  
130.8   	-80.19  
131.2   	-80.04  
131.6   	-79.77  
132     	-79.22  
132.4   	-77.89  
132.8   	-72.71  
133.2   	-52.2   
133.6   	33.4    
134     	40.72   
134.4   	26.68   
134.8   	9.119   
135.2   	-8.626  
135.6   	-26.82  
136     	-45.48  
136.4   	-60.19  
136.8   	-68.96  
137.2   	-73.83  
137.6   	-76.56  
138     	-78.13  
138.4   	-79.07  
138.8   	-79.66  
139.2   	-80.03  
139.6   	-80.27  
140     	-80.43  
140.4   	-80.54  
140.8   	-80.6   
141.2   	-80.63  
141.6   	-80.62  
142     	-80.59  
142.4   	-80.55  
142.8   	-80.5   
143.2   	-80.44  
143.6   	-80.37  
144     	-80.27  
144.4   	-80.03  
144.8   	-79.37  
145.2   	-77.33  
145.6   	-69.22  
146     	-38.22  
146.4   	42.55   
146.8   	37.12   
147.2   	21.4    
147.6   	3.54    
148     	-14.14  
148.4   	-32.78  
148.8   	-50.75  
149.2   	-63.5   
149.6   	-70.81  
150     	-74.86  
150.4   	-77.15  
150.8   	-78.48  
151.2   	-79.28  
151.6   	-79.79  
152     	-80.12  
152.4   	-80.34  
152.8   	-80.47  
153.2   	-80.55  
153.6   	-80.59  
154     	-80.6   
154.4   	-80.58  
154.8   	-80.53  
155.2   	-80.48  
155.6   	-80.4   
156     	-80.32  
156.4   	-80.21  
156.8   	-79.91  
157.2   	-79.12  
157.6   	-76.46  
158     	-65.91  
158.4   	-24.79  
158.8   	43.55   
159.2   	34.44   
159.6   	18      
160     	0.09942 
160.4   	-17.63  
160.8   	-36.45  
161.2   	-53.73  
161.6   	-65.27  
162     	-71.79  
162.4   	-75.42  
162.8   	-77.46  
163.2   	-78.66  
163.6   	-79.38  
164     	-79.83  
164.4   	-80.1   
164.8   	-80.27  
165.2   	-80.37  
165.6   	-80.41  
166     	-80.4   
166.4   	-80.25  
166.8   	-79.83  
167.2   	-78.95  
167.6   	-76.04  
168     	-64.65  
168.4   	-20.48  
168.8   	43.15   
169.2   	33.46   
169.6   	16.89   
170     	-0.9773 
170.4   	-18.71  
170.8   	-37.52  
171.2   	-54.5   
171.6   	-65.66  
172     	-71.97  
172.4   	-75.46  
172.8   	-77.43  
173.2   	-78.58  
173.6   	-79.26  
174     	-79.68  
174.4   	-79.93  
174.8   	-80.08  
175.2   	-80.15  
175.6   	-80.17  
176     	-80.15  
176.4   	-80.09  
176.8   	-80.02  
177.2   	-79.93  
177.6   	-79.81  
178     	-79.58  
178.4   	-79.07  
178.8   	-77.74  
179.2   	-72.45  
179.6   	-51.46  
180     	34.46   
180.4   	40.51   
180.8   	26.34   
181.2   	8.75    
181.6   	-8.99   
182     	-27.22  
182.4   	-45.85  
182.8   	-60.44  
183.2   	-69.09  
183.6   	-73.9   
184     	-76.58  
184.4   	-78.12  
184.8   	-79.03  
185.2   	-79.58  
185.6   	-79.93  
186     	-80.15  
186.4   	-80.27  
186.8   	-80.34  
187.2   	-80.36  
187.6   	-80.36  
188     	-80.32  
188.4   	-80.21  
188.8   	-79.91  
189.2   	-79.21  
189.6   	-77.06  
190     	-68.58  
190.4   	-36.4   
190.8   	42.56   
191.2   	36.5    
191.6   	20.67   
192     	2.825   
192.4   	-14.84  
192.8   	-33.49  
193.2   	-51.31  
193.6   	-63.81  
194     	-70.96  
194.4   	-74.93  
194.8   	-77.16  
195.2   	-78.45  
195.6   	-79.23  
196     	-79.71  
196.4   	-80.01  
196.8   	-80.19  
197.2   	-80.29  
197.6   	-80.34  
198     	-80.34  
198.4   	-80.31  
198.8   	-80.22  
199.2   	-80     
199.6   	-79.54  
200     	-78.47  
200.4   	-74.56  
200.8   	-59.06  
201.2   	10.36   
201.6   	42.42   
202     	30.09   
202.4   	12.92   
202.8   	-4.897  
203.2   	-22.81  
203.6   	-41.64  
204     	-57.55  
204.4   	-67.44  
204.8   	-72.96  
205.2   	-76.03  
205.6   	-77.77  
206     	-78.79  
206.4   	-79.4   
206.8   	-79.78  
207.2   	-80.01  
207.6   	-80.14  
208     	-80.21  
208.4   	-80.23  
208.8   	-80.2   
209.2   	-80.14  
209.6   	-80.04  
210     	-79.84  
210.4   	-79.42  
210.8   	-78.45  
211.2   	-74.96  
211.6   	-60.93  
212     	-0.2752 
212.4   	42.84   
212.8   	31.18   
213.2   	14.16   
213.6   	-3.686  
214     	-21.53  
214.4   	-40.38  
214.8   	-56.65  
215.2   	-66.92  
215.6   	-72.67  
216     	-75.86  
216.4   	-77.67  
216.8   	-78.73  
217.2   	-79.37  
217.6   	-79.76  
218     	-80     
218.4   	-80.12  
218.8   	-80.17  
219.2   	-80.15  
219.6   	-80.08  
220     	-79.96  
220.4   	-79.76  
220.8   	-79.33  
221.2   	-78.32  
221.6   	-74.61  
222     	-59.76  
222.4   	5.968   
222.8   	42.54   
223.2   	30.48   
223.6   	13.38   
224     	-4.454  
224.4   	-22.35  
224.8   	-41.19  
225.2   	-57.23  
225.6   	-67.26  
226     	-72.87  
226.4   	-75.99  
226.8   	-77.77  
227.2   	-78.8   
227.6   	-79.42  
228     	-79.8   
228.4   	-80.03  
228.8   	-80.17  
229.2   	-80.25  
229.6   	-80.28  
230     	-80.27  
230.4   	-80.21  
230.8   	-80.08  
231.2   	-79.76  
231.6   	-79.02  
232     	-76.61  
232.4   	-67.12  
232.8   	-30.83  
233.2   	43.06   
233.6   	35.3    
234     	19.14   
234.4   	1.275   
234.8   	-16.4   
235.2   	-35.13  
235.6   	-52.63  
236     	-64.58  
236.4   	-71.38  
236.8   	-75.14  
237.2   	-77.26  
237.6   	-78.48  
238     	-79.21  
238.4   	-79.65  
238.8   	-79.91  
239.2   	-80.06  
239.6   	-80.13  
240     	-80.15  
240.4   	-80.12  
240.8   	-80.05  
241.2   	-79.91  
241.6   	-79.67  
242     	-79.22  
242.4   	-78.37  
242.8   	-75.55  
243.2   	-64.06  
243.6   	-17.72  
244     	43.29   
244.4   	33.18   
244.8   	16.51   
245.2   	-1.364  
245.6   	-19.11  
246     	-37.95  
246.4   	-54.85  
246.8   	-65.9   
247.2   	-72.12  
247.6   	-75.58  
248     	-77.54  
248.4   	-78.69  
248.8   	-79.39  
249.2   	-79.83  
249.6   	-80.12  
250     	-80.3   
250.4   	-80.4   
250.8   	-80.45  
251.2   	-80.46  
251.6   	-80.43  
252     	-80.33  
252.4   	-80.1   
252.8   	-79.57  
253.2   	-78.2   
253.6   	-72.95  
254     	-52.59  
254.4   	32.47   
254.8   	40.72   
255.2   	26.79   
255.6   	9.259   
256     	-8.48   
256.4   	-26.65  
256.8   	-45.3   
257.2   	-60.05  
257.6   	-68.86  
258     	-73.76  
258.4   	-76.49  
258.8   	-78.06  
259.2   	-79     
259.6   	-79.58  
260     	-79.94  
260.4   	-80.16  
260.8   	-80.31  
261.2   	-80.4   
261.6   	-80.44  
262     	-80.45  
262.4   	-80.44  
262.8   	-80.4   
263.2   	-80.34  
263.6   	-80.26  
264     	-80.14  
264.4   	-79.92  
264.8   	-79.4   
265.2   	-78.01  
265.6   	-72.54  
266     	-51.09  
266.4   	35.12   
266.8   	40.46   
267.2   	26.2    
267.6   	8.599   
268     	-9.134  
268.4   	-27.36  
268.8   	-45.97  
269.2   	-60.5   
269.6   	-69.11  
270     	-73.9   
270.4   	-76.57  
270.8   	-78.1   
271.2   	-79.01  
271.6   	-79.58  
272     	-79.93  
272.4   	-80.16  
272.8   	-80.29  
273.2   	-80.37  
273.6   	-80.41  
274     	-80.42  
274.4   	-80.41  
274.8   	-80.35  
275.2   	-80.18  
275.6   	-79.73  
276     	-78.64  
276.4   	-74.67  
276.8   	-59.03  
277.2   	10.94   
277.6   	42.45   
278     	30.08   
278.4   	12.9    
278.8   	-4.928  
279.2   	-22.86  
279.6   	-41.7   
280     	-57.6   
280.4   	-67.48  
280.8   	-73     
281.2   	-76.06  
281.6   	-77.81  
282     	-78.84  
282.4   	-79.46  
282.8   	-79.85  
283.2   	-80.08  
283.6   	-80.22  
284     	-80.29  
284.4   	-80.31  
284.8   	-80.3   
285.2   	-80.24  
285.6   	-80.14  
286     	-79.95  
286.4   	-79.53  
286.8   	-78.58  
287.2   	-75.21  
287.6   	-61.73  
288     	-4.794  
288.4   	42.97   
288.8   	31.63   
289.2   	14.69   
289.6   	-3.159  
290     	-20.97  
290.4   	-39.82  
290.8   	-56.23  
291.2   	-66.68  
291.6   	-72.55  
292     	-75.8   
292.4   	-77.65  
292.8   	-78.74  
293.2   	-79.4   
293.6   	-79.82  
294     	-80.08  
294.4   	-80.25  
294.8   	-80.35  
295.2   	-80.41  
295.6   	-80.42  
296     	-80.4   
296.4   	-80.31  
296.8   	-80.03  
297.2   	-79.42  
297.6   	-77.77  
298     	-71.33  
298.4   	-46.71  
298.8   	38.89   
299.2   	39.04   
299.6   	24.18   
300     	6.473   
300.4   	-11.19  
300.8   	-29.57  
301.2   	-47.93  
301.6   	-61.73  
302     	-69.81  
302.4   	-74.3   
302.8   	-76.82  
303.2   	-78.27  
303.6   	-79.15  
304     	-79.7   
304.4   	-80.05  
304.8   	-80.27  
305.2   	-80.4   
305.6   	-80.48  
306     	-80.5   
306.4   	-80.45  
306.8   	-80.23  
307.2   	-79.68  
307.6   	-78.22  
308     	-72.64  
308.4   	-51.38  
308.8   	34.08   
309.2   	40.3    
309.6   	26.18   
310     	8.609   
310.4   	-9.112  
310.8   	-27.33  
311.2   	-45.91  
311.6   	-60.43  
312     	-69.06  
312.4   	-73.86  
312.8   	-76.54  
313.2   	-78.09  
313.6   	-79.01  
314     	-79.57  
314.4   	-79.92  
314.8   	-80.13  
315.2   	-80.25  
315.6   	-80.31  
316     	-80.3   
316.4   	-80.22  
316.8   	-79.99  
317.2   	-79.49  
317.6   	-78.33  
318     	-74.06  
318.4   	-57.29  
318.8   	18.35   
319.2   	41.88   
319.6   	29.06   
320     	11.78   
320.4   	-6.002  
320.8   	-23.98  
321.2   	-42.75  
321.6   	-58.31  
322     	-67.87  
322.4   	-73.2   
322.8   	-76.18  
323.2   	-77.87  
323.6   	-78.88  
324     	-79.48  
324.4   	-79.86  
324.8   	-80.09  
325.2   	-80.22  
325.6   	-80.29  
326     	-80.3   
326.4   	-80.27  
326.8   	-80.18  
327.2   	-79.98  
327.6   	-79.51  
328     	-78.39  
328.4   	-74.21  
328.8   	-57.75  
329.2   	16.68   
329.6   	42.06   
330     	29.35   
330.4   	12.09   
330.8   	-5.71   
331.2   	-23.68  
331.6   	-42.48  
332     	-58.13  
332.4   	-67.77  
332.8   	-73.15  
333.2   	-76.15  
333.6   	-77.85  
334     	-78.86  
334.4   	-79.47  
334.8   	-79.85  
335.2   	-80.09  
335.6   	-80.24  
336     	-80.32  
336.4   	-80.36  
336.8   	-80.35  
337.2   	-80.31  
337.6   	-80.21  
338     	-80.01  
338.4   	-79.56  
338.8   	-78.57  
339.2   	-75.06  
339.6   	-61.08  
340     	-0.9472 
340.4   	42.87   
340.8   	31.25   
341.2   	14.24   
341.6   	-3.601  
342     	-21.44  
342.4   	-40.29  
342.8   	-56.58  
343.2   	-66.88  
343.6   	-72.66  
344     	-75.87  
344.4   	-77.69  
344.8   	-78.75  
345.2   	-79.4   
345.6   	-79.79  
346     	-80.02  
346.4   	-80.14  
346.8   	-80.18  
347.2   	-80.17  
347.6   	-80.11  
348     	-79.99  
348.4   	-79.72  
348.8   	-79.21  
349.2   	-78.22  
349.6   	-74.73  
350     	-60.62  
350.4   	0.9122  
350.8   	42.72   
351.2   	30.98   
351.6   	13.95   
352     	-3.889  
352.4   	-21.74  
352.8   	-40.58  
353.2   	-56.78  
353.6   	-66.99  
354     	-72.71  
354.4   	-75.89  
354.8   	-77.69  
355.2   	-78.75  
355.6   	-79.39  
356     	-79.78  
356.4   	-80.03  
356.8   	-80.17  
357.2   	-80.24  
357.6   	-80.25  
358     	-80.21  
358.4   	-80.14  
358.8   	-79.97  
359.2   	-79.58  
359.6   	-78.71  
360     	-75.76  
360.4   	-64.03  
360.8   	-17.37  
361.2   	43.22   
361.6   	33.09   
362     	16.42   
362.4   	-1.448  
362.8   	-19.19  
363.2   	-38.01  
363.6   	-54.87  
364     	-65.88  
364.4   	-72.09  
364.8   	-75.52  
365.2   	-77.46  
365.6   	-78.59  
366     	-79.26  
366.4   	-79.68  
366.8   	-79.94  
367.2   	-80.08  
367.6   	-80.15  
368     	-80.15  
368.4   	-80.09  
368.8   	-79.97  
369.2   	-79.74  
369.6   	-79.26  
370     	-78.26  
370.4   	-74.65  
370.8   	-60.14  
371.2   	3.658   
371.6   	42.61   
372     	30.7    
372.4   	13.63   
372.8   	-4.205  
373.2   	-22.08  
373.6   	-40.92  
374     	-57.02  
374.4   	-67.13  
374.8   	-72.79  
375.2   	-75.92  
375.6   	-77.7   
376     	-78.75  
376.4   	-79.38  
376.8   	-79.77  
377.2   	-80.01  
377.6   	-80.15  
378     	-80.23  
378.4   	-80.25  
378.8   	-80.23  
379.2   	-80.18  
379.6   	-80.12  
380     	-80.03  
380.4   	-79.94  
380.8   	-79.83  
381.2   	-79.73  
381.6   	-79.61  
382     	-79.48  
382.4   	-79.35  
382.8   	-79.2   
383.2   	-79.04  
383.6   	-78.87  
384     	-78.67  
384.4   	-78.46  
384.8   	-78.23  
385.2   	-77.91  
385.6   	-77.3   
386     	-75.32  
386.4   	-66.58  
386.8   	-30.17  
387.2   	43.56   
387.6   	35.46   
388     	19.2    
388.4   	1.293   
388.8   	-16.39  
389.2   	-35.15  
389.6   	-52.7   
390     	-64.65  
390.4   	-71.44  
390.8   	-75.19  
391.2   	-77.29  
391.6   	-78.51  
392     	-79.25  
392.4   	-79.71  
392.8   	-79.99  
393.2   	-80.17  
393.6   	-80.28  
394     	-80.33  
394.4   	-80.36  
394.8   	-80.35  
395.2   	-80.3   
395.6   	-80.21  
396     	-80.03  
396.4   	-79.6   
396.8   	-78.63  
397.2   	-75.27  
397.6   	-61.83  
398     	-5.071  
398.4   	43.03   
398.8   	31.7    
399.2   	14.76   
399.6   	-3.091  
400     	-20.9   
400.4   	-39.74  
400.8   	-56.16  
401.2   	-66.63  
401.6   	-72.5   
402     	-75.76  
402.4   	-77.6   
402.8   	-78.68  
403.2   	-79.33  
403.6   	-79.72  
404     	-79.96  
404.4   	-80.09  
404.8   	-80.14  
405.2   	-80.14  
405.6   	-80.09  
406     	-80.01  
406.4   	-79.9   
406.8   	-79.76  
407.2   	-79.59  
407.6   	-79.39  
408     	-79.18  
408.4   	-78.94  
408.8   	-78.64  
409.2   	-78.22  
409.6   	-77.45  
410     	-74.89  
410.4   	-63.8   
410.8   	-16.79  
411.2   	43.54   
411.6   	33.23   
412     	16.51   
412.4   	-1.384  
412.8   	-19.13  
413.2   	-37.98  
413.6   	-54.9   
414     	-65.93  
414.4   	-72.14  
414.8   	-75.58  
415.2   	-77.52  
415.6   	-78.65  
416     	-79.34  
416.4   	-79.76  
416.8   	-80.02  
417.2   	-80.17  
417.6   	-80.26  
418     	-80.3   
418.4   	-80.3   
418.8   	-80.28  
419.2   	-80.22  
419.6   	-80.13  
420     	-80.01  
420.4   	-79.86  
420.8   	-79.69  
421.2   	-79.48  
421.6   	-79.14  
422     	-78.52  
422.4   	-76.83  
422.8   	-69.84  
423.2   	-42.08  
423.6   	41.6    
424     	38.05   
424.4   	22.64   
424.8   	4.82    
425.2   	-12.86  
425.6   	-31.38  
426     	-49.56  
426.4   	-62.76  
426.8   	-70.38  
427.2   	-74.6   
427.6   	-76.96  
428     	-78.32  
428.4   	-79.13  
428.8   	-79.62  
429.2   	-79.92  
429.6   	-80.09  
430     	-80.19  
430.4   	-80.24  
430.8   	-80.24  
431.2   	-80.21  
431.6   	-80.15  
432     	-80.06  
432.4   	-79.96  
432.8   	-79.84  
433.2   	-79.69  
433.6   	-79.5   
434     	-79.23  
434.4   	-78.71  
434.8   	-77.35  
435.2   	-71.84  
435.6   	-49.62  
436     	36.87   
436.4   	40.08   
436.8   	25.57   
437.2   	7.91    
437.6   	-9.808  
438     	-28.09  
438.4   	-46.65  
438.8   	-60.94  
439.2   	-69.37  
439.6   	-74.04  
440     	-76.64  
440.4   	-78.14  
440.8   	-79.03  
441.2   	-79.58  
441.6   	-79.92  
442     	-80.12  
442.4   	-80.23  
442.8   	-80.27  
443.2   	-80.25  
443.6   	-80.2   
444     	-80.1   
444.4   	-79.96  
444.8   	-79.73  
445.2   	-79.31  
445.6   	-78.39  
446     	-75.11  
446.4   	-61.83  
446.8   	-5.472  
447.2   	43.01   
447.6   	31.71   
448     	14.78   
448.4   	-3.07   
448.8   	-20.88  
449.2   	-39.72  
449.6   	-56.15  
450     	-66.63  
450.4   	-72.51  
450.8   	-75.78  
451.2   	-77.63  
451.6   	-78.72  
452     	-79.38  
452.4   	-79.78  
452.8   	-80.02  
453.2   	-80.14  
453.6   	-80.19  
454     	-80.19  
454.4   	-80.14  
454.8   	-80.06  
455.2   	-79.94  
455.6   	-79.8   
456     	-79.63  
456.4   	-79.43  
456.8   	-79.17  
457.2   	-78.8   
457.6   	-78.19  
458     	-76.64  
458.4   	-70.12  
458.8   	-43.8   
459.2   	40.9    
459.6   	38.45   
460     	23.21   
460.4   	5.423   
460.8   	-12.25  
461.2   	-30.71  
461.6   	-48.96  
462     	-62.38  
462.4   	-70.15  
462.8   	-74.45  
463.2   	-76.85  
463.6   	-78.22  
464     	-79.03  
464.4   	-79.51  
464.8   	-79.81  
465.2   	-79.98  
465.6   	-80.06  
466     	-80.09  
466.4   	-80.07  
466.8   	-80.02  
467.2   	-79.95  
467.6   	-79.87  
468     	-79.77  
468.4   	-79.66  
468.8   	-79.54  
469.2   	-79.42  
469.6   	-79.29  
470     	-79.16  
470.4   	-79.01  
470.8   	-78.87  
471.2   	-78.71  
471.6   	-78.54  
472     	-78.36  
472.4   	-78.17  
472.8   	-77.94  
473.2   	-77.61  
473.6   	-77.03  
474     	-75.31  
474.4   	-67.58  
474.8   	-35.09  
475.2   	43.16   
475.6   	36.45   
476     	20.44   
476.4   	2.557   
476.8   	-15.1   
477.2   	-33.76  
477.6   	-51.56  
478     	-63.97  
478.4   	-71.04  
478.8   	-74.94  
479.2   	-77.13  
479.6   	-78.39  
480     	-79.15  
480.4   	-79.6   
480.8   	-79.88  
481.2   	-80.04  
481.6   	-80.12  
482     	-80.13  
482.4   	-80.09  
482.8   	-80.02  
483.2   	-79.92  
483.6   	-79.8   
484     	-79.65  
484.4   	-79.49  
484.8   	-79.31  
485.2   	-79.13  
485.6   	-78.93  
486     	-78.73  
486.4   	-78.5   
486.8   	-78.22  
487.2   	-77.81  
487.6   	-77.13  
488     	-75.03  
488.4   	-65.66  
488.8   	-26.29  
489.2   	43.66   
489.6   	34.74   
490     	18.31   
490.4   	0.4014  
490.8   	-17.31  
491.2   	-36.12  
491.6   	-53.48  
492     	-65.12  
492.4   	-71.7   
492.8   	-75.34  
493.2   	-77.39  
493.6   	-78.59  
494     	-79.32  
494.4   	-79.77  
494.8   	-80.05  
495.2   	-80.21  
495.6   	-80.31  
496     	-80.35  
496.4   	-80.35  
496.8   	-80.32  
497.2   	-80.25  
497.6   	-80.11  
498     	-79.81  
498.4   	-79.22  
498.8   	-77.78  
499.2   	-72.15  
499.6   	-50.13  
500     	36.04   
500.4   	40.09   
500.8   	25.71   
501.2   	8.082   
501.6   	-9.635  
502     	-27.9   
502.4   	-46.45  
502.8   	-60.8   
503.2   	-69.28  
503.6   	-73.99  
504     	-76.61  
504.4   	-78.11  
504.8   	-79     
505.2   	-79.53  
505.6   	-79.86  
506     	-80.06  
506.4   	-80.17  
506.8   	-80.21  
507.2   	-80.2   
507.6   	-80.16  
508     	-80.07  
508.4   	-79.95  
508.8   	-79.8   
509.2   	-79.61  
509.6   	-79.36  
510     	-79     
510.4   	-78.49  
510.8   	-77.73  
511.2   	-75.39  
511.6   	-65.38  
512     	-24.27  
512.4   	43.56   
512.8   	34.33   
513.2   	17.85   
513.6   	-0.05106
514     	-17.77  
514.4   	-36.59  
514.8   	-53.84  
515.2   	-65.33  
515.6   	-71.82  
516     	-75.41  
516.4   	-77.45  
516.8   	-78.64  
517.2   	-79.36  
517.6   	-79.81  
518     	-80.09  
518.4   	-80.27  
518.8   	-80.37  
519.2   	-80.42  
519.6   	-80.43  
520     	-80.4   
520.4   	-80.35  
520.8   	-80.27  
521.2   	-80.18  
521.6   	-80.06  
522     	-79.93  
522.4   	-79.79  
522.8   	-79.65  
523.2   	-79.5   
523.6   	-79.36  
524     	-79.23  
524.4   	-79.11  
524.8   	-79     
525.2   	-78.9   
525.6   	-78.8   
526     	-78.71  
526.4   	-78.6   
526.8   	-78.47  
527.2   	-78.31  
527.6   	-78.07  
528     	-77.6   
528.4   	-76.18  
528.8   	-69.91  
529.2   	-43.89  
529.6   	41.1    
530     	38.61   
530.4   	23.32   
530.8   	5.52    
531.2   	-12.16  
531.6   	-30.64  
532     	-48.94  
532.4   	-62.4   
532.8   	-70.19  
533.2   	-74.5   
533.6   	-76.9   
534     	-78.27  
534.4   	-79.09  
534.8   	-79.58  
535.2   	-79.87  
535.6   	-80.04  
536     	-80.12  
536.4   	-80.15  
536.8   	-80.12  
537.2   	-80.07  
537.6   	-79.98  
538     	-79.86  
538.4   	-79.64  
538.8   	-79.19  
539.2   	-78.16  
539.6   	-74.35  
540     	-58.92  
540.4   	11.13   
540.8   	42.45   
541.2   	30.06   
541.6   	12.87   
542     	-4.955  
542.4   	-22.88  
542.8   	-41.71  
543.2   	-57.6   
543.6   	-67.47  
544     	-72.98  
544.4   	-76.04  
544.8   	-77.78  
545.2   	-78.81  
545.6   	-79.44  
546     	-79.83  
546.4   	-80.08  
546.8   	-80.24  
547.2   	-80.33  
547.6   	-80.38  
548     	-80.39  
548.4   	-80.38  
548.8   	-80.34  
549.2   	-80.29  
549.6   	-80.21  
550     	-80.06  
550.4   	-79.66  
550.8   	-78.69  
551.2   	-75.18  
551.6   	-61.19  
552     	-0.9007 
552.4   	42.98   
552.8   	31.34   
553.2   	14.33   
553.6   	-3.528  
554     	-21.38  
554.4   	-40.26  
554.8   	-56.58  
555.2   	-66.91  
555.6   	-72.69  
556     	-75.91  
556.4   	-77.74  
556.8   	-78.82  
557.2   	-79.47  
557.6   	-79.88  
558     	-80.14  
558.4   	-80.3   
558.8   	-80.39  
559.2   	-80.43  
559.6   	-80.44  
560     	-80.41  
560.4   	-80.33  
560.8   	-80.1   
561.2   	-79.59  
561.6   	-78.31  
562     	-73.49  
562.4   	-54.67  
562.8   	28      
563.2   	41.28   
563.6   	27.76   
564     	10.32   
564.4   	-7.432  
564.8   	-25.52  
565.2   	-44.23  
565.6   	-59.33  
566     	-68.46  
566.4   	-73.54  
566.8   	-76.38  
567.2   	-78     
567.6   	-78.96  
568     	-79.55  
568.4   	-79.92  
568.8   	-80.15  
569.2   	-80.3   
569.6   	-80.39  
570     	-80.43  
570.4   	-80.45  
570.8   	-80.44  
571.2   	-80.4   
571.6   	-80.33  
572     	-80.2   
572.4   	-79.9   
572.8   	-79.18  
573.2   	-76.91  
573.6   	-67.92  
574     	-33.53  
574.4   	42.99   
574.8   	35.95   
575.2   	19.91   
575.6   	2.052   
576     	-15.61  
576.4   	-34.29  
576.8   	-51.95  
577.2   	-64.19  
577.6   	-71.17  
578     	-75.04  
578.4   	-77.22  
578.8   	-78.48  
579.2   	-79.24  
579.6   	-79.71  
580     	-80.01  
580.4   	-80.19  
580.8   	-80.29  
581.2   	-80.31  
581.6   	-80.19  
582     	-79.83  
582.4   	-79.14  
582.8   	-77.2   
583.2   	-69.62  
583.6   	-41.11  
584     	41.27   
584.4   	37.44   
584.8   	22.02   
585.2   	4.226   
585.6   	-13.43  
586     	-31.98  
586.4   	-50.02  
586.8   	-63     
587.2   	-70.5   
587.6   	-74.67  
588     	-77     
588.4   	-78.35  
588.8   	-79.16  
589.2   	-79.65  
589.6   	-79.95  
590     	-80.14  
590.4   	-80.23  
590.8   	-80.27  
591.2   	-80.26  
591.6   	-80.22  
592     	-80.14  
592.4   	-80.03  
592.8   	-79.9   
593.2   	-79.73  
593.6   	-79.52  
594     	-79.15  
594.4   	-78.41  
594.8   	-76.1   
595.2   	-66.53  
595.6   	-28.62  
596     	43.42   
596.4   	35.05   
596.8   	18.76   
597.2   	0.8716  
597.6   	-16.82  
598     	-35.59  
598.4   	-53.02  
598.8   	-64.83  
599.2   	-71.52  
599.6   	-75.22  
600     	-77.3   
600.4   	-78.51  
600.8   	-79.24  
601.2   	-79.68  
601.6   	-79.95  
602     	-80.11  
602.4   	-80.2   
602.8   	-80.23  
603.2   	-80.21  
603.6   	-80.17  
604     	-80.09  
604.4   	-79.96  
604.8   	-79.73  
605.2   	-79.27  
605.6   	-78.21  
606     	-74.24  
606.4   	-58.26  
606.8   	14.67   
607.2   	42.29   
607.6   	29.69   
608     	12.45   
608.4   	-5.365  
608.8   	-23.31  
609.2   	-42.15  
609.6   	-57.92  
610     	-67.66  
610.4   	-73.1   
610.8   	-76.12  
611.2   	-77.85  
611.6   	-78.87  
612     	-79.49  
612.4   	-79.86  
612.8   	-80.09  
613.2   	-80.23  
613.6   	-80.3   
614     	-80.33  
614.4   	-80.33  
614.8   	-80.29  
615.2   	-80.23  
615.6   	-80.11  
616     	-79.87  
616.4   	-79.36  
616.8   	-78.06  
617.2   	-73.03  
617.6   	-53.21  
618     	31.51   
618.4   	40.95   
618.8   	27.11   
619.2   	9.598   
619.6   	-8.155  
620     	-26.31  
620.4   	-45     
620.8   	-59.87  
621.2   	-68.77  
621.6   	-73.72  
622     	-76.48  
622.4   	-78.07  
622.8   	-79.01  
623.2   	-79.6   
623.6   	-79.96  
624     	-80.19  
624.4   	-80.32  
624.8   	-80.39  
625.2   	-80.39  
625.6   	-80.32  
626     	-80.06  
626.4   	-79.51  
626.8   	-78.19  
627.2   	-73.16  
627.6   	-53.72  
628     	29.82   
628.4   	40.91   
628.8   	27.24   
629.2   	9.775   
629.6   	-7.965  
630     	-26.09  
630.4   	-44.76  
630.8   	-59.67  
631.2   	-68.64  
631.6   	-73.64  
632     	-76.43  
632.4   	-78.04  
632.8   	-79     
633.2   	-79.58  
633.6   	-79.95  
634     	-80.18  
634.4   	-80.32  
634.8   	-80.39  
635.2   	-80.41  
635.6   	-80.38  
636     	-80.33  
636.4   	-80.26  
636.8   	-80.15  
637.2   	-79.95  
637.6   	-79.46  
638     	-78.19  
638.4   	-73.3   
638.8   	-54.03  
639.2   	29.8    
639.6   	41.18   
640     	27.5    
640.4   	10.02   
640.8   	-7.739  
641.2   	-25.86  
641.6   	-44.58  
642     	-59.58  
642.4   	-68.61  
642.8   	-73.64  
643.2   	-76.44  
643.6   	-78.06  
644     	-79.02  
644.4   	-79.61  
644.8   	-79.99  
645.2   	-80.24  
645.6   	-80.39  
646     	-80.49  
646.4   	-80.54  
646.8   	-80.54  
647.2   	-80.47  
647.6   	-80.24  
648     	-79.68  
648.4   	-78.29  
648.8   	-73     
649.2   	-52.65  
649.6   	32.25   
650     	40.7    
650.4   	26.79   
650.8   	9.265   
651.2   	-8.477  
651.6   	-26.66  
652     	-45.32  
652.4   	-60.07  
652.8   	-68.89  
653.2   	-73.79  
653.6   	-76.53  
654     	-78.1   
654.4   	-79.04  
654.8   	-79.61  
655.2   	-79.96  
655.6   	-80.18  
656     	-80.32  
656.4   	-80.39  
656.8   	-80.42  
657.2   	-80.42  
657.6   	-80.38  
658     	-80.3   
658.4   	-80.09  
658.8   	-79.59  
659.2   	-78.34  
659.6   	-73.6   
660     	-55.05  
660.4   	27.01   
660.8   	41.39   
661.2   	27.95   
661.6   	10.53   
662     	-7.227  
662.4   	-25.29  
662.8   	-44.01  
663.2   	-59.18  
663.6   	-68.36  
664     	-73.49  
664.4   	-76.34  
664.8   	-77.97  
665.2   	-78.94  
665.6   	-79.52  
666     	-79.88  
666.4   	-80.1   
666.8   	-80.23  
667.2   	-80.3   
667.6   	-80.33  
668     	-80.32  
668.4   	-80.28  
668.8   	-80.21  
669.2   	-80.12  
669.6   	-79.98  
670     	-79.68  
670.4   	-78.97  
670.8   	-76.69  
671.2   	-67.54  
671.6   	-32.24  
672     	43.12   
672.4   	35.69   
672.8   	19.58   
673.2   	1.712   
673.6   	-15.96  
674     	-34.67  
674.4   	-52.27  
674.8   	-64.38  
675.2   	-71.28  
675.6   	-75.11  
676     	-77.27  
676.4   	-78.53  
676.8   	-79.29  
677.2   	-79.77  
677.6   	-80.08  
678     	-80.28  
678.4   	-80.4   
678.8   	-80.46  
679.2   	-80.47  
679.6   	-80.44  
680     	-80.36  
680.4   	-80.14  
680.8   	-79.66  
681.2   	-78.59  
681.6   	-74.76  
682     	-59.58  
682.4   	7.626   
682.8   	42.54   
683.2   	30.38   
683.6   	13.25   
684     	-4.581  
684.4   	-22.48  
684.8   	-41.33  
685.2   	-57.34  
685.6   	-67.33  
686     	-72.91  
686.4   	-76.02  
686.8   	-77.79  
687.2   	-78.83  
687.6   	-79.46  
688     	-79.85  
688.4   	-80.09  
688.8   	-80.23  
689.2   	-80.31  
689.6   	-80.34  
690     	-80.34  
690.4   	-80.29  
690.8   	-80.18  
691.2   	-79.92  
691.6   	-79.34  
692     	-77.72  
692.4   	-71.33  
692.8   	-46.84  
693.2   	38.8    
693.6   	39.08   
694     	24.23   
694.4   	6.53    
694.8   	-11.13  
695.2   	-29.49  
695.6   	-47.85  
696     	-61.66  
696.4   	-69.75  
696.8   	-74.24  
697.2   	-76.75  
697.6   	-78.19  
698     	-79.04  
698.4   	-79.56  
698.8   	-79.87  
699.2   	-80.06  
699.6   	-80.16  
700     	-80.21  
700.4   	-80.21  
700.8   	-80.17  
701.2   	-80.1   
701.6   	-80     
702     	-79.86  
702.4   	-79.67  
702.8   	-79.34  
703.2   	-78.72  
703.6   	-77.06  
704     	-70.26  
704.4   	-43.54  
704.8   	40.92   
705.2   	38.34   
705.6   	23.09   
706     	5.305   
706.4   	-12.37  
706.8   	-30.85  
707.2   	-49.08  
707.6   	-62.46  
708     	-70.22  
708.4   	-74.52  
708.8   	-76.93  
709.2   	-78.32  
709.6   	-79.16  
710     	-79.67  
710.4   	-79.99  
710.8   	-80.18  
711.2   	-80.29  
711.6   	-80.34  
712     	-80.36  
712.4   	-80.34  
712.8   	-80.28  
713.2   	-80.17  
713.6   	-79.96  
714     	-79.47  
714.4   	-78.25  
714.8   	-73.61  
715.2   	-55.32  
715.6   	26.24   
716     	41.47   
716.4   	28.09   
716.8   	10.68   
717.2   	-7.082  
717.6   	-25.14  
718     	-43.86  
718.4   	-59.07  
718.8   	-68.3   
719.2   	-73.44  
719.6   	-76.3   
720     	-77.92  
720.4   	-78.88  
720.8   	-79.46  
721.2   	-79.81  
721.6   	-80.02  
722     	-80.13  
722.4   	-80.17  
722.8   	-80.16  
723.2   	-80.08  
723.6   	-79.92  
724     	-79.57  
724.4   	-78.93  
724.8   	-77.19  
725.2   	-70.2   
725.6   	-43.34  
726     	40.7    
726.4   	38.12   
726.8   	22.89   
727.2   	5.118   
727.6   	-12.54  
728     	-31.02  
728.4   	-49.2   
728.8   	-62.5   
729.2   	-70.22  
729.6   	-74.5   
730     	-76.89  
730.4   	-78.28  
730.8   	-79.1   
731.2   	-79.6   
731.6   	-79.91  
732     	-80.1   
732.4   	-80.2   
732.8   	-80.23  
733.2   	-80.2   
733.6   	-80.14  
734     	-80.04  
734.4   	-79.91  
734.8   	-79.74  
735.2   	-79.49  
735.6   	-79.11  
736     	-78.47  
736.4   	-76.79  
736.8   	-69.84  
737.2   	-42.3   
737.6   	41.41   
738     	38.03   
738.4   	22.65   
738.8   	4.848   
739.2   	-12.82  
739.6   	-31.34  
740     	-49.51  
740.4   	-62.72  
740.8   	-70.35  
741.2   	-74.57  
741.6   	-76.94  
742     	-78.29  
742.4   	-79.09  
742.8   	-79.57  
743.2   	-79.86  
743.6   	-80.03  
744     	-80.13  
744.4   	-80.17  
744.8   	-80.16  
745.2   	-80.12  
745.6   	-80.04  
746     	-79.93  
746.4   	-79.78  
746.8   	-79.54  
747.2   	-79.1   
747.6   	-78.16  
748     	-74.78  
748.4   	-60.9   
748.8   	0.02712 
749.2   	42.92   
749.6   	31.22   
750     	14.19   
750.4   	-3.662  
750.8   	-21.51  
751.2   	-40.36  
751.6   	-56.63  
752     	-66.91  
752.4   	-72.66  
752.8   	-75.84  
753.2   	-77.64  
753.6   	-78.7   
754     	-79.33  
754.4   	-79.72  
754.8   	-79.96  
755.2   	-80.1   
755.6   	-80.17  
756     	-80.2   
756.4   	-80.19  
756.8   	-80.14  
757.2   	-80.06  
757.6   	-79.91  
758     	-79.62  
758.4   	-79.1   
758.8   	-77.99  
759.2   	-73.85  
759.6   	-57.1   
760     	19.91   
760.4   	42      
760.8   	29.05   
761.2   	11.73   
761.6   	-6.058  
762     	-24.04  
762.4   	-42.84  
762.8   	-58.39  
763.2   	-67.92  
763.6   	-73.23  
764     	-76.18  
764.4   	-77.86  
764.8   	-78.85  
765.2   	-79.45  
765.6   	-79.82  
766     	-80.05  
766.4   	-80.18  
766.8   	-80.25  
767.2   	-80.28  
767.6   	-80.26  
768     	-80.21  
768.4   	-80.12  
768.8   	-79.99  
769.2   	-79.72  
769.6   	-79.17  
770     	-77.69  
770.4   	-71.83  
770.8   	-48.92  
771.2   	37.3    
771.6   	39.75   
772     	25.18   
772.4   	7.515   
772.8   	-10.19  
773.2   	-28.49  
773.6   	-46.99  
774     	-61.15  
774.4   	-69.49  
774.8   	-74.11  
775.2   	-76.7   
775.6   	-78.18  
776     	-79.06  
776.4   	-79.6   
776.8   	-79.93  
777.2   	-80.14  
777.6   	-80.26  
778     	-80.31  
778.4   	-80.31  
778.8   	-80.24  
779.2   	-80.07  
779.6   	-79.71  
780     	-79.01  
780.4   	-76.95  
780.8   	-68.78  
781.2   	-37.64  
781.6   	42.29   
782     	36.74   
782.4   	21      
782.8   	3.167   
783.2   	-14.49  
783.6   	-33.12  
784     	-50.99  
784.4   	-63.6   
784.8   	-70.84  
785.2   	-74.85  
785.6   	-77.1   
786     	-78.4   
786.4   	-79.18  
786.8   	-79.66  
787.2   	-79.95  
787.6   	-80.12  
788     	-80.2   
788.4   	-80.23  
788.8   	-80.22  
789.2   	-80.19  
789.6   	-80.13  
790     	-80.06  
790.4   	-79.99  
790.8   	-79.92  
791.2   	-79.84  
791.6   	-79.76  
792     	-79.67  
792.4   	-79.58  
792.8   	-79.47  
793.2   	-79.34  
793.6   	-79.2   
794     	-79.05  
794.4   	-78.87  
794.8   	-78.66  
795.2   	-78.3   
795.6   	-77.45  
796     	-74.17  
796.4   	-60.09  
796.8   	5.19    
797.2   	43      
797.6   	30.9    
798     	13.77   
798.4   	-4.097  
798.8   	-21.98  
799.2   	-40.88  
799.6   	-57.06  
800     	-67.19  
800.4   	-72.86  
800.8   	-76     
801.2   	-77.78  
801.6   	-78.83  
802     	-79.47  
802.4   	-79.86  
802.8   	-80.11  
803.2   	-80.26  
803.6   	-80.35  
804     	-80.38  
804.4   	-80.38  
804.8   	-80.32  
805.2   	-80.21  
805.6   	-79.96  
806     	-79.44  
806.4   	-78.21  
806.8   	-73.61  
807.2   	-55.43  
807.6   	25.78   
808     	41.48   
808.4   	28.13   
808.8   	10.73   
809.2   	-7.029  
809.6   	-25.07  
810     	-43.79  
810.4   	-59.02  
810.8   	-68.27  
811.2   	-73.42  
811.6   	-76.3   
812     	-77.94  
812.4   	-78.92  
812.8   	-79.52  
813.2   	-79.89  
813.6   	-80.12  
814     	-80.27  
814.4   	-80.36  
814.8   	-80.4   
815.2   	-80.41  
815.6   	-80.39  
816     	-80.34  
816.4   	-80.27  
816.8   	-80.14  
817.2   	-79.83  
817.6   	-79.1   
818     	-76.78  
818.4   	-67.58  
818.8   	-32.26  
819.2   	43.11   
819.6   	35.69   
820     	19.59   
820.4   	1.725   
820.8   	-15.94  
821.2   	-34.65  
821.6   	-52.24  
822     	-64.35  
822.4   	-71.26  
822.8   	-75.08  
823.2   	-77.22  
823.6   	-78.46  
824     	-79.21  
824.4   	-79.66  
824.8   	-79.95  
825.2   	-80.12  
825.6   	-80.22  
826     	-80.26  
826.4   	-80.26  
826.8   	-80.22  
827.2   	-80.11  
827.6   	-79.85  
828     	-79.3   
828.4   	-77.95  
828.8   	-72.76  
829.2   	-52.42  
829.6   	32.69   
830     	40.67   
830.4   	26.71   
830.8   	9.169   
831.2   	-8.57   
831.6   	-26.75  
832     	-45.4   
832.4   	-60.12  
832.8   	-68.9   
833.2   	-73.78  
833.6   	-76.51  
834     	-78.08  
834.4   	-79.01  
834.8   	-79.58  
835.2   	-79.94  
835.6   	-80.17  
836     	-80.3   
836.4   	-80.37  
836.8   	-80.39  
837.2   	-80.37  
837.6   	-80.33  
838     	-80.25  
838.4   	-80.16  
838.8   	-80.05  
839.2   	-79.94  
839.6   	-79.83  
840     	-79.72  
840.4   	-79.61  
840.8   	-79.5   
841.2   	-79.38  
841.6   	-79.26  
842     	-79.14  
842.4   	-79.01  
842.8   	-78.88  
843.2   	-78.74  
843.6   	-78.59  
844     	-78.42  
844.4   	-78.19  
844.8   	-77.77  
845.2   	-76.68  
845.6   	-72.08  
846     	-52.41  
846.4   	33.42   
846.8   	40.99   
847.2   	26.91   
847.6   	9.322   
848     	-8.438  
848.4   	-26.62  
848.8   	-45.33  
849.2   	-60.11  
849.6   	-68.92  
850     	-73.8   
850.4   	-76.52  
850.8   	-78.08  
851.2   	-79.01  
851.6   	-79.58  
852     	-79.94  
852.4   	-80.16  
852.8   	-80.3   
853.2   	-80.37  
853.6   	-80.4   
854     	-80.39  
854.4   	-80.35  
854.8   	-80.3   
855.2   	-80.22  
855.6   	-80.14  
856     	-80.06  
856.4   	-79.97  
856.8   	-79.89  
857.2   	-79.8   
857.6   	-79.7   
858     	-79.6   
858.4   	-79.48  
858.8   	-79.34  
859.2   	-79.19  
859.6   	-79.04  
860     	-78.86  
860.4   	-78.62  
860.8   	-78.16  
861.2   	-76.94  
861.6   	-71.87  
862     	-50.71  
862.4   	35.85   
862.8   	40.5    
863.2   	26.13   
863.6   	8.485   
864     	-9.253  
864.4   	-27.5   
864.8   	-46.13  
865.2   	-60.63  
865.6   	-69.21  
866     	-73.96  
866.4   	-76.61  
866.8   	-78.13  
867.2   	-79.04  
867.6   	-79.59  
868     	-79.93  
868.4   	-80.15  
868.8   	-80.27  
869.2   	-80.33  
869.6   	-80.33  
870     	-80.3   
870.4   	-80.21  
870.8   	-80.02  
871.2   	-79.65  
871.6   	-78.94  
872     	-76.89  
872.4   	-68.71  
872.8   	-37.29  
873.2   	42.44   
873.6   	36.71   
874     	20.94   
874.4   	3.099   
874.8   	-14.57  
875.2   	-33.2   
875.6   	-51.07  
876     	-63.67  
876.4   	-70.89  
876.8   	-74.89  
877.2   	-77.15  
877.6   	-78.46  
878     	-79.25  
878.4   	-79.75  
878.8   	-80.05  
879.2   	-80.24  
879.6   	-80.35  
880     	-80.41  
880.4   	-80.42  
880.8   	-80.39  
881.2   	-80.3   
881.6   	-80.07  
882     	-79.58  
882.4   	-78.42  
882.8   	-74.09  
883.2   	-57.08  
883.6   	19.82   
884     	41.91   
884.4   	28.98   
884.8   	11.68   
885.2   	-6.104  
885.6   	-24.08  
886     	-42.86  
886.4   	-58.38  
886.8   	-67.9   
887.2   	-73.21  
887.6   	-76.17  
888     	-77.84  
888.4   	-78.82  
888.8   	-79.41  
889.2   	-79.76  
889.6   	-79.97  
890     	-80.08  
890.4   	-80.13  
890.8   	-80.14  
891.2   	-80.11  
891.6   	-80.05  
892     	-79.97  
892.4   	-79.88  
892.8   	-79.79  
893.2   	-79.69  
893.6   	-79.59  
894     	-79.48  
894.4   	-79.36  
894.8   	-79.24  
895.2   	-79.12  
895.6   	-79.01  
896     	-78.88  
896.4   	-78.76  
896.8   	-78.63  
897.2   	-78.5   
897.6   	-78.34  
898     	-78.11  
898.4   	-77.67  
898.8   	-76.5   
899.2   	-71.52  
899.6   	-50.35  
900     	36.27   
900.4   	40.41   
900.8   	25.97   
901.2   	8.312   
901.6   	-9.422  
902     	-27.68  
902.4   	-46.3   
902.8   	-60.75  
903.2   	-69.28  
903.6   	-74     
904     	-76.64  
904.4   	-78.16  
904.8   	-79.05  
905.2   	-79.59  
905.6   	-79.92  
906     	-80.13  
906.4   	-80.25  
906.8   	-80.31  
907.2   	-80.32  
907.6   	-80.28  
908     	-80.14  
908.4   	-79.78  
908.8   	-78.97  
909.2   	-76.38  
909.6   	-66.19  
910     	-27.14  
910.4   	43.17   
910.8   	34.58   
911.2   	18.26   
911.6   	0.3877  
912     	-17.31  
912.4   	-36.09  
912.8   	-53.39  
913.2   	-65.02  
913.6   	-71.62  
914     	-75.27  
914.4   	-77.33  
914.8   	-78.53  
915.2   	-79.24  
915.6   	-79.68  
916     	-79.95  
916.4   	-80.11  
916.8   	-80.19  
917.2   	-80.22  
917.6   	-80.21  
918     	-80.18  
918.4   	-80.13  
918.8   	-80.07  
919.2   	-79.99  
919.6   	-79.88  
920     	-79.72  
920.4   	-79.39  
920.8   	-78.66  
921.2   	-76.34  
921.6   	-66.9   
922     	-29.82  
922.4   	43.37   
922.8   	35.28   
923.2   	19.04   
923.6   	1.162   
924     	-16.52  
924.4   	-35.26  
924.8   	-52.75  
925.2   	-64.65  
925.6   	-71.4   
926     	-75.12  
926.4   	-77.21  
926.8   	-78.4   
927.2   	-79.11  
927.6   	-79.52  
928     	-79.76  
928.4   	-79.89  
928.8   	-79.94  
929.2   	-79.92  
929.6   	-79.87  
930     	-79.76  
930.4   	-79.57  
930.8   	-79.28  
931.2   	-78.82  
931.6   	-78.13  
932     	-76.17  
932.4   	-68.01  
932.8   	-35.67  
933.2   	42.69   
933.6   	36.33   
934     	20.43   
934.4   	2.584   
934.8   	-15.07  
935.2   	-33.7   
935.6   	-51.46  
936     	-63.87  
936.4   	-70.96  
936.8   	-74.89  
937.2   	-77.08  
937.6   	-78.35  
938     	-79.1   
938.4   	-79.55  
938.8   	-79.81  
939.2   	-79.96  
939.6   	-80.03  
940     	-80.03  
940.4   	-79.98  
940.8   	-79.89  
941.2   	-79.75  
941.6   	-79.59  
942     	-79.42  
942.4   	-79.24  
942.8   	-79.06  
943.2   	-78.89  
943.6   	-78.72  
944     	-78.55  
944.4   	-78.37  
944.8   	-78.2   
945.2   	-78.02  
945.6   	-77.84  
946     	-77.64  
946.4   	-77.42  
946.8   	-77.17  
947.2   	-76.86  
947.6   	-76.43  
948     	-75.66  
948.4   	-72.62  
948.8   	-58.31  
949.2   	13.58   
949.6   	42.69   
950     	30.03   
950.4   	12.76   
950.8   	-5.087  
951.2   	-23.02  
951.6   	-41.89  
952     	-57.79  
952.4   	-67.6   
952.8   	-73.05  
953.2   	-76.06  
953.6   	-77.76  
954     	-78.76  
954.4   	-79.36  
954.8   	-79.72  
955.2   	-79.92  
955.6   	-80.04  
956     	-80.08  
956.4   	-80.08  
956.8   	-80.04  
957.2   	-79.97  
957.6   	-79.88  
958     	-79.77  
958.4   	-79.65  
958.8   	-79.5   
959.2   	-79.35  
959.6   	-79.18  
960     	-79.01  
960.4   	-78.82  
960.8   	-78.63  
961.2   	-78.44  
961.6   	-78.24  
962     	-78.02  
962.4   	-77.8   
962.8   	-77.52  
963.2   	-77.16  
963.6   	-76.64  
964     	-75.42  
964.4   	-69.89  
964.8   	-45.72  
965.2   	40.12   
965.6   	39.07   
966     	23.97   
966.4   	6.2     
966.8   	-11.48  
967.2   	-29.9   
967.6   	-48.28  
968     	-61.99  
968.4   	-69.96  
968.8   	-74.37  
969.2   	-76.83  
969.6   	-78.24  
970     	-79.08  
970.4   	-79.6   
970.8   	-79.92  
971.2   	-80.11  
971.6   	-80.21  
972     	-80.25  
972.4   	-80.24  
972.8   	-80.19  
973.2   	-80.1   
973.6   	-79.98  
974     	-79.8   
974.4   	-79.52  
974.8   	-79.07  
975.2   	-78.34  
975.6   	-76.23  
976     	-67.51  
976.4   	-33     
976.8   	43.07   
977.2   	35.84   
977.6   	19.76   
978     	1.897   
978.4   	-15.76  
978.8   	-34.46  
979.2   	-52.09  
979.6   	-64.27  
980     	-71.21  
980.4   	-75.06  
980.8   	-77.23  
981.2   	-78.49  
981.6   	-79.25  
982     	-79.71  
982.4   	-80     
982.8   	-80.18  
983.2   	-80.28  
983.6   	-80.32  
984     	-80.32  
984.4   	-80.27  
984.8   	-80.19  
985.2   	-80.06  
985.6   	-79.82  
986     	-79.29  
986.4   	-77.94  
986.8   	-72.65  
987.2   	-51.9   
987.6   	33.69   
988     	40.58   
988.4   	26.51   
988.8   	8.943   
989.2   	-8.792  
989.6   	-26.99  
990     	-45.62  
990.4   	-60.25  
990.8   	-68.97  
991.2   	-73.81  
991.6   	-76.51  
992     	-78.06  
992.4   	-78.98  
992.8   	-79.55  
993.2   	-79.9   
993.6   	-80.12  
994     	-80.26  
994.4   	-80.34  
994.8   	-80.37  
995.2   	-80.37  
995.6   	-80.34  
996     	-80.29  
996.4   	-80.21  
996.8   	-80.1   
997.2   	-79.96  
997.6   	-79.8   
998     	-79.62  
998.4   	-79.39  
998.8   	-79.06  
999.2   	-78.35  
999.6   	-76.04  
