
SWEPT_VAR_1 = 55.0    // Syn: Source PP \ NetStim \ PARAMETER \ interval (ms)

t	s.v( 0.05 )
ms	mV
0       	-64.65  
0.4     	-65.51  
0.8     	-66.35  
1.2     	-67.15  
1.6     	-67.92  
2       	-68.66  
2.4     	-69.37  
2.8     	-70.05  
3.2     	-70.7   
3.6     	-71.33  
4       	-71.92  
4.4     	-72.47  
4.8     	-72.99  
5.2     	-73.46  
5.6     	-73.9   
6       	-74.31  
6.4     	-74.68  
6.8     	-75.03  
7.2     	-75.36  
7.6     	-75.67  
8       	-75.97  
8.4     	-76.26  
8.8     	-76.53  
9.2     	-76.79  
9.6     	-77.03  
10      	-77.25  
10.4    	-77.47  
10.8    	-77.67  
11.2    	-77.86  
11.6    	-78.03  
12      	-78.2   
12.4    	-78.36  
12.8    	-78.51  
13.2    	-78.66  
13.6    	-78.79  
14      	-78.91  
14.4    	-79.02  
14.8    	-79.11  
15.2    	-79.19  
15.6    	-79.25  
16      	-79.32  
16.4    	-79.38  
16.8    	-79.43  
17.2    	-79.48  
17.6    	-79.52  
18      	-79.55  
18.4    	-79.58  
18.8    	-79.6   
19.2    	-79.62  
19.6    	-79.65  
20      	-79.68  
20.4    	-79.71  
20.8    	-79.74  
21.2    	-79.76  
21.6    	-79.77  
22      	-79.77  
22.4    	-79.78  
22.8    	-79.79  
23.2    	-79.81  
23.6    	-79.83  
24      	-79.84  
24.4    	-79.86  
24.8    	-79.88  
25.2    	-79.91  
25.6    	-79.93  
26      	-79.94  
26.4    	-79.95  
26.8    	-79.96  
27.2    	-79.97  
27.6    	-79.98  
28      	-80     
28.4    	-80.01  
28.8    	-80.02  
29.2    	-79.96  
29.6    	-79.64  
30      	-78.68  
30.4    	-75.15  
30.8    	-60.93  
31.2    	1.65    
31.6    	43.14   
32      	31.29   
32.4    	14.22   
32.8    	-3.661  
33.2    	-21.54  
33.6    	-40.45  
34      	-56.77  
34.4    	-67.06  
34.8    	-72.82  
35.2    	-76.03  
35.6    	-77.87  
36      	-78.97  
36.4    	-79.64  
36.8    	-80.08  
37.2    	-80.37  
37.6    	-80.55  
38      	-80.67  
38.4    	-80.74  
38.8    	-80.76  
39.2    	-80.76  
39.6    	-80.73  
40      	-80.69  
40.4    	-80.64  
40.8    	-80.57  
41.2    	-80.41  
41.6    	-79.96  
42      	-78.75  
42.4    	-74.2   
42.8    	-56.48  
43.2    	23.02   
43.6    	41.87   
44      	28.71   
44.4    	11.35   
44.8    	-6.436  
45.2    	-24.45  
45.6    	-43.22  
46      	-58.65  
46.4    	-68.08  
46.8    	-73.34  
47.2    	-76.26  
47.6    	-77.94  
48      	-78.94  
48.4    	-79.55  
48.8    	-79.94  
49.2    	-80.19  
49.6    	-80.34  
50      	-80.44  
50.4    	-80.5   
50.8    	-80.52  
51.2    	-80.52  
51.6    	-80.5   
52      	-80.48  
52.4    	-80.44  
52.8    	-80.4   
53.2    	-80.36  
53.6    	-80.31  
54      	-80.25  
54.4    	-80.18  
54.8    	-80.11  
55.2    	-80.04  
55.6    	-79.97  
56      	-79.9   
56.4    	-79.83  
56.8    	-79.72  
57.2    	-79.36  
57.6    	-78.36  
58      	-74.58  
58.4    	-59.19  
58.8    	11.26   
59.2    	42.75   
59.6    	30.31   
60      	13.1    
60.4    	-4.754  
60.8    	-22.69  
61.2    	-41.58  
61.6    	-57.56  
62      	-67.49  
62.4    	-73.03  
62.8    	-76.12  
63.2    	-77.88  
63.6    	-78.92  
64      	-79.57  
64.4    	-79.98  
64.8    	-80.26  
65.2    	-80.44  
65.6    	-80.56  
66      	-80.65  
66.4    	-80.71  
66.8    	-80.73  
67.2    	-80.74  
67.6    	-80.72  
68      	-80.7   
68.4    	-80.67  
68.8    	-80.63  
69.2    	-80.59  
69.6    	-80.55  
70      	-80.5   
70.4    	-80.43  
70.8    	-80.35  
71.2    	-80.27  
71.6    	-80.19  
72      	-80.11  
72.4    	-80.04  
72.8    	-79.96  
73.2    	-79.79  
73.6    	-79.31  
74      	-77.85  
74.4    	-72.01  
74.8    	-49.02  
75.2    	37.67   
75.6    	39.99   
76      	25.36   
76.4    	7.679   
76.8    	-10.04  
77.2    	-28.36  
77.6    	-46.91  
78      	-61.14  
78.4    	-69.52  
78.8    	-74.17  
79.2    	-76.78  
79.6    	-78.3   
80      	-79.21  
80.4    	-79.78  
80.8    	-80.15  
81.2    	-80.4   
81.6    	-80.57  
82      	-80.68  
82.4    	-80.75  
82.8    	-80.78  
83.2    	-80.8   
83.6    	-80.81  
84      	-80.8   
84.4    	-80.79  
84.8    	-80.78  
85.2    	-80.77  
85.6    	-80.75  
86      	-80.73  
86.4    	-80.71  
86.8    	-80.69  
87.2    	-80.66  
87.6    	-80.62  
88      	-80.58  
88.4    	-80.52  
88.8    	-80.45  
89.2    	-80.38  
89.6    	-80.29  
90      	-80.21  
90.4    	-80.13  
90.8    	-80.04  
91.2    	-79.95  
91.6    	-79.87  
92      	-79.78  
92.4    	-79.71  
92.8    	-79.63  
93.2    	-79.54  
93.6    	-79.36  
94      	-78.86  
94.4    	-77.25  
94.8    	-70.61  
95.2    	-44.37  
95.6    	40.85   
96      	38.73   
96.4    	23.52   
96.8    	5.728   
97.2    	-11.97  
97.6    	-30.45  
98      	-48.78  
98.4    	-62.32  
98.8    	-70.19  
99.2    	-74.55  
99.6    	-77.01  
100     	-78.44  
100.4   	-79.31  
100.8   	-79.87  
101.2   	-80.23  
101.6   	-80.48  
102     	-80.66  
102.4   	-80.78  
102.8   	-80.88  
103.2   	-80.94  
103.6   	-81     
104     	-81.04  
104.4   	-81.06  
104.8   	-81.09  
105.2   	-81.1   
105.6   	-81.11  
106     	-81.12  
106.4   	-81.12  
106.8   	-81.11  
107.2   	-81.1   
107.6   	-81.09  
108     	-81.08  
108.4   	-81.07  
108.8   	-81.06  
109.2   	-81.05  
109.6   	-81.04  
110     	-81.04  
110.4   	-81.03  
110.8   	-81.03  
111.2   	-81.03  
111.6   	-81.03  
112     	-81.03  
112.4   	-81.04  
112.8   	-81.06  
113.2   	-81.07  
113.6   	-81.09  
114     	-81.12  
114.4   	-81.14  
114.8   	-81.16  
115.2   	-81.18  
115.6   	-81.19  
116     	-81.18  
116.4   	-81.17  
116.8   	-81.16  
117.2   	-81.14  
117.6   	-81.11  
118     	-81.08  
118.4   	-81.05  
118.8   	-81.03  
119.2   	-81.01  
119.6   	-80.99  
120     	-80.96  
120.4   	-80.94  
120.8   	-80.91  
121.2   	-80.88  
121.6   	-80.85  
122     	-80.82  
122.4   	-80.78  
122.8   	-80.74  
123.2   	-80.67  
123.6   	-80.45  
124     	-79.8   
124.4   	-77.85  
124.8   	-70.2   
125.2   	-41.14  
125.6   	42.03   
126     	37.93   
126.4   	22.43   
126.8   	4.595   
127.2   	-13.1   
127.6   	-31.68  
128     	-49.85  
128.4   	-62.97  
128.8   	-70.55  
129.2   	-74.76  
129.6   	-77.13  
130     	-78.51  
130.4   	-79.35  
130.8   	-79.87  
131.2   	-80.2   
131.6   	-80.42  
132     	-80.56  
132.4   	-80.66  
132.8   	-80.72  
133.2   	-80.76  
133.6   	-80.77  
134     	-80.77  
134.4   	-80.75  
134.8   	-80.72  
135.2   	-80.69  
135.6   	-80.65  
136     	-80.58  
136.4   	-80.37  
136.8   	-79.77  
137.2   	-78.03  
137.6   	-71.22  
138     	-45.31  
138.4   	40.18   
138.8   	38.88   
139.2   	23.81   
139.6   	6.049   
140     	-11.64  
140.4   	-30.09  
140.8   	-48.44  
141.2   	-62.09  
141.6   	-70.05  
142     	-74.48  
142.4   	-76.97  
142.8   	-78.42  
143.2   	-79.31  
143.6   	-79.87  
144     	-80.23  
144.4   	-80.47  
144.8   	-80.64  
145.2   	-80.76  
145.6   	-80.84  
146     	-80.9   
146.4   	-80.93  
146.8   	-80.94  
147.2   	-80.91  
147.6   	-80.77  
148     	-80.32  
148.4   	-79.17  
148.8   	-75.06  
149.2   	-59.23  
149.6   	10.67   
150     	42.53   
150.4   	30.19   
150.8   	13.01   
151.2   	-4.827  
151.6   	-22.76  
152     	-41.63  
152.4   	-57.57  
152.8   	-67.48  
153.2   	-73.03  
153.6   	-76.12  
154     	-77.9   
154.4   	-78.95  
154.8   	-79.61  
155.2   	-80.04  
155.6   	-80.32  
156     	-80.51  
156.4   	-80.64  
156.8   	-80.73  
157.2   	-80.78  
157.6   	-80.81  
158     	-80.83  
158.4   	-80.83  
158.8   	-80.83  
159.2   	-80.81  
159.6   	-80.79  
160     	-80.77  
160.4   	-80.74  
160.8   	-80.7   
161.2   	-80.64  
161.6   	-80.44  
162     	-79.87  
162.4   	-78.22  
162.8   	-71.84  
163.2   	-47.43  
163.6   	38.85   
164     	39.47   
164.4   	24.65   
164.8   	6.933   
165.2   	-10.76  
165.6   	-29.12  
166     	-47.56  
166.4   	-61.52  
166.8   	-69.72  
167.2   	-74.27  
167.6   	-76.83  
168     	-78.31  
168.4   	-79.21  
168.8   	-79.78  
169.2   	-80.15  
169.6   	-80.4   
170     	-80.57  
170.4   	-80.69  
170.8   	-80.77  
171.2   	-80.82  
171.6   	-80.85  
172     	-80.86  
172.4   	-80.85  
172.8   	-80.83  
173.2   	-80.8   
173.6   	-80.75  
174     	-80.7   
174.4   	-80.65  
174.8   	-80.59  
175.2   	-80.54  
175.6   	-80.49  
176     	-80.43  
176.4   	-80.38  
176.8   	-80.33  
177.2   	-80.29  
177.6   	-80.24  
178     	-80.2   
178.4   	-80.16  
178.8   	-80.12  
179.2   	-80.08  
179.6   	-80.04  
180     	-80.01  
180.4   	-79.98  
180.8   	-79.95  
181.2   	-79.93  
181.6   	-79.91  
182     	-79.89  
182.4   	-79.86  
182.8   	-79.82  
183.2   	-79.78  
183.6   	-79.74  
184     	-79.69  
184.4   	-79.64  
184.8   	-79.58  
185.2   	-79.53  
185.6   	-79.47  
186     	-79.41  
186.4   	-79.24  
186.8   	-78.69  
187.2   	-76.86  
187.6   	-69.24  
188     	-39.2   
188.4   	42.55   
188.8   	37.46   
189.2   	21.77   
189.6   	3.908   
190     	-13.79  
190.4   	-32.42  
190.8   	-50.49  
191.2   	-63.38  
191.6   	-70.78  
192     	-74.89  
192.4   	-77.21  
192.8   	-78.57  
193.2   	-79.39  
193.6   	-79.92  
194     	-80.27  
194.4   	-80.51  
194.8   	-80.69  
195.2   	-80.82  
195.6   	-80.91  
196     	-80.97  
196.4   	-81.01  
196.8   	-81.04  
197.2   	-81.06  
197.6   	-81.06  
198     	-81.05  
198.4   	-81.02  
198.8   	-80.99  
199.2   	-80.95  
199.6   	-80.91  
200     	-80.86  
200.4   	-80.81  
200.8   	-80.76  
201.2   	-80.71  
201.6   	-80.66  
202     	-80.62  
202.4   	-80.58  
202.8   	-80.55  
203.2   	-80.51  
203.6   	-80.48  
204     	-80.44  
204.4   	-80.4   
204.8   	-80.36  
205.2   	-80.32  
205.6   	-80.28  
206     	-80.25  
206.4   	-80.22  
206.8   	-80.19  
207.2   	-80.15  
207.6   	-80.12  
208     	-80.08  
208.4   	-79.99  
208.8   	-79.66  
209.2   	-78.72  
209.6   	-75.26  
210     	-61.31  
210.4   	-0.5325 
210.8   	43.2    
211.2   	31.5    
211.6   	14.46   
212     	-3.414  
212.4   	-21.27  
212.8   	-40.18  
213.2   	-56.55  
213.6   	-66.92  
214     	-72.73  
214.4   	-75.97  
214.8   	-77.82  
215.2   	-78.91  
215.6   	-79.59  
216     	-80.02  
216.4   	-80.3   
216.8   	-80.49  
217.2   	-80.62  
217.6   	-80.7   
218     	-80.76  
218.4   	-80.79  
218.8   	-80.81  
219.2   	-80.81  
219.6   	-80.79  
220     	-80.67  
220.4   	-80.28  
220.8   	-79.27  
221.2   	-75.74  
221.6   	-62     
222     	-4.937  
222.4   	43.09   
222.8   	31.76   
223.2   	14.82   
223.6   	-3.049  
224     	-20.89  
224.4   	-39.77  
224.8   	-56.22  
225.2   	-66.71  
225.6   	-72.61  
226     	-75.9   
226.4   	-77.78  
226.8   	-78.89  
227.2   	-79.58  
227.6   	-80.01  
228     	-80.28  
228.4   	-80.47  
228.8   	-80.59  
229.2   	-80.66  
229.6   	-80.7   
230     	-80.72  
230.4   	-80.72  
230.8   	-80.7   
231.2   	-80.68  
231.6   	-80.65  
232     	-80.61  
232.4   	-80.58  
232.8   	-80.54  
233.2   	-80.5   
233.6   	-80.45  
234     	-80.36  
234.4   	-80.07  
234.8   	-79.28  
235.2   	-76.62  
235.6   	-66.12  
236     	-25.26  
236.4   	43.63   
236.8   	34.6    
237.2   	18.16   
237.6   	0.2589  
238     	-17.47  
238.4   	-36.3   
238.8   	-53.62  
239.2   	-65.22  
239.6   	-71.78  
240     	-75.43  
240.4   	-77.5   
240.8   	-78.72  
241.2   	-79.46  
241.6   	-79.93  
242     	-80.23  
242.4   	-80.43  
242.8   	-80.56  
243.2   	-80.64  
243.6   	-80.7   
244     	-80.73  
244.4   	-80.74  
244.8   	-80.74  
245.2   	-80.73  
245.6   	-80.71  
246     	-80.68  
246.4   	-80.64  
246.8   	-80.61  
247.2   	-80.57  
247.6   	-80.52  
248     	-80.47  
248.4   	-80.35  
248.8   	-79.95  
249.2   	-78.83  
249.6   	-74.69  
250     	-58.34  
250.4   	15.86   
250.8   	42.48   
251.2   	29.79   
251.6   	12.52   
252     	-5.314  
252.4   	-23.28  
252.8   	-42.15  
253.2   	-57.97  
253.6   	-67.73  
254     	-73.19  
254.4   	-76.24  
254.8   	-78     
255.2   	-79.05  
255.6   	-79.71  
256     	-80.13  
256.4   	-80.41  
256.8   	-80.6   
257.2   	-80.73  
257.6   	-80.82  
258     	-80.89  
258.4   	-80.93  
258.8   	-80.96  
259.2   	-80.97  
259.6   	-80.96  
260     	-80.86  
260.4   	-80.47  
260.8   	-79.47  
261.2   	-76.1   
261.6   	-63.07  
262     	-10.6   
262.4   	43.23   
262.8   	32.37   
263.2   	15.54   
263.6   	-2.328  
264     	-20.12  
264.4   	-38.98  
264.8   	-55.64  
265.2   	-66.38  
265.6   	-72.44  
266     	-75.81  
266.4   	-77.74  
266.8   	-78.89  
267.2   	-79.6   
267.6   	-80.06  
268     	-80.37  
268.4   	-80.59  
268.8   	-80.74  
269.2   	-80.86  
269.6   	-80.94  
270     	-81     
270.4   	-81.05  
270.8   	-81.08  
271.2   	-81.11  
271.6   	-81.12  
272     	-81.13  
272.4   	-81.13  
272.8   	-81.12  
273.2   	-81.1   
273.6   	-81.09  
274     	-81.07  
274.4   	-81.06  
274.8   	-81.04  
275.2   	-81.02  
275.6   	-81     
276     	-80.97  
276.4   	-80.94  
276.8   	-80.92  
277.2   	-80.88  
277.6   	-80.85  
278     	-80.8   
278.4   	-80.75  
278.8   	-80.7   
279.2   	-80.66  
279.6   	-80.61  
280     	-80.56  
280.4   	-80.52  
280.8   	-80.47  
281.2   	-80.33  
281.6   	-79.89  
282     	-78.66  
282.4   	-73.99  
282.8   	-55.59  
283.2   	26.58   
283.6   	41.78   
284     	28.35   
284.4   	10.92   
284.8   	-6.866  
285.2   	-24.93  
285.6   	-43.71  
286     	-59.02  
286.4   	-68.32  
286.8   	-73.52  
287.2   	-76.42  
287.6   	-78.1   
288     	-79.11  
288.4   	-79.74  
288.8   	-80.16  
289.2   	-80.43  
289.6   	-80.62  
290     	-80.75  
290.4   	-80.85  
290.8   	-80.92  
291.2   	-80.96  
291.6   	-81     
292     	-81.02  
292.4   	-81.03  
292.8   	-81.03  
293.2   	-81.02  
293.6   	-81.01  
294     	-80.99  
294.4   	-80.97  
294.8   	-80.93  
295.2   	-80.89  
295.6   	-80.85  
296     	-80.81  
296.4   	-80.78  
296.8   	-80.74  
297.2   	-80.72  
297.6   	-80.69  
298     	-80.68  
298.4   	-80.67  
298.8   	-80.66  
299.2   	-80.66  
299.6   	-80.66  
300     	-80.66  
300.4   	-80.66  
300.8   	-80.66  
301.2   	-80.67  
301.6   	-80.67  
302     	-80.67  
302.4   	-80.67  
302.8   	-80.65  
303.2   	-80.64  
303.6   	-80.61  
304     	-80.59  
304.4   	-80.57  
304.8   	-80.55  
305.2   	-80.54  
305.6   	-80.52  
306     	-80.51  
306.4   	-80.5   
306.8   	-80.48  
307.2   	-80.47  
307.6   	-80.45  
308     	-80.43  
308.4   	-80.41  
308.8   	-80.4   
309.2   	-80.38  
309.6   	-80.37  
310     	-80.36  
310.4   	-80.35  
310.8   	-80.34  
311.2   	-80.3   
311.6   	-80.1   
312     	-79.48  
312.4   	-77.51  
312.8   	-69.67  
313.2   	-39.6   
313.6   	42.43   
314     	37.56   
314.4   	21.92   
314.8   	4.064   
315.2   	-13.63  
315.6   	-32.24  
316     	-50.32  
316.4   	-63.27  
316.8   	-70.71  
317.2   	-74.85  
317.6   	-77.18  
318     	-78.55  
318.4   	-79.38  
318.8   	-79.91  
319.2   	-80.26  
319.6   	-80.5   
320     	-80.67  
320.4   	-80.79  
320.8   	-80.88  
321.2   	-80.94  
321.6   	-80.98  
322     	-81     
322.4   	-81.02  
322.8   	-81.03  
323.2   	-81.03  
323.6   	-81.03  
324     	-81.02  
324.4   	-81.01  
324.8   	-81     
325.2   	-80.99  
325.6   	-80.98  
326     	-80.98  
326.4   	-80.97  
326.8   	-80.96  
327.2   	-80.96  
327.6   	-80.95  
328     	-80.95  
328.4   	-80.94  
328.8   	-80.91  
329.2   	-80.88  
329.6   	-80.85  
330     	-80.82  
330.4   	-80.77  
330.8   	-80.71  
331.2   	-80.52  
331.6   	-79.97  
332     	-78.44  
332.4   	-72.54  
332.8   	-49.82  
333.2   	36.94   
333.6   	40.22   
334     	25.73   
334.4   	8.065   
334.8   	-9.668  
335.2   	-27.96  
335.6   	-46.55  
336     	-60.9   
336.4   	-69.38  
336.8   	-74.1   
337.2   	-76.75  
337.6   	-78.27  
338     	-79.2   
338.4   	-79.78  
338.8   	-80.16  
339.2   	-80.42  
339.6   	-80.6   
340     	-80.73  
340.4   	-80.82  
340.8   	-80.88  
341.2   	-80.93  
341.6   	-80.96  
342     	-80.99  
342.4   	-81     
342.8   	-81.01  
343.2   	-81.02  
343.6   	-81.03  
344     	-81.04  
344.4   	-81.04  
344.8   	-81.03  
345.2   	-81.02  
345.6   	-81.01  
346     	-80.98  
346.4   	-80.95  
346.8   	-80.91  
347.2   	-80.89  
347.6   	-80.86  
348     	-80.84  
348.4   	-80.81  
348.8   	-80.79  
349.2   	-80.77  
349.6   	-80.75  
350     	-80.73  
350.4   	-80.72  
350.8   	-80.7   
351.2   	-80.68  
351.6   	-80.67  
352     	-80.65  
352.4   	-80.62  
352.8   	-80.59  
353.2   	-80.55  
353.6   	-80.51  
354     	-80.48  
354.4   	-80.43  
354.8   	-80.38  
355.2   	-80.27  
355.6   	-79.93  
356     	-78.98  
356.4   	-75.57  
356.8   	-62     
357.2   	-4.261  
357.6   	43.31   
358     	31.87   
358.4   	14.9    
358.8   	-2.979  
359.2   	-20.82  
359.6   	-39.71  
360     	-56.21  
360.4   	-66.73  
360.8   	-72.64  
361.2   	-75.92  
361.6   	-77.8   
362     	-78.92  
362.4   	-79.6   
362.8   	-80.05  
363.2   	-80.34  
363.6   	-80.54  
364     	-80.67  
364.4   	-80.77  
364.8   	-80.83  
365.2   	-80.87  
365.6   	-80.9   
366     	-80.92  
366.4   	-80.93  
366.8   	-80.93  
367.2   	-80.92  
367.6   	-80.91  
368     	-80.88  
368.4   	-80.86  
368.8   	-80.83  
369.2   	-80.81  
369.6   	-80.79  
370     	-80.76  
370.4   	-80.75  
370.8   	-80.73  
371.2   	-80.72  
371.6   	-80.7   
372     	-80.68  
372.4   	-80.65  
372.8   	-80.61  
373.2   	-80.57  
373.6   	-80.52  
374     	-80.47  
374.4   	-80.37  
374.8   	-80.02  
375.2   	-79.04  
375.6   	-75.52  
376     	-61.56  
376.4   	-1.646  
376.8   	43.22   
377.2   	31.61   
377.6   	14.59   
378     	-3.281  
378.4   	-21.14  
378.8   	-40.04  
379.2   	-56.44  
379.6   	-66.86  
380     	-72.71  
380.4   	-75.97  
380.8   	-77.84  
381.2   	-78.96  
381.6   	-79.66  
382     	-80.12  
382.4   	-80.44  
382.8   	-80.66  
383.2   	-80.83  
383.6   	-80.95  
384     	-81.05  
384.4   	-81.12  
384.8   	-81.18  
385.2   	-81.22  
385.6   	-81.26  
386     	-81.29  
386.4   	-81.31  
386.8   	-81.33  
387.2   	-81.35  
387.6   	-81.37  
388     	-81.38  
388.4   	-81.4   
388.8   	-81.41  
389.2   	-81.42  
389.6   	-81.43  
390     	-81.44  
390.4   	-81.44  
390.8   	-81.44  
391.2   	-81.43  
391.6   	-81.42  
392     	-81.42  
392.4   	-81.41  
392.8   	-81.4   
393.2   	-81.39  
393.6   	-81.37  
394     	-81.36  
394.4   	-81.35  
394.8   	-81.34  
395.2   	-81.32  
395.6   	-81.31  
396     	-81.3   
396.4   	-81.29  
396.8   	-81.29  
397.2   	-81.29  
397.6   	-81.29  
398     	-81.3   
398.4   	-81.3   
398.8   	-81.28  
399.2   	-81.26  
399.6   	-81.24  
400     	-81.22  
400.4   	-81.2   
400.8   	-81.18  
401.2   	-81.15  
401.6   	-81.12  
402     	-81.08  
402.4   	-81.03  
402.8   	-80.97  
403.2   	-80.92  
403.6   	-80.87  
404     	-80.82  
404.4   	-80.78  
404.8   	-80.74  
405.2   	-80.71  
405.6   	-80.65  
406     	-80.47  
406.4   	-79.92  
406.8   	-78.35  
407.2   	-72.28  
407.6   	-48.9   
408     	37.81   
408.4   	39.96   
408.8   	25.33   
409.2   	7.64    
409.6   	-10.08  
410     	-28.4   
410.4   	-46.94  
410.8   	-61.16  
411.2   	-69.53  
411.6   	-74.19  
412     	-76.81  
412.4   	-78.33  
412.8   	-79.26  
413.2   	-79.85  
413.6   	-80.24  
414     	-80.5   
414.4   	-80.69  
414.8   	-80.82  
415.2   	-80.9   
415.6   	-80.95  
416     	-80.98  
416.4   	-80.99  
416.8   	-80.99  
417.2   	-80.98  
417.6   	-80.97  
418     	-80.96  
418.4   	-80.94  
418.8   	-80.92  
419.2   	-80.88  
419.6   	-80.83  
420     	-80.77  
420.4   	-80.62  
420.8   	-80.18  
421.2   	-79.02  
421.6   	-74.78  
422     	-58.2   
422.4   	16.68   
422.8   	42.44   
423.2   	29.7    
423.6   	12.43   
424     	-5.405  
424.4   	-23.38  
424.8   	-42.24  
425.2   	-58.02  
425.6   	-67.76  
426     	-73.21  
426.4   	-76.24  
426.8   	-77.99  
427.2   	-79.03  
427.6   	-79.68  
428     	-80.11  
428.4   	-80.4   
428.8   	-80.6   
429.2   	-80.74  
429.6   	-80.84  
430     	-80.91  
430.4   	-80.96  
430.8   	-81     
431.2   	-81.03  
431.6   	-81.05  
432     	-81.07  
432.4   	-81.08  
432.8   	-81.08  
433.2   	-81.07  
433.6   	-81.06  
434     	-81.04  
434.4   	-81     
434.8   	-80.96  
435.2   	-80.88  
435.6   	-80.61  
436     	-79.86  
436.4   	-77.57  
436.8   	-68.67  
437.2   	-35.07  
437.6   	43.05   
438     	36.46   
438.4   	20.5    
438.8   	2.634   
439.2   	-15.04  
439.6   	-33.71  
440     	-51.51  
440.4   	-63.95  
440.8   	-71.08  
441.2   	-75.04  
441.6   	-77.29  
442     	-78.61  
442.4   	-79.42  
442.8   	-79.94  
443.2   	-80.29  
443.6   	-80.53  
444     	-80.7   
444.4   	-80.82  
444.8   	-80.9   
445.2   	-80.95  
445.6   	-80.99  
446     	-81.01  
446.4   	-81.03  
446.8   	-81.04  
447.2   	-81.04  
447.6   	-81.03  
448     	-81.01  
448.4   	-81     
448.8   	-80.98  
449.2   	-80.96  
449.6   	-80.93  
450     	-80.91  
450.4   	-80.9   
450.8   	-80.88  
451.2   	-80.86  
451.6   	-80.84  
452     	-80.83  
452.4   	-80.82  
452.8   	-80.81  
453.2   	-80.81  
453.6   	-80.8   
454     	-80.79  
454.4   	-80.78  
454.8   	-80.75  
455.2   	-80.72  
455.6   	-80.68  
456     	-80.64  
456.4   	-80.6   
456.8   	-80.57  
457.2   	-80.53  
457.6   	-80.5   
458     	-80.48  
458.4   	-80.45  
458.8   	-80.42  
459.2   	-80.38  
459.6   	-80.35  
460     	-80.32  
460.4   	-80.29  
460.8   	-80.27  
461.2   	-80.24  
461.6   	-80.22  
462     	-80.18  
462.4   	-80.02  
462.8   	-79.49  
463.2   	-77.89  
463.6   	-71.53  
464     	-46.82  
464.4   	39.39   
464.8   	39.36   
465.2   	24.43   
465.6   	6.695   
466     	-11     
466.4   	-29.39  
466.8   	-47.82  
467.2   	-61.71  
467.6   	-69.84  
468     	-74.37  
468.4   	-76.92  
468.8   	-78.41  
469.2   	-79.31  
469.6   	-79.89  
470     	-80.27  
470.4   	-80.53  
470.8   	-80.71  
471.2   	-80.83  
471.6   	-80.91  
472     	-80.97  
472.4   	-80.99  
472.8   	-81     
473.2   	-80.98  
473.6   	-80.96  
474     	-80.93  
474.4   	-80.89  
474.8   	-80.85  
475.2   	-80.81  
475.6   	-80.77  
476     	-80.73  
476.4   	-80.69  
476.8   	-80.64  
477.2   	-80.54  
477.6   	-80.18  
478     	-79.22  
478.4   	-75.84  
478.8   	-62.51  
479.2   	-7.11   
479.6   	43.33   
480     	32.14   
480.4   	15.22   
480.8   	-2.658  
481.2   	-20.48  
481.6   	-39.36  
482     	-55.94  
482.4   	-66.57  
482.8   	-72.55  
483.2   	-75.89  
483.6   	-77.8   
484     	-78.94  
484.4   	-79.65  
484.8   	-80.11  
485.2   	-80.42  
485.6   	-80.63  
486     	-80.77  
486.4   	-80.87  
486.8   	-80.94  
487.2   	-80.99  
487.6   	-81.02  
488     	-81.03  
488.4   	-81.02  
488.8   	-81     
489.2   	-80.96  
489.6   	-80.92  
490     	-80.87  
490.4   	-80.81  
490.8   	-80.76  
491.2   	-80.71  
491.6   	-80.65  
492     	-80.59  
492.4   	-80.52  
492.8   	-80.45  
493.2   	-80.37  
493.6   	-80.3   
494     	-80.23  
494.4   	-80.16  
494.8   	-80.1   
495.2   	-80.03  
495.6   	-79.96  
496     	-79.83  
496.4   	-79.41  
496.8   	-78.21  
497.2   	-73.5   
497.6   	-54.65  
498     	29.05   
498.4   	41.55   
498.8   	27.92   
499.2   	10.44   
499.6   	-7.344  
500     	-25.45  
500.4   	-44.21  
500.8   	-59.36  
501.2   	-68.51  
501.6   	-73.6   
502     	-76.45  
502.4   	-78.09  
502.8   	-79.07  
503.2   	-79.68  
503.6   	-80.08  
504     	-80.33  
504.4   	-80.5   
504.8   	-80.61  
505.2   	-80.68  
505.6   	-80.73  
506     	-80.76  
506.4   	-80.77  
506.8   	-80.77  
507.2   	-80.76  
507.6   	-80.74  
508     	-80.71  
508.4   	-80.67  
508.8   	-80.63  
509.2   	-80.57  
509.6   	-80.51  
510     	-80.45  
510.4   	-80.38  
510.8   	-80.31  
511.2   	-80.24  
511.6   	-80.16  
512     	-80.09  
512.4   	-80.02  
512.8   	-79.93  
513.2   	-79.84  
513.6   	-79.73  
514     	-79.52  
514.4   	-78.93  
514.8   	-77.05  
515.2   	-69.33  
515.6   	-39.14  
516     	42.54   
516.4   	37.44   
516.8   	21.75   
517.2   	3.894   
517.6   	-13.79  
518     	-32.41  
518.4   	-50.47  
518.8   	-63.34  
519.2   	-70.74  
519.6   	-74.84  
520     	-77.15  
520.4   	-78.5   
520.8   	-79.32  
521.2   	-79.83  
521.6   	-80.17  
522     	-80.4   
522.4   	-80.55  
522.8   	-80.65  
523.2   	-80.72  
523.6   	-80.77  
524     	-80.79  
524.4   	-80.8   
524.8   	-80.78  
525.2   	-80.76  
525.6   	-80.74  
526     	-80.71  
526.4   	-80.67  
526.8   	-80.62  
527.2   	-80.57  
527.6   	-80.45  
528     	-80.08  
528.4   	-79.08  
528.8   	-75.51  
529.2   	-61.41  
529.6   	-1.019  
530     	43.13   
530.4   	31.49   
530.8   	14.47   
531.2   	-3.396  
531.6   	-21.25  
532     	-40.15  
532.4   	-56.51  
532.8   	-66.88  
533.2   	-72.69  
533.6   	-75.93  
534     	-77.78  
534.4   	-78.87  
534.8   	-79.55  
535.2   	-79.98  
535.6   	-80.27  
536     	-80.46  
536.4   	-80.59  
536.8   	-80.66  
537.2   	-80.7   
537.6   	-80.71  
538     	-80.68  
538.4   	-80.54  
538.8   	-80.09  
539.2   	-78.92  
539.6   	-74.65  
540     	-58.17  
540.4   	15.43   
540.8   	42.21   
541.2   	29.57   
541.6   	12.33   
542     	-5.487  
542.4   	-23.47  
542.8   	-42.31  
543.2   	-58.05  
543.6   	-67.77  
544     	-73.2   
544.4   	-76.23  
544.8   	-77.97  
545.2   	-79.02  
545.6   	-79.67  
546     	-80.1   
546.4   	-80.39  
546.8   	-80.58  
547.2   	-80.72  
547.6   	-80.81  
548     	-80.87  
548.4   	-80.9   
548.8   	-80.9   
549.2   	-80.89  
549.6   	-80.87  
550     	-80.84  
550.4   	-80.8   
550.8   	-80.76  
551.2   	-80.71  
551.6   	-80.67  
552     	-80.62  
552.4   	-80.54  
552.8   	-80.33  
553.2   	-79.72  
553.6   	-77.89  
554     	-70.71  
554.4   	-43.34  
554.8   	41.21   
555.2   	38.43   
555.6   	23.14   
556     	5.34    
556.4   	-12.35  
556.8   	-30.86  
557.2   	-49.12  
557.6   	-62.52  
558     	-70.29  
558.4   	-74.61  
558.8   	-77.04  
559.2   	-78.46  
559.6   	-79.33  
560     	-79.89  
560.4   	-80.26  
560.8   	-80.52  
561.2   	-80.7   
561.6   	-80.83  
562     	-80.93  
562.4   	-81     
562.8   	-81.05  
563.2   	-81.08  
563.6   	-81.09  
564     	-81.09  
564.4   	-81.08  
564.8   	-81.06  
565.2   	-81.03  
565.6   	-81     
566     	-80.97  
566.4   	-80.92  
566.8   	-80.88  
567.2   	-80.83  
567.6   	-80.78  
568     	-80.72  
568.4   	-80.67  
568.8   	-80.61  
569.2   	-80.56  
569.6   	-80.51  
570     	-80.46  
570.4   	-80.41  
570.8   	-80.37  
571.2   	-80.33  
571.6   	-80.3   
572     	-80.27  
572.4   	-80.25  
572.8   	-80.23  
573.2   	-80.2   
573.6   	-80.17  
574     	-80.14  
574.4   	-80.11  
574.8   	-80.07  
575.2   	-79.98  
575.6   	-79.64  
576     	-78.64  
576.4   	-74.91  
576.8   	-59.89  
577.2   	7.731   
577.6   	42.92   
578     	30.7    
578.4   	13.54   
578.8   	-4.33   
579.2   	-22.25  
579.6   	-41.16  
580     	-57.28  
580.4   	-67.36  
580.8   	-73     
581.2   	-76.14  
581.6   	-77.95  
582     	-79.03  
582.4   	-79.72  
582.8   	-80.16  
583.2   	-80.47  
583.6   	-80.68  
584     	-80.83  
584.4   	-80.92  
584.8   	-80.98  
585.2   	-81.01  
585.6   	-81.02  
586     	-81.01  
586.4   	-81     
586.8   	-80.97  
587.2   	-80.95  
587.6   	-80.91  
588     	-80.8   
588.4   	-80.42  
588.8   	-79.43  
589.2   	-76.03  
589.6   	-62.82  
590     	-8.91   
590.4   	43.3    
590.8   	32.27   
591.2   	15.39   
591.6   	-2.481  
592     	-20.28  
592.4   	-39.16  
592.8   	-55.77  
593.2   	-66.46  
593.6   	-72.48  
594     	-75.83  
594.4   	-77.75  
594.8   	-78.9   
595.2   	-79.61  
595.6   	-80.07  
596     	-80.39  
596.4   	-80.61  
596.8   	-80.77  
597.2   	-80.89  
597.6   	-80.98  
598     	-81.05  
598.4   	-81.1   
598.8   	-81.15  
599.2   	-81.18  
599.6   	-81.2   
600     	-81.21  
600.4   	-81.21  
600.8   	-81.21  
601.2   	-81.19  
601.6   	-81.17  
602     	-81.14  
602.4   	-81.11  
602.8   	-81.08  
603.2   	-81.05  
603.6   	-81.01  
604     	-80.97  
604.4   	-80.93  
604.8   	-80.86  
605.2   	-80.63  
605.6   	-80     
606     	-78.14  
606.4   	-70.93  
606.8   	-43.64  
607.2   	41.13   
607.6   	38.53   
608     	23.27   
608.4   	5.479   
608.8   	-12.21  
609.2   	-30.71  
609.6   	-48.99  
610     	-62.43  
610.4   	-70.24  
610.8   	-74.58  
611.2   	-77.03  
611.6   	-78.46  
612     	-79.33  
612.4   	-79.88  
612.8   	-80.24  
613.2   	-80.49  
613.6   	-80.66  
614     	-80.78  
614.4   	-80.86  
614.8   	-80.92  
615.2   	-80.97  
615.6   	-80.99  
616     	-81     
616.4   	-80.99  
616.8   	-80.98  
617.2   	-80.96  
617.6   	-80.92  
618     	-80.88  
618.4   	-80.82  
618.8   	-80.77  
619.2   	-80.71  
619.6   	-80.65  
620     	-80.6   
620.4   	-80.55  
620.8   	-80.5   
621.2   	-80.45  
621.6   	-80.41  
622     	-80.37  
622.4   	-80.34  
622.8   	-80.31  
623.2   	-80.29  
623.6   	-80.27  
624     	-80.26  
624.4   	-80.25  
624.8   	-80.24  
625.2   	-80.24  
625.6   	-80.25  
626     	-80.26  
626.4   	-80.27  
626.8   	-80.28  
627.2   	-80.29  
627.6   	-80.3   
628     	-80.3   
628.4   	-80.3   
628.8   	-80.3   
629.2   	-80.29  
629.6   	-80.28  
630     	-80.27  
630.4   	-80.25  
630.8   	-80.23  
631.2   	-80.22  
631.6   	-80.2   
632     	-80.2   
632.4   	-80.19  
632.8   	-80.18  
633.2   	-80.17  
633.6   	-80.15  
634     	-80.12  
634.4   	-80.07  
634.8   	-79.87  
635.2   	-79.24  
635.6   	-77.22  
636     	-69.08  
636.4   	-37.65  
636.8   	42.81   
637.2   	37.09   
637.6   	21.29   
638     	3.424   
638.4   	-14.26  
638.8   	-32.92  
639.2   	-50.89  
639.6   	-63.61  
640     	-70.91  
640.4   	-74.96  
640.8   	-77.26  
641.2   	-78.61  
641.6   	-79.44  
642     	-79.97  
642.4   	-80.33  
642.8   	-80.57  
643.2   	-80.75  
643.6   	-80.87  
644     	-80.97  
644.4   	-81.04  
644.8   	-81.09  
645.2   	-81.12  
645.6   	-81.14  
646     	-81.16  
646.4   	-81.16  
646.8   	-81.16  
647.2   	-81.14  
647.6   	-81.12  
648     	-81.1   
648.4   	-81.06  
648.8   	-81.03  
649.2   	-81     
649.6   	-80.97  
650     	-80.94  
650.4   	-80.91  
650.8   	-80.89  
651.2   	-80.86  
651.6   	-80.82  
652     	-80.78  
652.4   	-80.74  
652.8   	-80.68  
653.2   	-80.56  
653.6   	-80.19  
654     	-79.19  
654.4   	-75.66  
654.8   	-61.71  
655.2   	-2.343  
655.6   	43.24   
656     	31.68   
656.4   	14.68   
656.8   	-3.192  
657.2   	-21.03  
657.6   	-39.91  
658     	-56.33  
658.4   	-66.77  
658.8   	-72.63  
659.2   	-75.89  
659.6   	-77.74  
660     	-78.84  
660.4   	-79.52  
660.8   	-79.95  
661.2   	-80.24  
661.6   	-80.43  
662     	-80.55  
662.4   	-80.64  
662.8   	-80.69  
663.2   	-80.73  
663.6   	-80.75  
664     	-80.75  
664.4   	-80.75  
664.8   	-80.74  
665.2   	-80.73  
665.6   	-80.71  
666     	-80.69  
666.4   	-80.66  
666.8   	-80.64  
667.2   	-80.61  
667.6   	-80.58  
668     	-80.55  
668.4   	-80.53  
668.8   	-80.5   
669.2   	-80.46  
669.6   	-80.43  
670     	-80.39  
670.4   	-80.35  
670.8   	-80.31  
671.2   	-80.28  
671.6   	-80.24  
672     	-80.21  
672.4   	-80.17  
672.8   	-80.14  
673.2   	-80.11  
673.6   	-80.08  
674     	-80.05  
674.4   	-80.02  
674.8   	-79.99  
675.2   	-79.86  
675.6   	-79.42  
676     	-78.1   
676.4   	-72.88  
676.8   	-52.21  
677.2   	33.91   
677.6   	40.91   
678     	26.8    
678.4   	9.211   
678.8   	-8.554  
679.2   	-26.77  
679.6   	-45.47  
680     	-60.22  
680.4   	-69.02  
680.8   	-73.91  
681.2   	-76.65  
681.6   	-78.23  
682     	-79.19  
682.4   	-79.8   
682.8   	-80.2   
683.2   	-80.48  
683.6   	-80.67  
684     	-80.82  
684.4   	-80.93  
684.8   	-81.01  
685.2   	-81.07  
685.6   	-81.1   
686     	-81.12  
686.4   	-81.13  
686.8   	-81.13  
687.2   	-81.13  
687.6   	-81.11  
688     	-81.1   
688.4   	-81.07  
688.8   	-81.05  
689.2   	-81.02  
689.6   	-80.97  
690     	-80.9   
690.4   	-80.64  
690.8   	-79.94  
691.2   	-77.81  
691.6   	-69.57  
692     	-38.54  
692.4   	42.58   
692.8   	37.28   
693.2   	21.57   
693.6   	3.716   
694     	-13.97  
694.4   	-32.6   
694.8   	-50.61  
695.2   	-63.42  
695.6   	-70.78  
696     	-74.87  
696.4   	-77.17  
696.8   	-78.52  
697.2   	-79.34  
697.6   	-79.87  
698     	-80.21  
698.4   	-80.44  
698.8   	-80.59  
699.2   	-80.7   
699.6   	-80.77  
700     	-80.83  
700.4   	-80.86  
700.8   	-80.87  
701.2   	-80.87  
701.6   	-80.87  
702     	-80.85  
702.4   	-80.83  
702.8   	-80.81  
703.2   	-80.78  
703.6   	-80.76  
704     	-80.73  
704.4   	-80.7   
704.8   	-80.68  
705.2   	-80.65  
705.6   	-80.63  
706     	-80.61  
706.4   	-80.6   
706.8   	-80.58  
707.2   	-80.58  
707.6   	-80.57  
708     	-80.58  
708.4   	-80.58  
708.8   	-80.59  
709.2   	-80.6   
709.6   	-80.62  
710     	-80.63  
710.4   	-80.65  
710.8   	-80.67  
711.2   	-80.69  
711.6   	-80.7   
712     	-80.72  
712.4   	-80.74  
712.8   	-80.75  
713.2   	-80.77  
713.6   	-80.79  
714     	-80.82  
714.4   	-80.84  
714.8   	-80.86  
715.2   	-80.89  
715.6   	-80.91  
716     	-80.92  
716.4   	-80.94  
716.8   	-80.95  
717.2   	-80.96  
717.6   	-80.97  
718     	-80.98  
718.4   	-81     
718.8   	-81.02  
719.2   	-81.04  
719.6   	-81.06  
720     	-81.08  
720.4   	-81.09  
720.8   	-81.09  
721.2   	-81.08  
721.6   	-81.04  
722     	-80.84  
722.4   	-80.25  
722.8   	-78.56  
723.2   	-72.1   
723.6   	-47.66  
724     	38.78   
724.4   	39.59   
724.8   	24.78   
725.2   	7.075   
725.6   	-10.62  
726     	-28.97  
726.4   	-47.43  
726.8   	-61.45  
727.2   	-69.69  
727.6   	-74.27  
728     	-76.85  
728.4   	-78.36  
728.8   	-79.27  
729.2   	-79.86  
729.6   	-80.24  
730     	-80.51  
730.4   	-80.69  
730.8   	-80.82  
731.2   	-80.92  
731.6   	-80.99  
732     	-81.04  
732.4   	-81.07  
732.8   	-81.1   
733.2   	-81.12  
733.6   	-81.12  
734     	-81.13  
734.4   	-81.12  
734.8   	-81.09  
735.2   	-81.06  
735.6   	-81.01  
736     	-80.87  
736.4   	-80.43  
736.8   	-79.27  
737.2   	-75.1   
737.6   	-58.92  
738     	13.3    
738.4   	42.6    
738.8   	30.08   
739.2   	12.86   
739.6   	-4.986  
740     	-22.93  
740.4   	-41.81  
740.8   	-57.71  
741.2   	-67.57  
741.6   	-73.09  
742     	-76.18  
742.4   	-77.95  
742.8   	-79.01  
743.2   	-79.68  
743.6   	-80.11  
744     	-80.41  
744.4   	-80.62  
744.8   	-80.77  
745.2   	-80.89  
745.6   	-80.97  
746     	-81.04  
746.4   	-81.09  
746.8   	-81.12  
747.2   	-81.16  
747.6   	-81.18  
748     	-81.21  
748.4   	-81.23  
748.8   	-81.25  
749.2   	-81.26  
749.6   	-81.28  
750     	-81.28  
750.4   	-81.27  
750.8   	-81.25  
751.2   	-81.22  
751.6   	-81.18  
752     	-81.14  
752.4   	-81.1   
752.8   	-81.05  
753.2   	-80.87  
753.6   	-80.32  
754     	-78.83  
754.4   	-73.25  
754.8   	-51.88  
755.2   	34.43   
755.6   	40.79   
756     	26.64   
756.4   	9.046   
756.8   	-8.709  
757.2   	-26.93  
757.6   	-45.6   
758     	-60.29  
758.4   	-69.04  
758.8   	-73.91  
759.2   	-76.64  
759.6   	-78.23  
760     	-79.19  
760.4   	-79.8   
760.8   	-80.2   
761.2   	-80.47  
761.6   	-80.67  
762     	-80.81  
762.4   	-80.9   
762.8   	-80.97  
763.2   	-81.02  
763.6   	-81.05  
764     	-81.06  
764.4   	-81.06  
764.8   	-81.04  
765.2   	-81.02  
765.6   	-80.98  
766     	-80.95  
766.4   	-80.91  
766.8   	-80.87  
767.2   	-80.82  
767.6   	-80.78  
768     	-80.73  
768.4   	-80.68  
768.8   	-80.63  
769.2   	-80.57  
769.6   	-80.52  
770     	-80.46  
770.4   	-80.4   
770.8   	-80.33  
771.2   	-80.24  
771.6   	-80.02  
772     	-79.38  
772.4   	-77.37  
772.8   	-69.35  
773.2   	-38.5   
773.6   	42.65   
774     	37.29   
774.4   	21.56   
774.8   	3.699   
775.2   	-13.99  
775.6   	-32.62  
776     	-50.64  
776.4   	-63.45  
776.8   	-70.81  
777.2   	-74.9   
777.6   	-77.2   
778     	-78.55  
778.4   	-79.37  
778.8   	-79.89  
779.2   	-80.23  
779.6   	-80.46  
780     	-80.62  
780.4   	-80.73  
780.8   	-80.8   
781.2   	-80.84  
781.6   	-80.85  
782     	-80.85  
782.4   	-80.84  
782.8   	-80.82  
783.2   	-80.8   
783.6   	-80.77  
784     	-80.75  
784.4   	-80.72  
784.8   	-80.68  
785.2   	-80.64  
785.6   	-80.6   
786     	-80.55  
786.4   	-80.48  
786.8   	-80.26  
787.2   	-79.61  
787.6   	-77.6   
788     	-69.67  
788.4   	-39.47  
788.8   	42.41   
789.2   	37.5    
789.6   	21.86   
790     	4.007   
790.4   	-13.68  
790.8   	-32.3   
791.2   	-50.37  
791.6   	-63.29  
792     	-70.72  
792.4   	-74.85  
792.8   	-77.18  
793.2   	-78.54  
793.6   	-79.37  
794     	-79.9   
794.4   	-80.25  
794.8   	-80.48  
795.2   	-80.65  
795.6   	-80.76  
796     	-80.83  
796.4   	-80.88  
796.8   	-80.91  
797.2   	-80.93  
797.6   	-80.93  
798     	-80.92  
798.4   	-80.9   
798.8   	-80.88  
799.2   	-80.84  
799.6   	-80.8   
800     	-80.76  
800.4   	-80.69  
800.8   	-80.52  
801.2   	-79.99  
801.6   	-78.5   
802     	-72.78  
802.4   	-50.77  
802.8   	35.79   
803.2   	40.45   
803.6   	26.12   
804     	8.49    
804.4   	-9.255  
804.8   	-27.52  
805.2   	-46.15  
805.6   	-60.65  
806     	-69.24  
806.4   	-74.02  
806.8   	-76.69  
807.2   	-78.24  
807.6   	-79.18  
808     	-79.76  
808.4   	-80.15  
808.8   	-80.4   
809.2   	-80.58  
809.6   	-80.7   
810     	-80.78  
810.4   	-80.83  
810.8   	-80.86  
811.2   	-80.88  
811.6   	-80.89  
812     	-80.89  
812.4   	-80.88  
812.8   	-80.87  
813.2   	-80.86  
813.6   	-80.85  
814     	-80.83  
814.4   	-80.81  
814.8   	-80.78  
815.2   	-80.74  
815.6   	-80.69  
816     	-80.64  
816.4   	-80.59  
816.8   	-80.53  
817.2   	-80.48  
817.6   	-80.42  
818     	-80.36  
818.4   	-80.26  
818.8   	-80     
819.2   	-79.25  
819.6   	-76.73  
820     	-66.73  
820.4   	-27.81  
820.8   	43.63   
821.2   	35.08   
821.6   	18.74   
822     	0.8322  
822.4   	-16.88  
822.8   	-35.69  
823.2   	-53.14  
823.6   	-64.94  
824     	-71.65  
824.4   	-75.37  
824.8   	-77.49  
825.2   	-78.74  
825.6   	-79.51  
826     	-80.02  
826.4   	-80.35  
826.8   	-80.59  
827.2   	-80.76  
827.6   	-80.89  
828     	-80.99  
828.4   	-81.07  
828.8   	-81.13  
829.2   	-81.19  
829.6   	-81.23  
830     	-81.26  
830.4   	-81.29  
830.8   	-81.32  
831.2   	-81.34  
831.6   	-81.35  
832     	-81.36  
832.4   	-81.37  
832.8   	-81.38  
833.2   	-81.39  
833.6   	-81.4   
834     	-81.41  
834.4   	-81.43  
834.8   	-81.44  
835.2   	-81.46  
835.6   	-81.48  
836     	-81.5   
836.4   	-81.52  
836.8   	-81.54  
837.2   	-81.54  
837.6   	-81.54  
838     	-81.54  
838.4   	-81.53  
838.8   	-81.53  
839.2   	-81.52  
839.6   	-81.52  
840     	-81.51  
840.4   	-81.51  
840.8   	-81.5   
841.2   	-81.5   
841.6   	-81.5   
842     	-81.49  
842.4   	-81.49  
842.8   	-81.47  
843.2   	-81.39  
843.6   	-81.06  
844     	-80.19  
844.4   	-77.46  
844.8   	-67.08  
845.2   	-27.99  
845.6   	43.6    
846     	35.13   
846.4   	18.81   
846.8   	0.914   
847.2   	-16.79  
847.6   	-35.58  
848     	-53.04  
848.4   	-64.87  
848.8   	-71.6   
849.2   	-75.34  
849.6   	-77.47  
850     	-78.72  
850.4   	-79.49  
850.8   	-79.98  
851.2   	-80.3   
851.6   	-80.52  
852     	-80.67  
852.4   	-80.77  
852.8   	-80.85  
853.2   	-80.9   
853.6   	-80.94  
854     	-80.96  
854.4   	-80.97  
854.8   	-80.98  
855.2   	-80.97  
855.6   	-80.95  
856     	-80.93  
856.4   	-80.89  
856.8   	-80.84  
857.2   	-80.7   
857.6   	-80.23  
858     	-78.97  
858.4   	-74.3   
858.8   	-56.19  
859.2   	24.53   
859.6   	41.87   
860     	28.6    
860.4   	11.21   
860.8   	-6.578  
861.2   	-24.61  
861.6   	-43.39  
862     	-58.79  
862.4   	-68.18  
862.8   	-73.43  
863.2   	-76.37  
863.6   	-78.06  
864     	-79.08  
864.4   	-79.72  
864.8   	-80.14  
865.2   	-80.43  
865.6   	-80.63  
866     	-80.78  
866.4   	-80.88  
866.8   	-80.96  
867.2   	-81.01  
867.6   	-81.04  
868     	-81.06  
868.4   	-81.07  
868.8   	-81.06  
869.2   	-81.06  
869.6   	-81.05  
870     	-81.03  
870.4   	-81.02  
870.8   	-81     
871.2   	-80.97  
871.6   	-80.94  
872     	-80.9   
872.4   	-80.84  
872.8   	-80.71  
873.2   	-80.3   
873.6   	-79.19  
874     	-75.21  
874.4   	-59.65  
874.8   	9.496   
875.2   	42.81   
875.6   	30.5    
876     	13.33   
876.4   	-4.526  
876.8   	-22.45  
877.2   	-41.35  
877.6   	-57.4   
878     	-67.42  
878.4   	-73.03  
878.8   	-76.16  
879.2   	-77.96  
879.6   	-79.05  
880     	-79.73  
880.4   	-80.19  
880.8   	-80.5   
881.2   	-80.72  
881.6   	-80.89  
882     	-81.02  
882.4   	-81.12  
882.8   	-81.2   
883.2   	-81.27  
883.6   	-81.33  
884     	-81.38  
884.4   	-81.43  
884.8   	-81.47  
885.2   	-81.51  
885.6   	-81.55  
886     	-81.59  
886.4   	-81.62  
886.8   	-81.64  
887.2   	-81.65  
887.6   	-81.66  
888     	-81.66  
888.4   	-81.66  
888.8   	-81.65  
889.2   	-81.64  
889.6   	-81.62  
890     	-81.6   
890.4   	-81.57  
890.8   	-81.44  
891.2   	-80.99  
891.6   	-79.86  
892     	-75.99  
892.4   	-61.25  
892.8   	1.116   
893.2   	43.12   
893.6   	31.35   
894     	14.31   
894.4   	-3.562  
894.8   	-21.43  
895.2   	-40.33  
895.6   	-56.65  
896     	-66.98  
896.4   	-72.79  
896.8   	-76.03  
897.2   	-77.9   
897.6   	-79.02  
898     	-79.73  
898.4   	-80.2   
898.8   	-80.53  
899.2   	-80.77  
899.6   	-80.94  
900     	-81.06  
900.4   	-81.15  
900.8   	-81.22  
901.2   	-81.28  
901.6   	-81.32  
902     	-81.36  
902.4   	-81.38  
902.8   	-81.4   
903.2   	-81.41  
903.6   	-81.41  
904     	-81.4   
904.4   	-81.35  
904.8   	-81.11  
905.2   	-80.46  
905.6   	-78.64  
906     	-71.78  
906.4   	-46.18  
906.8   	39.71   
907.2   	39.13   
907.6   	24.16   
908     	6.427   
908.4   	-11.26  
908.8   	-29.67  
909.2   	-48.05  
909.6   	-61.83  
910     	-69.9   
910.4   	-74.4   
910.8   	-76.93  
911.2   	-78.41  
911.6   	-79.3   
912     	-79.86  
912.4   	-80.23  
912.8   	-80.48  
913.2   	-80.66  
913.6   	-80.79  
914     	-80.88  
914.4   	-80.95  
914.8   	-81     
915.2   	-81.03  
915.6   	-81.06  
916     	-81.07  
916.4   	-81.06  
916.8   	-81.05  
917.2   	-81.03  
917.6   	-81.01  
918     	-80.97  
918.4   	-80.91  
918.8   	-80.71  
919.2   	-80.12  
919.6   	-78.48  
920     	-72.21  
920.4   	-48.38  
920.8   	38.15   
921.2   	39.76   
921.6   	25.06   
922     	7.37    
922.4   	-10.34  
922.8   	-28.68  
923.2   	-47.18  
923.6   	-61.3   
924     	-69.61  
924.4   	-74.23  
924.8   	-76.83  
925.2   	-78.34  
925.6   	-79.26  
926     	-79.85  
926.4   	-80.24  
926.8   	-80.51  
927.2   	-80.7   
927.6   	-80.84  
928     	-80.95  
928.4   	-81.03  
928.8   	-81.08  
929.2   	-81.12  
929.6   	-81.15  
930     	-81.17  
930.4   	-81.18  
930.8   	-81.19  
931.2   	-81.19  
931.6   	-81.18  
932     	-81.17  
932.4   	-81.14  
932.8   	-81.1   
933.2   	-81.06  
933.6   	-81.02  
934     	-80.97  
934.4   	-80.93  
934.8   	-80.89  
935.2   	-80.85  
935.6   	-80.81  
936     	-80.78  
936.4   	-80.74  
936.8   	-80.7   
937.2   	-80.65  
937.6   	-80.6   
938     	-80.54  
938.4   	-80.49  
938.8   	-80.44  
939.2   	-80.39  
939.6   	-80.34  
940     	-80.29  
940.4   	-80.25  
940.8   	-80.22  
941.2   	-80.19  
941.6   	-80.16  
942     	-80.14  
942.4   	-80.12  
942.8   	-80.1   
943.2   	-80.09  
943.6   	-80.08  
944     	-80.08  
944.4   	-80.08  
944.8   	-80.08  
945.2   	-80.08  
945.6   	-80.09  
946     	-80.09  
946.4   	-80.1   
946.8   	-80.11  
947.2   	-80.11  
947.6   	-80.11  
948     	-80.11  
948.4   	-80.1   
948.8   	-80.1   
949.2   	-80.09  
949.6   	-80.08  
950     	-80.08  
950.4   	-80.07  
950.8   	-80.06  
951.2   	-80.05  
951.6   	-80.04  
952     	-80.02  
952.4   	-79.99  
952.8   	-79.97  
953.2   	-79.94  
953.6   	-79.91  
954     	-79.88  
954.4   	-79.85  
954.8   	-79.82  
955.2   	-79.78  
955.6   	-79.75  
956     	-79.72  
956.4   	-79.69  
956.8   	-79.66  
957.2   	-79.63  
957.6   	-79.61  
958     	-79.59  
958.4   	-79.58  
958.8   	-79.57  
959.2   	-79.57  
959.6   	-79.57  
960     	-79.56  
960.4   	-79.49  
960.8   	-79.14  
961.2   	-78.05  
961.6   	-73.78  
962     	-56.39  
962.4   	23.69   
962.8   	42.02   
963.2   	28.77   
963.6   	11.38   
964     	-6.422  
964.4   	-24.45  
964.8   	-43.27  
965.2   	-58.73  
965.6   	-68.17  
966     	-73.44  
966.4   	-76.38  
966.8   	-78.07  
967.2   	-79.08  
967.6   	-79.71  
968     	-80.11  
968.4   	-80.38  
968.8   	-80.57  
969.2   	-80.7   
969.6   	-80.8   
970     	-80.86  
970.4   	-80.9   
970.8   	-80.91  
971.2   	-80.9   
971.6   	-80.88  
972     	-80.85  
972.4   	-80.81  
972.8   	-80.78  
973.2   	-80.74  
973.6   	-80.71  
974     	-80.68  
974.4   	-80.65  
974.8   	-80.62  
975.2   	-80.59  
975.6   	-80.54  
976     	-80.49  
976.4   	-80.44  
976.8   	-80.39  
977.2   	-80.33  
977.6   	-80.18  
978     	-79.74  
978.4   	-78.49  
978.8   	-73.75  
979.2   	-54.99  
979.6   	28.24   
980     	41.62   
980.4   	28.06   
980.8   	10.6    
981.2   	-7.183  
981.6   	-25.28  
982     	-44.05  
982.4   	-59.26  
982.8   	-68.46  
983.2   	-73.6   
983.6   	-76.47  
984     	-78.12  
984.4   	-79.11  
984.8   	-79.73  
985.2   	-80.14  
985.6   	-80.4   
986     	-80.58  
986.4   	-80.7   
986.8   	-80.78  
987.2   	-80.83  
987.6   	-80.87  
988     	-80.89  
988.4   	-80.9   
988.8   	-80.89  
989.2   	-80.87  
989.6   	-80.83  
990     	-80.78  
990.4   	-80.73  
990.8   	-80.67  
991.2   	-80.61  
991.6   	-80.55  
992     	-80.49  
992.4   	-80.43  
992.8   	-80.33  
993.2   	-80.03  
993.6   	-79.2   
994     	-76.36  
994.4   	-65.1   
994.8   	-20.55  
995.2   	43.67   
995.6   	33.88   
996     	17.28   
996.4   	-0.6305 
996.8   	-18.38  
997.2   	-37.25  
997.6   	-54.37  
998     	-65.65  
998.4   	-72.03  
998.8   	-75.57  
999.2   	-77.58  
999.6   	-78.76  
