
SWEPT_VAR_1 = 95.0    // Syn: Source PP \ NetStim \ PARAMETER \ interval (ms)

t	s.v( 0.05 )
ms	mV
0       	-64.65  
0.4     	-65.51  
0.8     	-66.35  
1.2     	-67.15  
1.6     	-67.92  
2       	-68.66  
2.4     	-69.37  
2.8     	-70.05  
3.2     	-70.7   
3.6     	-71.32  
4       	-71.89  
4.4     	-72.43  
4.8     	-72.94  
5.2     	-73.4   
5.6     	-73.84  
6       	-74.24  
6.4     	-74.63  
6.8     	-74.99  
7.2     	-75.33  
7.6     	-75.65  
8       	-75.96  
8.4     	-76.26  
8.8     	-76.53  
9.2     	-76.79  
9.6     	-77.03  
10      	-77.26  
10.4    	-77.46  
10.8    	-77.65  
11.2    	-77.82  
11.6    	-77.99  
12      	-78.14  
12.4    	-78.29  
12.8    	-78.43  
13.2    	-78.55  
13.6    	-78.65  
14      	-78.74  
14.4    	-78.83  
14.8    	-78.9   
15.2    	-78.98  
15.6    	-79.05  
16      	-79.11  
16.4    	-79.16  
16.8    	-79.16  
17.2    	-78.92  
17.6    	-78.07  
18      	-74.79  
18.4    	-61.17  
18.8    	-0.5173 
19.2    	43.22   
19.6    	31.49   
20      	14.44   
20.4    	-3.446  
20.8    	-21.32  
21.2    	-40.24  
21.6    	-56.63  
22      	-66.99  
22.4    	-72.79  
22.8    	-76.03  
23.2    	-77.88  
23.6    	-79     
24      	-79.7   
24.4    	-80.16  
24.8    	-80.47  
25.2    	-80.7   
25.6    	-80.87  
26      	-81     
26.4    	-81.1   
26.8    	-81.18  
27.2    	-81.25  
27.6    	-81.31  
28      	-81.35  
28.4    	-81.4   
28.8    	-81.44  
29.2    	-81.47  
29.6    	-81.5   
30      	-81.52  
30.4    	-81.53  
30.8    	-81.54  
31.2    	-81.54  
31.6    	-81.54  
32      	-81.55  
32.4    	-81.55  
32.8    	-81.56  
33.2    	-81.57  
33.6    	-81.57  
34      	-81.58  
34.4    	-81.59  
34.8    	-81.6   
35.2    	-81.61  
35.6    	-81.63  
36      	-81.64  
36.4    	-81.66  
36.8    	-81.68  
37.2    	-81.71  
37.6    	-81.73  
38      	-81.75  
38.4    	-81.77  
38.8    	-81.78  
39.2    	-81.79  
39.6    	-81.79  
40      	-81.79  
40.4    	-81.78  
40.8    	-81.78  
41.2    	-81.77  
41.6    	-81.76  
42      	-81.75  
42.4    	-81.74  
42.8    	-81.73  
43.2    	-81.72  
43.6    	-81.71  
44      	-81.7   
44.4    	-81.68  
44.8    	-81.67  
45.2    	-81.66  
45.6    	-81.64  
46      	-81.63  
46.4    	-81.62  
46.8    	-81.61  
47.2    	-81.6   
47.6    	-81.59  
48      	-81.58  
48.4    	-81.57  
48.8    	-81.56  
49.2    	-81.56  
49.6    	-81.55  
50      	-81.54  
50.4    	-81.53  
50.8    	-81.52  
51.2    	-81.52  
51.6    	-81.52  
52      	-81.52  
52.4    	-81.52  
52.8    	-81.52  
53.2    	-81.52  
53.6    	-81.52  
54      	-81.51  
54.4    	-81.51  
54.8    	-81.5   
55.2    	-81.49  
55.6    	-81.49  
56      	-81.49  
56.4    	-81.49  
56.8    	-81.5   
57.2    	-81.51  
57.6    	-81.52  
58      	-81.53  
58.4    	-81.55  
58.8    	-81.56  
59.2    	-81.58  
59.6    	-81.59  
60      	-81.61  
60.4    	-81.62  
60.8    	-81.63  
61.2    	-81.64  
61.6    	-81.66  
62      	-81.68  
62.4    	-81.69  
62.8    	-81.72  
63.2    	-81.74  
63.6    	-81.76  
64      	-81.77  
64.4    	-81.79  
64.8    	-81.8   
65.2    	-81.81  
65.6    	-81.83  
66      	-81.84  
66.4    	-81.84  
66.8    	-81.85  
67.2    	-81.85  
67.6    	-81.85  
68      	-81.86  
68.4    	-81.86  
68.8    	-81.86  
69.2    	-81.85  
69.6    	-81.82  
70      	-81.8   
70.4    	-81.77  
70.8    	-81.73  
71.2    	-81.69  
71.6    	-81.65  
72      	-81.62  
72.4    	-81.58  
72.8    	-81.55  
73.2    	-81.51  
73.6    	-81.48  
74      	-81.45  
74.4    	-81.42  
74.8    	-81.38  
75.2    	-81.35  
75.6    	-81.32  
76      	-81.29  
76.4    	-81.26  
76.8    	-81.24  
77.2    	-81.23  
77.6    	-81.21  
78      	-81.21  
78.4    	-81.21  
78.8    	-81.21  
79.2    	-81.22  
79.6    	-81.23  
80      	-81.25  
80.4    	-81.27  
80.8    	-81.3   
81.2    	-81.32  
81.6    	-81.35  
82      	-81.38  
82.4    	-81.41  
82.8    	-81.43  
83.2    	-81.44  
83.6    	-81.46  
84      	-81.47  
84.4    	-81.49  
84.8    	-81.5   
85.2    	-81.52  
85.6    	-81.54  
86      	-81.56  
86.4    	-81.58  
86.8    	-81.61  
87.2    	-81.63  
87.6    	-81.66  
88      	-81.7   
88.4    	-81.73  
88.8    	-81.76  
89.2    	-81.8   
89.6    	-81.84  
90      	-81.88  
90.4    	-81.91  
90.8    	-81.92  
91.2    	-81.93  
91.6    	-81.93  
92      	-81.93  
92.4    	-81.93  
92.8    	-81.93  
93.2    	-81.94  
93.6    	-81.94  
94      	-81.95  
94.4    	-81.95  
94.8    	-81.95  
95.2    	-81.95  
95.6    	-81.95  
96      	-81.95  
96.4    	-81.96  
96.8    	-81.96  
97.2    	-81.98  
97.6    	-81.99  
98      	-82.01  
98.4    	-82.03  
98.8    	-82.05  
99.2    	-82.06  
99.6    	-82.07  
100     	-82.07  
100.4   	-82.07  
100.8   	-82.06  
101.2   	-82.05  
101.6   	-82.03  
102     	-82.02  
102.4   	-82     
102.8   	-81.98  
103.2   	-81.97  
103.6   	-81.95  
104     	-81.93  
104.4   	-81.91  
104.8   	-81.88  
105.2   	-81.84  
105.6   	-81.77  
106     	-81.52  
106.4   	-80.85  
106.8   	-79.04  
107.2   	-72.34  
107.6   	-47.5   
108     	38.88   
108.4   	39.54   
108.8   	24.72   
109.2   	7.011   
109.6   	-10.68  
110     	-29.04  
110.4   	-47.48  
110.8   	-61.48  
111.2   	-69.71  
111.6   	-74.29  
112     	-76.88  
112.4   	-78.39  
112.8   	-79.31  
113.2   	-79.9   
113.6   	-80.3   
114     	-80.57  
114.4   	-80.78  
114.8   	-80.93  
115.2   	-81.05  
115.6   	-81.15  
116     	-81.22  
116.4   	-81.28  
116.8   	-81.32  
117.2   	-81.36  
117.6   	-81.39  
118     	-81.41  
118.4   	-81.43  
118.8   	-81.45  
119.2   	-81.46  
119.6   	-81.47  
120     	-81.47  
120.4   	-81.46  
120.8   	-81.44  
121.2   	-81.43  
121.6   	-81.4   
122     	-81.37  
122.4   	-81.33  
122.8   	-81.3   
123.2   	-81.27  
123.6   	-81.24  
124     	-81.21  
124.4   	-81.19  
124.8   	-81.16  
125.2   	-81.14  
125.6   	-81.11  
126     	-81.08  
126.4   	-81.05  
126.8   	-81.02  
127.2   	-80.98  
127.6   	-80.95  
128     	-80.91  
128.4   	-80.87  
128.8   	-80.82  
129.2   	-80.73  
129.6   	-80.43  
130     	-79.61  
130.4   	-76.94  
130.8   	-66.49  
131.2   	-26.24  
131.6   	43.67   
132     	34.82   
132.4   	18.42   
132.8   	0.5172  
133.2   	-17.2   
133.6   	-36.02  
134     	-53.39  
134.4   	-65.08  
134.8   	-71.71  
135.2   	-75.39  
135.6   	-77.49  
136     	-78.72  
136.4   	-79.49  
136.8   	-79.98  
137.2   	-80.31  
137.6   	-80.54  
138     	-80.7   
138.4   	-80.82  
138.8   	-80.91  
139.2   	-80.98  
139.6   	-81.03  
140     	-81.07  
140.4   	-81.1   
140.8   	-81.12  
141.2   	-81.12  
141.6   	-81.11  
142     	-81.1   
142.4   	-81.08  
142.8   	-81.06  
143.2   	-81.04  
143.6   	-81     
144     	-80.97  
144.4   	-80.92  
144.8   	-80.86  
145.2   	-80.66  
145.6   	-80.08  
146     	-78.43  
146.4   	-72.08  
146.8   	-47.88  
147.2   	38.59   
147.6   	39.64   
148     	24.86   
148.4   	7.156   
148.8   	-10.55  
149.2   	-28.9   
149.6   	-47.38  
150     	-61.43  
150.4   	-69.69  
150.8   	-74.3   
151.2   	-76.89  
151.6   	-78.4   
152     	-79.33  
152.4   	-79.93  
152.8   	-80.33  
153.2   	-80.6   
153.6   	-80.81  
154     	-80.96  
154.4   	-81.08  
154.8   	-81.17  
155.2   	-81.25  
155.6   	-81.32  
156     	-81.38  
156.4   	-81.43  
156.8   	-81.47  
157.2   	-81.49  
157.6   	-81.52  
158     	-81.54  
158.4   	-81.55  
158.8   	-81.56  
159.2   	-81.57  
159.6   	-81.58  
160     	-81.58  
160.4   	-81.58  
160.8   	-81.57  
161.2   	-81.55  
161.6   	-81.53  
162     	-81.52  
162.4   	-81.5   
162.8   	-81.49  
163.2   	-81.49  
163.6   	-81.48  
164     	-81.49  
164.4   	-81.49  
164.8   	-81.48  
165.2   	-81.49  
165.6   	-81.49  
166     	-81.49  
166.4   	-81.5   
166.8   	-81.51  
167.2   	-81.51  
167.6   	-81.51  
168     	-81.52  
168.4   	-81.53  
168.8   	-81.54  
169.2   	-81.54  
169.6   	-81.55  
170     	-81.56  
170.4   	-81.56  
170.8   	-81.57  
171.2   	-81.57  
171.6   	-81.58  
172     	-81.58  
172.4   	-81.57  
172.8   	-81.56  
173.2   	-81.55  
173.6   	-81.54  
174     	-81.53  
174.4   	-81.52  
174.8   	-81.51  
175.2   	-81.5   
175.6   	-81.5   
176     	-81.5   
176.4   	-81.5   
176.8   	-81.5   
177.2   	-81.51  
177.6   	-81.52  
178     	-81.53  
178.4   	-81.55  
178.8   	-81.56  
179.2   	-81.58  
179.6   	-81.59  
180     	-81.61  
180.4   	-81.63  
180.8   	-81.66  
181.2   	-81.68  
181.6   	-81.71  
182     	-81.74  
182.4   	-81.77  
182.8   	-81.8   
183.2   	-81.82  
183.6   	-81.85  
184     	-81.88  
184.4   	-81.9   
184.8   	-81.92  
185.2   	-81.94  
185.6   	-81.96  
186     	-81.98  
186.4   	-82.01  
186.8   	-82.03  
187.2   	-82.04  
187.6   	-82.06  
188     	-82.07  
188.4   	-82.08  
188.8   	-82.09  
189.2   	-82.09  
189.6   	-82.1   
190     	-82.11  
190.4   	-82.12  
190.8   	-82.13  
191.2   	-82.14  
191.6   	-82.16  
192     	-82.18  
192.4   	-82.2   
192.8   	-82.22  
193.2   	-82.25  
193.6   	-82.27  
194     	-82.3   
194.4   	-82.33  
194.8   	-82.36  
195.2   	-82.39  
195.6   	-82.43  
196     	-82.46  
196.4   	-82.49  
196.8   	-82.51  
197.2   	-82.52  
197.6   	-82.52  
198     	-82.52  
198.4   	-82.51  
198.8   	-82.49  
199.2   	-82.47  
199.6   	-82.45  
200     	-82.42  
200.4   	-82.39  
200.8   	-82.37  
201.2   	-82.35  
201.6   	-82.33  
202     	-82.32  
202.4   	-82.3   
202.8   	-82.27  
203.2   	-82.24  
203.6   	-82.21  
204     	-82.17  
204.4   	-82.13  
204.8   	-82.1   
205.2   	-82.07  
205.6   	-82.04  
206     	-82.02  
206.4   	-82     
206.8   	-81.98  
207.2   	-81.97  
207.6   	-81.95  
208     	-81.95  
208.4   	-81.94  
208.8   	-81.94  
209.2   	-81.94  
209.6   	-81.94  
210     	-81.94  
210.4   	-81.94  
210.8   	-81.95  
211.2   	-81.94  
211.6   	-81.94  
212     	-81.93  
212.4   	-81.93  
212.8   	-81.93  
213.2   	-81.93  
213.6   	-81.93  
214     	-81.92  
214.4   	-81.9   
214.8   	-81.88  
215.2   	-81.86  
215.6   	-81.84  
216     	-81.81  
216.4   	-81.79  
216.8   	-81.75  
217.2   	-81.71  
217.6   	-81.67  
218     	-81.63  
218.4   	-81.58  
218.8   	-81.53  
219.2   	-81.48  
219.6   	-81.42  
220     	-81.35  
220.4   	-81.29  
220.8   	-81.21  
221.2   	-81.01  
221.6   	-80.44  
222     	-78.9   
222.4   	-73.12  
222.8   	-51.14  
223.2   	35.45   
223.6   	40.59   
224     	26.31   
224.4   	8.697   
224.8   	-9.051  
225.2   	-27.3   
225.6   	-45.95  
226     	-60.51  
226.4   	-69.17  
226.8   	-73.99  
227.2   	-76.7   
227.6   	-78.27  
228     	-79.23  
228.4   	-79.84  
228.8   	-80.25  
229.2   	-80.53  
229.6   	-80.73  
230     	-80.88  
230.4   	-80.99  
230.8   	-81.07  
231.2   	-81.14  
231.6   	-81.19  
232     	-81.22  
232.4   	-81.25  
232.8   	-81.27  
233.2   	-81.29  
233.6   	-81.3   
234     	-81.31  
234.4   	-81.31  
234.8   	-81.31  
235.2   	-81.32  
235.6   	-81.32  
236     	-81.33  
236.4   	-81.34  
236.8   	-81.34  
237.2   	-81.35  
237.6   	-81.36  
238     	-81.37  
238.4   	-81.37  
238.8   	-81.38  
239.2   	-81.38  
239.6   	-81.39  
240     	-81.4   
240.4   	-81.41  
240.8   	-81.42  
241.2   	-81.44  
241.6   	-81.45  
242     	-81.46  
242.4   	-81.46  
242.8   	-81.46  
243.2   	-81.45  
243.6   	-81.44  
244     	-81.42  
244.4   	-81.39  
244.8   	-81.37  
245.2   	-81.35  
245.6   	-81.33  
246     	-81.3   
246.4   	-81.28  
246.8   	-81.26  
247.2   	-81.24  
247.6   	-81.22  
248     	-81.18  
248.4   	-81.12  
248.8   	-80.89  
249.2   	-80.24  
249.6   	-78.39  
250     	-71.33  
250.4   	-44.73  
250.8   	40.64   
251.2   	38.82   
251.6   	23.67   
252     	5.899   
252.4   	-11.79  
252.8   	-30.25  
253.2   	-48.58  
253.6   	-62.18  
254     	-70.1   
254.4   	-74.51  
254.8   	-76.99  
255.2   	-78.44  
255.6   	-79.33  
256     	-79.9   
256.4   	-80.28  
256.8   	-80.54  
257.2   	-80.73  
257.6   	-80.87  
258     	-80.98  
258.4   	-81.06  
258.8   	-81.13  
259.2   	-81.19  
259.6   	-81.24  
260     	-81.28  
260.4   	-81.31  
260.8   	-81.34  
261.2   	-81.35  
261.6   	-81.37  
262     	-81.37  
262.4   	-81.38  
262.8   	-81.39  
263.2   	-81.4   
263.6   	-81.41  
264     	-81.41  
264.4   	-81.42  
264.8   	-81.43  
265.2   	-81.44  
265.6   	-81.45  
266     	-81.47  
266.4   	-81.48  
266.8   	-81.5   
267.2   	-81.51  
267.6   	-81.52  
268     	-81.51  
268.4   	-81.5   
268.8   	-81.48  
269.2   	-81.45  
269.6   	-81.41  
270     	-81.36  
270.4   	-81.31  
270.8   	-81.26  
271.2   	-81.21  
271.6   	-81.16  
272     	-81.11  
272.4   	-81.05  
272.8   	-81     
273.2   	-80.95  
273.6   	-80.9   
274     	-80.86  
274.4   	-80.82  
274.8   	-80.77  
275.2   	-80.72  
275.6   	-80.68  
276     	-80.63  
276.4   	-80.59  
276.8   	-80.55  
277.2   	-80.52  
277.6   	-80.5   
278     	-80.48  
278.4   	-80.46  
278.8   	-80.45  
279.2   	-80.44  
279.6   	-80.43  
280     	-80.43  
280.4   	-80.43  
280.8   	-80.42  
281.2   	-80.41  
281.6   	-80.4   
282     	-80.38  
282.4   	-80.35  
282.8   	-80.32  
283.2   	-80.29  
283.6   	-80.26  
284     	-80.24  
284.4   	-80.21  
284.8   	-80.2   
285.2   	-80.19  
285.6   	-80.18  
286     	-80.18  
286.4   	-80.17  
286.8   	-80.17  
287.2   	-80.17  
287.6   	-80.17  
288     	-80.18  
288.4   	-80.19  
288.8   	-80.2   
289.2   	-80.22  
289.6   	-80.24  
290     	-80.26  
290.4   	-80.28  
290.8   	-80.31  
291.2   	-80.33  
291.6   	-80.35  
292     	-80.38  
292.4   	-80.39  
292.8   	-80.4   
293.2   	-80.35  
293.6   	-80.01  
294     	-79.05  
294.4   	-75.62  
294.8   	-62.01  
295.2   	-4.291  
295.6   	43.31   
296     	31.88   
296.4   	14.9    
296.8   	-2.977  
297.2   	-20.82  
297.6   	-39.73  
298     	-56.23  
298.4   	-66.75  
298.8   	-72.67  
299.2   	-75.98  
299.6   	-77.88  
300     	-79.02  
300.4   	-79.74  
300.8   	-80.22  
301.2   	-80.56  
301.6   	-80.8   
302     	-80.98  
302.4   	-81.13  
302.8   	-81.25  
303.2   	-81.34  
303.6   	-81.42  
304     	-81.49  
304.4   	-81.55  
304.8   	-81.6   
305.2   	-81.63  
305.6   	-81.66  
306     	-81.69  
306.4   	-81.72  
306.8   	-81.74  
307.2   	-81.77  
307.6   	-81.79  
308     	-81.81  
308.4   	-81.83  
308.8   	-81.85  
309.2   	-81.86  
309.6   	-81.88  
310     	-81.89  
310.4   	-81.91  
310.8   	-81.93  
311.2   	-81.95  
311.6   	-81.96  
312     	-81.97  
312.4   	-81.98  
312.8   	-81.99  
313.2   	-81.99  
313.6   	-81.99  
314     	-81.99  
314.4   	-81.98  
314.8   	-81.97  
315.2   	-81.95  
315.6   	-81.91  
316     	-81.72  
316.4   	-81.16  
316.8   	-79.74  
317.2   	-74.77  
317.6   	-56.09  
318     	25.38   
318.4   	41.86   
318.8   	28.55   
319.2   	11.15   
319.6   	-6.633  
320     	-24.67  
320.4   	-43.45  
320.8   	-58.83  
321.2   	-68.22  
321.6   	-73.48  
322     	-76.43  
322.4   	-78.14  
322.8   	-79.18  
323.2   	-79.84  
323.6   	-80.28  
324     	-80.58  
324.4   	-80.8   
324.8   	-80.96  
325.2   	-81.09  
325.6   	-81.19  
326     	-81.27  
326.4   	-81.33  
326.8   	-81.39  
327.2   	-81.44  
327.6   	-81.49  
328     	-81.53  
328.4   	-81.57  
328.8   	-81.6   
329.2   	-81.64  
329.6   	-81.67  
330     	-81.69  
330.4   	-81.72  
330.8   	-81.74  
331.2   	-81.77  
331.6   	-81.79  
332     	-81.81  
332.4   	-81.83  
332.8   	-81.84  
333.2   	-81.86  
333.6   	-81.86  
334     	-81.87  
334.4   	-81.87  
334.8   	-81.88  
335.2   	-81.88  
335.6   	-81.88  
336     	-81.89  
336.4   	-81.89  
336.8   	-81.89  
337.2   	-81.89  
337.6   	-81.87  
338     	-81.85  
338.4   	-81.83  
338.8   	-81.81  
339.2   	-81.79  
339.6   	-81.76  
340     	-81.74  
340.4   	-81.72  
340.8   	-81.69  
341.2   	-81.67  
341.6   	-81.65  
342     	-81.63  
342.4   	-81.61  
342.8   	-81.6   
343.2   	-81.6   
343.6   	-81.6   
344     	-81.6   
344.4   	-81.59  
344.8   	-81.57  
345.2   	-81.56  
345.6   	-81.54  
346     	-81.52  
346.4   	-81.49  
346.8   	-81.47  
347.2   	-81.44  
347.6   	-81.42  
348     	-81.39  
348.4   	-81.36  
348.8   	-81.34  
349.2   	-81.32  
349.6   	-81.31  
350     	-81.3   
350.4   	-81.3   
350.8   	-81.3   
351.2   	-81.3   
351.6   	-81.31  
352     	-81.31  
352.4   	-81.3   
352.8   	-81.28  
353.2   	-81.24  
353.6   	-81.19  
354     	-81.14  
354.4   	-81.09  
354.8   	-81.04  
355.2   	-80.99  
355.6   	-80.95  
356     	-80.91  
356.4   	-80.87  
356.8   	-80.83  
357.2   	-80.79  
357.6   	-80.75  
358     	-80.7   
358.4   	-80.66  
358.8   	-80.62  
359.2   	-80.58  
359.6   	-80.55  
360     	-80.52  
360.4   	-80.5   
360.8   	-80.48  
361.2   	-80.47  
361.6   	-80.47  
362     	-80.47  
362.4   	-80.47  
362.8   	-80.48  
363.2   	-80.49  
363.6   	-80.51  
364     	-80.52  
364.4   	-80.53  
364.8   	-80.54  
365.2   	-80.55  
365.6   	-80.57  
366     	-80.59  
366.4   	-80.61  
366.8   	-80.64  
367.2   	-80.67  
367.6   	-80.7   
368     	-80.74  
368.4   	-80.78  
368.8   	-80.82  
369.2   	-80.86  
369.6   	-80.9   
370     	-80.94  
370.4   	-80.98  
370.8   	-81.02  
371.2   	-81.07  
371.6   	-81.11  
372     	-81.16  
372.4   	-81.21  
372.8   	-81.26  
373.2   	-81.31  
373.6   	-81.37  
374     	-81.42  
374.4   	-81.48  
374.8   	-81.53  
375.2   	-81.58  
375.6   	-81.62  
376     	-81.65  
376.4   	-81.68  
376.8   	-81.71  
377.2   	-81.73  
377.6   	-81.75  
378     	-81.76  
378.4   	-81.78  
378.8   	-81.79  
379.2   	-81.8   
379.6   	-81.81  
380     	-81.81  
380.4   	-81.81  
380.8   	-81.81  
381.2   	-81.8   
381.6   	-81.78  
382     	-81.75  
382.4   	-81.73  
382.8   	-81.7   
383.2   	-81.67  
383.6   	-81.65  
384     	-81.62  
384.4   	-81.6   
384.8   	-81.58  
385.2   	-81.55  
385.6   	-81.53  
386     	-81.51  
386.4   	-81.48  
386.8   	-81.46  
387.2   	-81.44  
387.6   	-81.43  
388     	-81.41  
388.4   	-81.4   
388.8   	-81.4   
389.2   	-81.4   
389.6   	-81.4   
390     	-81.4   
390.4   	-81.39  
390.8   	-81.39  
391.2   	-81.39  
391.6   	-81.39  
392     	-81.39  
392.4   	-81.4   
392.8   	-81.4   
393.2   	-81.42  
393.6   	-81.43  
394     	-81.45  
394.4   	-81.47  
394.8   	-81.49  
395.2   	-81.52  
395.6   	-81.55  
396     	-81.58  
396.4   	-81.61  
396.8   	-81.64  
397.2   	-81.66  
397.6   	-81.67  
398     	-81.68  
398.4   	-81.68  
398.8   	-81.68  
399.2   	-81.68  
399.6   	-81.67  
400     	-81.67  
400.4   	-81.67  
400.8   	-81.67  
401.2   	-81.67  
401.6   	-81.68  
402     	-81.68  
402.4   	-81.69  
402.8   	-81.7   
403.2   	-81.71  
403.6   	-81.72  
404     	-81.73  
404.4   	-81.74  
404.8   	-81.74  
405.2   	-81.75  
405.6   	-81.76  
406     	-81.78  
406.4   	-81.79  
406.8   	-81.8   
407.2   	-81.81  
407.6   	-81.82  
408     	-81.83  
408.4   	-81.83  
408.8   	-81.84  
409.2   	-81.84  
409.6   	-81.85  
410     	-81.85  
410.4   	-81.86  
410.8   	-81.86  
411.2   	-81.86  
411.6   	-81.85  
412     	-81.83  
412.4   	-81.81  
412.8   	-81.79  
413.2   	-81.77  
413.6   	-81.75  
414     	-81.73  
414.4   	-81.72  
414.8   	-81.71  
415.2   	-81.71  
415.6   	-81.71  
416     	-81.71  
416.4   	-81.72  
416.8   	-81.73  
417.2   	-81.74  
417.6   	-81.76  
418     	-81.77  
418.4   	-81.78  
418.8   	-81.79  
419.2   	-81.81  
419.6   	-81.82  
420     	-81.83  
420.4   	-81.84  
420.8   	-81.84  
421.2   	-81.84  
421.6   	-81.84  
422     	-81.83  
422.4   	-81.83  
422.8   	-81.83  
423.2   	-81.82  
423.6   	-81.82  
424     	-81.82  
424.4   	-81.82  
424.8   	-81.82  
425.2   	-81.81  
425.6   	-81.82  
426     	-81.82  
426.4   	-81.83  
426.8   	-81.84  
427.2   	-81.85  
427.6   	-81.86  
428     	-81.86  
428.4   	-81.87  
428.8   	-81.88  
429.2   	-81.89  
429.6   	-81.9   
430     	-81.91  
430.4   	-81.92  
430.8   	-81.93  
431.2   	-81.93  
431.6   	-81.93  
432     	-81.93  
432.4   	-81.92  
432.8   	-81.91  
433.2   	-81.9   
433.6   	-81.89  
434     	-81.87  
434.4   	-81.86  
434.8   	-81.84  
435.2   	-81.82  
435.6   	-81.8   
436     	-81.77  
436.4   	-81.74  
436.8   	-81.71  
437.2   	-81.69  
437.6   	-81.66  
438     	-81.64  
438.4   	-81.62  
438.8   	-81.61  
439.2   	-81.6   
439.6   	-81.59  
440     	-81.59  
440.4   	-81.6   
440.8   	-81.6   
441.2   	-81.61  
441.6   	-81.63  
442     	-81.65  
442.4   	-81.67  
442.8   	-81.69  
443.2   	-81.72  
443.6   	-81.75  
444     	-81.78  
444.4   	-81.81  
444.8   	-81.83  
445.2   	-81.86  
445.6   	-81.88  
446     	-81.91  
446.4   	-81.92  
446.8   	-81.94  
447.2   	-81.94  
447.6   	-81.94  
448     	-81.93  
448.4   	-81.91  
448.8   	-81.9   
449.2   	-81.88  
449.6   	-81.86  
450     	-81.84  
450.4   	-81.82  
450.8   	-81.8   
451.2   	-81.77  
451.6   	-81.74  
452     	-81.7   
452.4   	-81.67  
452.8   	-81.64  
453.2   	-81.6   
453.6   	-81.56  
454     	-81.51  
454.4   	-81.47  
454.8   	-81.43  
455.2   	-81.39  
455.6   	-81.36  
456     	-81.33  
456.4   	-81.3   
456.8   	-81.28  
457.2   	-81.27  
457.6   	-81.25  
458     	-81.25  
458.4   	-81.24  
458.8   	-81.24  
459.2   	-81.23  
459.6   	-81.22  
460     	-81.21  
460.4   	-81.19  
460.8   	-81.19  
461.2   	-81.18  
461.6   	-81.18  
462     	-81.18  
462.4   	-81.19  
462.8   	-81.2   
463.2   	-81.21  
463.6   	-81.22  
464     	-81.23  
464.4   	-81.24  
464.8   	-81.25  
465.2   	-81.26  
465.6   	-81.28  
466     	-81.3   
466.4   	-81.32  
466.8   	-81.35  
467.2   	-81.38  
467.6   	-81.41  
468     	-81.45  
468.4   	-81.48  
468.8   	-81.52  
469.2   	-81.57  
469.6   	-81.61  
470     	-81.65  
470.4   	-81.68  
470.8   	-81.71  
471.2   	-81.71  
471.6   	-81.71  
472     	-81.69  
472.4   	-81.66  
472.8   	-81.64  
473.2   	-81.61  
473.6   	-81.58  
474     	-81.55  
474.4   	-81.52  
474.8   	-81.49  
475.2   	-81.44  
475.6   	-81.4   
476     	-81.35  
476.4   	-81.31  
476.8   	-81.26  
477.2   	-81.21  
477.6   	-81.15  
478     	-81.1   
478.4   	-81.05  
478.8   	-81.01  
479.2   	-80.96  
479.6   	-80.92  
480     	-80.88  
480.4   	-80.84  
480.8   	-80.8   
481.2   	-80.76  
481.6   	-80.73  
482     	-80.69  
482.4   	-80.66  
482.8   	-80.62  
483.2   	-80.59  
483.6   	-80.56  
484     	-80.53  
484.4   	-80.51  
484.8   	-80.49  
485.2   	-80.47  
485.6   	-80.45  
486     	-80.42  
486.4   	-80.4   
486.8   	-80.37  
487.2   	-80.35  
487.6   	-80.33  
488     	-80.32  
488.4   	-80.31  
488.8   	-80.31  
489.2   	-80.31  
489.6   	-80.31  
490     	-80.31  
490.4   	-80.31  
490.8   	-80.32  
491.2   	-80.34  
491.6   	-80.35  
492     	-80.37  
492.4   	-80.39  
492.8   	-80.42  
493.2   	-80.45  
493.6   	-80.47  
494     	-80.51  
494.4   	-80.54  
494.8   	-80.58  
495.2   	-80.62  
495.6   	-80.65  
496     	-80.69  
496.4   	-80.73  
496.8   	-80.77  
497.2   	-80.82  
497.6   	-80.86  
498     	-80.9   
498.4   	-80.94  
498.8   	-80.97  
499.2   	-81     
499.6   	-81.04  
500     	-81.07  
500.4   	-81.1   
500.8   	-81.13  
501.2   	-81.16  
501.6   	-81.19  
502     	-81.21  
502.4   	-81.23  
502.8   	-81.25  
503.2   	-81.26  
503.6   	-81.28  
504     	-81.29  
504.4   	-81.31  
504.8   	-81.32  
505.2   	-81.34  
505.6   	-81.36  
506     	-81.37  
506.4   	-81.38  
506.8   	-81.4   
507.2   	-81.42  
507.6   	-81.43  
508     	-81.44  
508.4   	-81.45  
508.8   	-81.46  
509.2   	-81.46  
509.6   	-81.47  
510     	-81.47  
510.4   	-81.46  
510.8   	-81.46  
511.2   	-81.46  
511.6   	-81.46  
512     	-81.46  
512.4   	-81.47  
512.8   	-81.48  
513.2   	-81.49  
513.6   	-81.5   
514     	-81.52  
514.4   	-81.54  
514.8   	-81.56  
515.2   	-81.59  
515.6   	-81.61  
516     	-81.65  
516.4   	-81.68  
516.8   	-81.71  
517.2   	-81.73  
517.6   	-81.76  
518     	-81.77  
518.4   	-81.79  
518.8   	-81.8   
519.2   	-81.82  
519.6   	-81.83  
520     	-81.83  
520.4   	-81.83  
520.8   	-81.83  
521.2   	-81.82  
521.6   	-81.81  
522     	-81.79  
522.4   	-81.77  
522.8   	-81.75  
523.2   	-81.73  
523.6   	-81.71  
524     	-81.69  
524.4   	-81.67  
524.8   	-81.66  
525.2   	-81.66  
525.6   	-81.65  
526     	-81.65  
526.4   	-81.65  
526.8   	-81.65  
527.2   	-81.65  
527.6   	-81.66  
528     	-81.67  
528.4   	-81.68  
528.8   	-81.68  
529.2   	-81.69  
529.6   	-81.7   
530     	-81.71  
530.4   	-81.73  
530.8   	-81.75  
531.2   	-81.76  
531.6   	-81.79  
532     	-81.81  
532.4   	-81.84  
532.8   	-81.87  
533.2   	-81.89  
533.6   	-81.91  
534     	-81.93  
534.4   	-81.95  
534.8   	-81.96  
535.2   	-81.97  
535.6   	-81.97  
536     	-81.97  
536.4   	-81.95  
536.8   	-81.94  
537.2   	-81.92  
537.6   	-81.91  
538     	-81.9   
538.4   	-81.89  
538.8   	-81.88  
539.2   	-81.88  
539.6   	-81.87  
540     	-81.88  
540.4   	-81.88  
540.8   	-81.88  
541.2   	-81.89  
541.6   	-81.89  
542     	-81.89  
542.4   	-81.89  
542.8   	-81.89  
543.2   	-81.9   
543.6   	-81.9   
544     	-81.91  
544.4   	-81.92  
544.8   	-81.94  
545.2   	-81.95  
545.6   	-81.97  
546     	-81.99  
546.4   	-82.02  
546.8   	-82.04  
547.2   	-82.06  
547.6   	-82.08  
548     	-82.1   
548.4   	-82.12  
548.8   	-82.14  
549.2   	-82.16  
549.6   	-82.17  
550     	-82.19  
550.4   	-82.2   
550.8   	-82.21  
551.2   	-82.21  
551.6   	-82.22  
552     	-82.23  
552.4   	-82.24  
552.8   	-82.25  
553.2   	-82.27  
553.6   	-82.29  
554     	-82.3   
554.4   	-82.32  
554.8   	-82.35  
555.2   	-82.37  
555.6   	-82.39  
556     	-82.41  
556.4   	-82.42  
556.8   	-82.43  
557.2   	-82.45  
557.6   	-82.46  
558     	-82.47  
558.4   	-82.49  
558.8   	-82.51  
559.2   	-82.53  
559.6   	-82.55  
560     	-82.57  
560.4   	-82.59  
560.8   	-82.61  
561.2   	-82.62  
561.6   	-82.64  
562     	-82.64  
562.4   	-82.64  
562.8   	-82.62  
563.2   	-82.6   
563.6   	-82.57  
564     	-82.54  
564.4   	-82.51  
564.8   	-82.48  
565.2   	-82.45  
565.6   	-82.42  
566     	-82.39  
566.4   	-82.37  
566.8   	-82.35  
567.2   	-82.32  
567.6   	-82.28  
568     	-82.23  
568.4   	-82.15  
568.8   	-81.87  
569.2   	-81.18  
569.6   	-79.39  
570     	-72.91  
570.4   	-49.04  
570.8   	37.69   
571.2   	39.98   
571.6   	25.38   
572     	7.715   
572.4   	-10     
572.8   	-28.31  
573.2   	-46.84  
573.6   	-61.08  
574     	-69.49  
574.4   	-74.18  
574.8   	-76.83  
575.2   	-78.37  
575.6   	-79.32  
576     	-79.94  
576.4   	-80.35  
576.8   	-80.65  
577.2   	-80.87  
577.6   	-81.04  
578     	-81.17  
578.4   	-81.27  
578.8   	-81.35  
579.2   	-81.41  
579.6   	-81.46  
580     	-81.51  
580.4   	-81.55  
580.8   	-81.58  
581.2   	-81.61  
581.6   	-81.63  
582     	-81.65  
582.4   	-81.67  
582.8   	-81.68  
583.2   	-81.69  
583.6   	-81.7   
584     	-81.72  
584.4   	-81.73  
584.8   	-81.74  
585.2   	-81.75  
585.6   	-81.77  
586     	-81.79  
586.4   	-81.8   
586.8   	-81.82  
587.2   	-81.84  
587.6   	-81.86  
588     	-81.87  
588.4   	-81.9   
588.8   	-81.92  
589.2   	-81.94  
589.6   	-81.96  
590     	-81.99  
590.4   	-82.02  
590.8   	-82.05  
591.2   	-82.08  
591.6   	-82.11  
592     	-82.14  
592.4   	-82.17  
592.8   	-82.2   
593.2   	-82.23  
593.6   	-82.26  
594     	-82.29  
594.4   	-82.31  
594.8   	-82.33  
595.2   	-82.34  
595.6   	-82.35  
596     	-82.35  
596.4   	-82.35  
596.8   	-82.35  
597.2   	-82.36  
597.6   	-82.36  
598     	-82.36  
598.4   	-82.35  
598.8   	-82.34  
599.2   	-82.31  
599.6   	-82.29  
600     	-82.26  
600.4   	-82.23  
600.8   	-82.2   
601.2   	-82.17  
601.6   	-82.14  
602     	-82.12  
602.4   	-82.09  
602.8   	-82.05  
603.2   	-82     
603.6   	-81.95  
604     	-81.89  
604.4   	-81.84  
604.8   	-81.79  
605.2   	-81.75  
605.6   	-81.71  
606     	-81.68  
606.4   	-81.65  
606.8   	-81.63  
607.2   	-81.6   
607.6   	-81.58  
608     	-81.55  
608.4   	-81.52  
608.8   	-81.48  
609.2   	-81.45  
609.6   	-81.42  
610     	-81.4   
610.4   	-81.38  
610.8   	-81.37  
611.2   	-81.36  
611.6   	-81.34  
612     	-81.32  
612.4   	-81.29  
612.8   	-81.24  
613.2   	-81.2   
613.6   	-81.15  
614     	-81.11  
614.4   	-81.07  
614.8   	-81.04  
615.2   	-81.01  
615.6   	-80.99  
616     	-80.98  
616.4   	-80.96  
616.8   	-80.95  
617.2   	-80.94  
617.6   	-80.94  
618     	-80.94  
618.4   	-80.94  
618.8   	-80.95  
619.2   	-80.97  
619.6   	-80.99  
620     	-81.01  
620.4   	-81.04  
620.8   	-81.07  
621.2   	-81.1   
621.6   	-81.13  
622     	-81.16  
622.4   	-81.2   
622.8   	-81.23  
623.2   	-81.27  
623.6   	-81.31  
624     	-81.35  
624.4   	-81.39  
624.8   	-81.42  
625.2   	-81.45  
625.6   	-81.49  
626     	-81.52  
626.4   	-81.56  
626.8   	-81.59  
627.2   	-81.63  
627.6   	-81.67  
628     	-81.71  
628.4   	-81.76  
628.8   	-81.8   
629.2   	-81.84  
629.6   	-81.89  
630     	-81.94  
630.4   	-81.98  
630.8   	-82.03  
631.2   	-82.08  
631.6   	-82.13  
632     	-82.18  
632.4   	-82.23  
632.8   	-82.28  
633.2   	-82.33  
633.6   	-82.38  
634     	-82.44  
634.4   	-82.49  
634.8   	-82.54  
635.2   	-82.59  
635.6   	-82.64  
636     	-82.68  
636.4   	-82.72  
636.8   	-82.76  
637.2   	-82.78  
637.6   	-82.79  
638     	-82.8   
638.4   	-82.8   
638.8   	-82.79  
639.2   	-82.79  
639.6   	-82.78  
640     	-82.78  
640.4   	-82.77  
640.8   	-82.75  
641.2   	-82.73  
641.6   	-82.71  
642     	-82.69  
642.4   	-82.67  
642.8   	-82.65  
643.2   	-82.63  
643.6   	-82.62  
644     	-82.61  
644.4   	-82.6   
644.8   	-82.59  
645.2   	-82.59  
645.6   	-82.59  
646     	-82.6   
646.4   	-82.61  
646.8   	-82.61  
647.2   	-82.61  
647.6   	-82.6   
648     	-82.58  
648.4   	-82.56  
648.8   	-82.54  
649.2   	-82.52  
649.6   	-82.5   
650     	-82.48  
650.4   	-82.47  
650.8   	-82.44  
651.2   	-82.41  
651.6   	-82.37  
652     	-82.33  
652.4   	-82.29  
652.8   	-82.26  
653.2   	-82.23  
653.6   	-82.2   
654     	-82.17  
654.4   	-82.15  
654.8   	-82.14  
655.2   	-82.12  
655.6   	-82.11  
656     	-82.09  
656.4   	-82.07  
656.8   	-82.06  
657.2   	-82.04  
657.6   	-82.02  
658     	-82.01  
658.4   	-82     
658.8   	-81.99  
659.2   	-81.98  
659.6   	-81.98  
660     	-81.98  
660.4   	-81.99  
660.8   	-81.99  
661.2   	-81.99  
661.6   	-82     
662     	-82     
662.4   	-82.01  
662.8   	-82.01  
663.2   	-82.01  
663.6   	-82.01  
664     	-82.02  
664.4   	-82.02  
664.8   	-82.02  
665.2   	-82.01  
665.6   	-82     
666     	-81.99  
666.4   	-81.98  
666.8   	-81.96  
667.2   	-81.95  
667.6   	-81.93  
668     	-81.9   
668.4   	-81.87  
668.8   	-81.85  
669.2   	-81.82  
669.6   	-81.8   
670     	-81.78  
670.4   	-81.76  
670.8   	-81.75  
671.2   	-81.73  
671.6   	-81.71  
672     	-81.7   
672.4   	-81.69  
672.8   	-81.68  
673.2   	-81.67  
673.6   	-81.66  
674     	-81.65  
674.4   	-81.65  
674.8   	-81.64  
675.2   	-81.65  
675.6   	-81.65  
676     	-81.66  
676.4   	-81.66  
676.8   	-81.65  
677.2   	-81.64  
677.6   	-81.63  
678     	-81.62  
678.4   	-81.62  
678.8   	-81.61  
679.2   	-81.6   
679.6   	-81.58  
680     	-81.56  
680.4   	-81.54  
680.8   	-81.51  
681.2   	-81.49  
681.6   	-81.47  
682     	-81.45  
682.4   	-81.42  
682.8   	-81.39  
683.2   	-81.35  
683.6   	-81.31  
684     	-81.27  
684.4   	-81.23  
684.8   	-81.2   
685.2   	-81.16  
685.6   	-81.13  
686     	-81.1   
686.4   	-81.08  
686.8   	-81.05  
687.2   	-81.02  
687.6   	-80.99  
688     	-80.95  
688.4   	-80.91  
688.8   	-80.87  
689.2   	-80.84  
689.6   	-80.82  
690     	-80.8   
690.4   	-80.79  
690.8   	-80.77  
691.2   	-80.76  
691.6   	-80.75  
692     	-80.75  
692.4   	-80.74  
692.8   	-80.74  
693.2   	-80.74  
693.6   	-80.74  
694     	-80.75  
694.4   	-80.76  
694.8   	-80.77  
695.2   	-80.78  
695.6   	-80.8   
696     	-80.82  
696.4   	-80.84  
696.8   	-80.87  
697.2   	-80.89  
697.6   	-80.92  
698     	-80.94  
698.4   	-80.96  
698.8   	-80.97  
699.2   	-80.97  
699.6   	-80.98  
700     	-80.99  
700.4   	-80.99  
700.8   	-80.99  
701.2   	-80.99  
701.6   	-80.99  
702     	-81     
702.4   	-81     
702.8   	-81.01  
703.2   	-81.02  
703.6   	-81.03  
704     	-81.04  
704.4   	-81.06  
704.8   	-81.07  
705.2   	-81.09  
705.6   	-81.11  
706     	-81.13  
706.4   	-81.15  
706.8   	-81.18  
707.2   	-81.2   
707.6   	-81.22  
708     	-81.25  
708.4   	-81.28  
708.8   	-81.3   
709.2   	-81.34  
709.6   	-81.37  
710     	-81.4   
710.4   	-81.44  
710.8   	-81.48  
711.2   	-81.52  
711.6   	-81.55  
712     	-81.58  
712.4   	-81.61  
712.8   	-81.64  
713.2   	-81.67  
713.6   	-81.7   
714     	-81.73  
714.4   	-81.76  
714.8   	-81.8   
715.2   	-81.83  
715.6   	-81.85  
716     	-81.87  
716.4   	-81.88  
716.8   	-81.87  
717.2   	-81.86  
717.6   	-81.84  
718     	-81.81  
718.4   	-81.77  
718.8   	-81.68  
719.2   	-81.38  
719.6   	-80.61  
720     	-78.38  
720.4   	-70.02  
720.8   	-39.18  
721.2   	42.48   
721.6   	37.46   
722     	21.81   
722.4   	3.964   
722.8   	-13.72  
723.2   	-32.34  
723.6   	-50.39  
724     	-63.29  
724.4   	-70.73  
724.8   	-74.87  
725.2   	-77.22  
725.6   	-78.6   
726     	-79.46  
726.4   	-80.02  
726.8   	-80.39  
727.2   	-80.66  
727.6   	-80.85  
728     	-81     
728.4   	-81.11  
728.8   	-81.21  
729.2   	-81.29  
729.6   	-81.36  
730     	-81.41  
730.4   	-81.46  
730.8   	-81.51  
731.2   	-81.55  
731.6   	-81.57  
732     	-81.6   
732.4   	-81.61  
732.8   	-81.63  
733.2   	-81.64  
733.6   	-81.65  
734     	-81.66  
734.4   	-81.67  
734.8   	-81.67  
735.2   	-81.67  
735.6   	-81.68  
736     	-81.67  
736.4   	-81.64  
736.8   	-81.57  
737.2   	-81.34  
737.6   	-80.71  
738     	-79.05  
738.4   	-72.92  
738.8   	-49.91  
739.2   	36.84   
739.6   	40.23   
740     	25.77   
740.4   	8.114   
740.8   	-9.617  
741.2   	-27.9   
741.6   	-46.49  
742     	-60.85  
742.4   	-69.36  
742.8   	-74.09  
743.2   	-76.75  
743.6   	-78.3   
744     	-79.23  
744.4   	-79.83  
744.8   	-80.23  
745.2   	-80.5   
745.6   	-80.7   
746     	-80.85  
746.4   	-80.96  
746.8   	-81.05  
747.2   	-81.12  
747.6   	-81.17  
748     	-81.22  
748.4   	-81.26  
748.8   	-81.29  
749.2   	-81.33  
749.6   	-81.35  
750     	-81.38  
750.4   	-81.41  
750.8   	-81.44  
751.2   	-81.46  
751.6   	-81.49  
752     	-81.51  
752.4   	-81.52  
752.8   	-81.54  
753.2   	-81.55  
753.6   	-81.55  
754     	-81.54  
754.4   	-81.53  
754.8   	-81.52  
755.2   	-81.51  
755.6   	-81.5   
756     	-81.5   
756.4   	-81.49  
756.8   	-81.5   
757.2   	-81.5   
757.6   	-81.51  
758     	-81.53  
758.4   	-81.54  
758.8   	-81.55  
759.2   	-81.56  
759.6   	-81.56  
760     	-81.57  
760.4   	-81.58  
760.8   	-81.59  
761.2   	-81.6   
761.6   	-81.62  
762     	-81.63  
762.4   	-81.65  
762.8   	-81.68  
763.2   	-81.7   
763.6   	-81.73  
764     	-81.76  
764.4   	-81.79  
764.8   	-81.82  
765.2   	-81.86  
765.6   	-81.89  
766     	-81.93  
766.4   	-81.96  
766.8   	-81.99  
767.2   	-82.01  
767.6   	-82.03  
768     	-82.05  
768.4   	-82.06  
768.8   	-82.06  
769.2   	-82.06  
769.6   	-82.04  
770     	-82.03  
770.4   	-82.02  
770.8   	-82.01  
771.2   	-82     
771.6   	-81.99  
772     	-81.99  
772.4   	-81.99  
772.8   	-81.99  
773.2   	-82     
773.6   	-82     
774     	-82.02  
774.4   	-82.03  
774.8   	-82.04  
775.2   	-82.05  
775.6   	-82.06  
776     	-82.06  
776.4   	-82.07  
776.8   	-82.07  
777.2   	-82.07  
777.6   	-82.07  
778     	-82.06  
778.4   	-82.06  
778.8   	-82.05  
779.2   	-82.05  
779.6   	-82.05  
780     	-82.05  
780.4   	-82.05  
780.8   	-82.06  
781.2   	-82.06  
781.6   	-82.07  
782     	-82.08  
782.4   	-82.09  
782.8   	-82.1   
783.2   	-82.12  
783.6   	-82.14  
784     	-82.15  
784.4   	-82.16  
784.8   	-82.17  
785.2   	-82.17  
785.6   	-82.17  
786     	-82.17  
786.4   	-82.17  
786.8   	-82.17  
787.2   	-82.18  
787.6   	-82.18  
788     	-82.19  
788.4   	-82.19  
788.8   	-82.19  
789.2   	-82.19  
789.6   	-82.19  
790     	-82.18  
790.4   	-82.17  
790.8   	-82.16  
791.2   	-82.14  
791.6   	-82.12  
792     	-82.1   
792.4   	-82.07  
792.8   	-82.04  
793.2   	-82.01  
793.6   	-81.97  
794     	-81.94  
794.4   	-81.91  
794.8   	-81.88  
795.2   	-81.85  
795.6   	-81.83  
796     	-81.8   
796.4   	-81.78  
796.8   	-81.76  
797.2   	-81.73  
797.6   	-81.69  
798     	-81.66  
798.4   	-81.63  
798.8   	-81.6   
799.2   	-81.56  
799.6   	-81.53  
800     	-81.5   
800.4   	-81.48  
800.8   	-81.46  
801.2   	-81.44  
801.6   	-81.42  
802     	-81.4   
802.4   	-81.37  
802.8   	-81.34  
803.2   	-81.3   
803.6   	-81.26  
804     	-81.19  
804.4   	-81     
804.8   	-80.45  
805.2   	-78.98  
805.6   	-73.49  
806     	-52.54  
806.4   	33.47   
806.8   	40.97   
807.2   	26.93   
807.6   	9.369   
808     	-8.393  
808.4   	-26.59  
808.8   	-45.29  
809.2   	-60.08  
809.6   	-68.93  
810     	-73.86  
810.4   	-76.63  
810.8   	-78.24  
811.2   	-79.22  
811.6   	-79.85  
812     	-80.27  
812.4   	-80.56  
812.8   	-80.77  
813.2   	-80.94  
813.6   	-81.07  
814     	-81.17  
814.4   	-81.26  
814.8   	-81.34  
815.2   	-81.41  
815.6   	-81.47  
816     	-81.53  
816.4   	-81.58  
816.8   	-81.63  
817.2   	-81.68  
817.6   	-81.73  
818     	-81.78  
818.4   	-81.83  
818.8   	-81.87  
819.2   	-81.92  
819.6   	-81.97  
820     	-82.01  
820.4   	-82.06  
820.8   	-82.11  
821.2   	-82.16  
821.6   	-82.2   
822     	-82.25  
822.4   	-82.3   
822.8   	-82.35  
823.2   	-82.39  
823.6   	-82.43  
824     	-82.46  
824.4   	-82.5   
824.8   	-82.53  
825.2   	-82.57  
825.6   	-82.6   
826     	-82.63  
826.4   	-82.67  
826.8   	-82.7   
827.2   	-82.73  
827.6   	-82.76  
828     	-82.78  
828.4   	-82.79  
828.8   	-82.8   
829.2   	-82.79  
829.6   	-82.79  
830     	-82.77  
830.4   	-82.76  
830.8   	-82.74  
831.2   	-82.72  
831.6   	-82.71  
832     	-82.69  
832.4   	-82.67  
832.8   	-82.65  
833.2   	-82.63  
833.6   	-82.62  
834     	-82.61  
834.4   	-82.6   
834.8   	-82.59  
835.2   	-82.58  
835.6   	-82.58  
836     	-82.57  
836.4   	-82.56  
836.8   	-82.55  
837.2   	-82.54  
837.6   	-82.52  
838     	-82.49  
838.4   	-82.46  
838.8   	-82.43  
839.2   	-82.4   
839.6   	-82.37  
840     	-82.35  
840.4   	-82.33  
840.8   	-82.31  
841.2   	-82.3   
841.6   	-82.29  
842     	-82.27  
842.4   	-82.26  
842.8   	-82.25  
843.2   	-82.23  
843.6   	-82.22  
844     	-82.21  
844.4   	-82.2   
844.8   	-82.18  
845.2   	-82.17  
845.6   	-82.16  
846     	-82.15  
846.4   	-82.14  
846.8   	-82.13  
847.2   	-82.13  
847.6   	-82.13  
848     	-82.13  
848.4   	-82.13  
848.8   	-82.13  
849.2   	-82.14  
849.6   	-82.15  
850     	-82.16  
850.4   	-82.17  
850.8   	-82.18  
851.2   	-82.2   
851.6   	-82.21  
852     	-82.22  
852.4   	-82.22  
852.8   	-82.22  
853.2   	-82.22  
853.6   	-82.22  
854     	-82.22  
854.4   	-82.22  
854.8   	-82.22  
855.2   	-82.23  
855.6   	-82.23  
856     	-82.24  
856.4   	-82.25  
856.8   	-82.25  
857.2   	-82.25  
857.6   	-82.25  
858     	-82.24  
858.4   	-82.22  
858.8   	-82.21  
859.2   	-82.19  
859.6   	-82.17  
860     	-82.14  
860.4   	-82.11  
860.8   	-82.08  
861.2   	-82.05  
861.6   	-82.02  
862     	-81.99  
862.4   	-81.97  
862.8   	-81.95  
863.2   	-81.93  
863.6   	-81.91  
864     	-81.88  
864.4   	-81.85  
864.8   	-81.81  
865.2   	-81.79  
865.6   	-81.76  
866     	-81.74  
866.4   	-81.72  
866.8   	-81.71  
867.2   	-81.7   
867.6   	-81.69  
868     	-81.69  
868.4   	-81.7   
868.8   	-81.7   
869.2   	-81.71  
869.6   	-81.72  
870     	-81.73  
870.4   	-81.73  
870.8   	-81.74  
871.2   	-81.75  
871.6   	-81.75  
872     	-81.74  
872.4   	-81.74  
872.8   	-81.73  
873.2   	-81.73  
873.6   	-81.73  
874     	-81.73  
874.4   	-81.73  
874.8   	-81.74  
875.2   	-81.75  
875.6   	-81.76  
876     	-81.77  
876.4   	-81.77  
876.8   	-81.77  
877.2   	-81.76  
877.6   	-81.74  
878     	-81.71  
878.4   	-81.67  
878.8   	-81.63  
879.2   	-81.58  
879.6   	-81.53  
880     	-81.48  
880.4   	-81.43  
880.8   	-81.39  
881.2   	-81.36  
881.6   	-81.33  
882     	-81.3   
882.4   	-81.28  
882.8   	-81.27  
883.2   	-81.26  
883.6   	-81.25  
884     	-81.24  
884.4   	-81.22  
884.8   	-81.22  
885.2   	-81.21  
885.6   	-81.22  
886     	-81.22  
886.4   	-81.23  
886.8   	-81.25  
887.2   	-81.26  
887.6   	-81.27  
888     	-81.29  
888.4   	-81.31  
888.8   	-81.33  
889.2   	-81.34  
889.6   	-81.35  
890     	-81.36  
890.4   	-81.36  
890.8   	-81.36  
891.2   	-81.35  
891.6   	-81.35  
892     	-81.35  
892.4   	-81.34  
892.8   	-81.34  
893.2   	-81.32  
893.6   	-81.31  
894     	-81.3   
894.4   	-81.28  
894.8   	-81.27  
895.2   	-81.25  
895.6   	-81.24  
896     	-81.23  
896.4   	-81.21  
896.8   	-81.2   
897.2   	-81.2   
897.6   	-81.19  
898     	-81.19  
898.4   	-81.18  
898.8   	-81.18  
899.2   	-81.17  
899.6   	-81.17  
900     	-81.17  
900.4   	-81.17  
900.8   	-81.18  
901.2   	-81.18  
901.6   	-81.17  
902     	-81.18  
902.4   	-81.18  
902.8   	-81.19  
903.2   	-81.21  
903.6   	-81.22  
904     	-81.24  
904.4   	-81.27  
904.8   	-81.3   
905.2   	-81.33  
905.6   	-81.35  
906     	-81.36  
906.4   	-81.38  
906.8   	-81.38  
907.2   	-81.39  
907.6   	-81.39  
908     	-81.39  
908.4   	-81.38  
908.8   	-81.37  
909.2   	-81.36  
909.6   	-81.35  
910     	-81.33  
910.4   	-81.32  
910.8   	-81.31  
911.2   	-81.3   
911.6   	-81.29  
912     	-81.29  
912.4   	-81.28  
912.8   	-81.27  
913.2   	-81.25  
913.6   	-81.24  
914     	-81.23  
914.4   	-81.22  
914.8   	-81.21  
915.2   	-81.2   
915.6   	-81.19  
916     	-81.18  
916.4   	-81.18  
916.8   	-81.18  
917.2   	-81.19  
917.6   	-81.2   
918     	-81.21  
918.4   	-81.22  
918.8   	-81.23  
919.2   	-81.25  
919.6   	-81.26  
920     	-81.28  
920.4   	-81.3   
920.8   	-81.31  
921.2   	-81.32  
921.6   	-81.34  
922     	-81.35  
922.4   	-81.37  
922.8   	-81.39  
923.2   	-81.4   
923.6   	-81.41  
924     	-81.4   
924.4   	-81.4   
924.8   	-81.39  
925.2   	-81.39  
925.6   	-81.39  
926     	-81.39  
926.4   	-81.39  
926.8   	-81.38  
927.2   	-81.38  
927.6   	-81.38  
928     	-81.37  
928.4   	-81.37  
928.8   	-81.37  
929.2   	-81.37  
929.6   	-81.37  
930     	-81.37  
930.4   	-81.37  
930.8   	-81.37  
931.2   	-81.36  
931.6   	-81.35  
932     	-81.33  
932.4   	-81.32  
932.8   	-81.3   
933.2   	-81.28  
933.6   	-81.25  
934     	-81.22  
934.4   	-81.19  
934.8   	-81.15  
935.2   	-81.12  
935.6   	-81.1   
936     	-81.07  
936.4   	-81.05  
936.8   	-81.02  
937.2   	-81     
937.6   	-80.98  
938     	-80.95  
938.4   	-80.94  
938.8   	-80.92  
939.2   	-80.92  
939.6   	-80.91  
940     	-80.91  
940.4   	-80.91  
940.8   	-80.91  
941.2   	-80.92  
941.6   	-80.93  
942     	-80.94  
942.4   	-80.96  
942.8   	-80.98  
943.2   	-81.01  
943.6   	-81.04  
944     	-81.07  
944.4   	-81.1   
944.8   	-81.12  
945.2   	-81.14  
945.6   	-81.16  
946     	-81.18  
946.4   	-81.19  
946.8   	-81.2   
947.2   	-81.21  
947.6   	-81.23  
948     	-81.24  
948.4   	-81.26  
948.8   	-81.26  
949.2   	-81.26  
949.6   	-81.26  
950     	-81.26  
950.4   	-81.26  
950.8   	-81.25  
951.2   	-81.25  
951.6   	-81.25  
952     	-81.25  
952.4   	-81.24  
952.8   	-81.23  
953.2   	-81.22  
953.6   	-81.21  
954     	-81.2   
954.4   	-81.2   
954.8   	-81.19  
955.2   	-81.18  
955.6   	-81.17  
956     	-81.17  
956.4   	-81.16  
956.8   	-81.16  
957.2   	-81.17  
957.6   	-81.17  
958     	-81.18  
958.4   	-81.19  
958.8   	-81.21  
959.2   	-81.23  
959.6   	-81.25  
960     	-81.27  
960.4   	-81.3   
960.8   	-81.33  
961.2   	-81.37  
961.6   	-81.4   
962     	-81.44  
962.4   	-81.48  
962.8   	-81.52  
963.2   	-81.54  
963.6   	-81.57  
964     	-81.58  
964.4   	-81.6   
964.8   	-81.61  
965.2   	-81.62  
965.6   	-81.63  
966     	-81.63  
966.4   	-81.64  
966.8   	-81.65  
967.2   	-81.66  
967.6   	-81.67  
968     	-81.68  
968.4   	-81.69  
968.8   	-81.7   
969.2   	-81.71  
969.6   	-81.73  
970     	-81.74  
970.4   	-81.75  
970.8   	-81.76  
971.2   	-81.75  
971.6   	-81.75  
972     	-81.74  
972.4   	-81.74  
972.8   	-81.73  
973.2   	-81.74  
973.6   	-81.74  
974     	-81.75  
974.4   	-81.75  
974.8   	-81.75  
975.2   	-81.75  
975.6   	-81.75  
976     	-81.74  
976.4   	-81.72  
976.8   	-81.71  
977.2   	-81.69  
977.6   	-81.68  
978     	-81.67  
978.4   	-81.66  
978.8   	-81.66  
979.2   	-81.66  
979.6   	-81.67  
980     	-81.68  
980.4   	-81.69  
980.8   	-81.71  
981.2   	-81.73  
981.6   	-81.76  
982     	-81.78  
982.4   	-81.81  
982.8   	-81.84  
983.2   	-81.88  
983.6   	-81.9   
984     	-81.92  
984.4   	-81.94  
984.8   	-81.95  
985.2   	-81.96  
985.6   	-81.97  
986     	-81.97  
986.4   	-81.97  
986.8   	-81.97  
987.2   	-81.97  
987.6   	-81.97  
988     	-81.97  
988.4   	-81.97  
988.8   	-81.96  
989.2   	-81.95  
989.6   	-81.93  
990     	-81.9   
990.4   	-81.85  
990.8   	-81.8   
991.2   	-81.75  
991.6   	-81.69  
992     	-81.64  
992.4   	-81.59  
992.8   	-81.53  
993.2   	-81.48  
993.6   	-81.42  
994     	-81.38  
994.4   	-81.33  
994.8   	-81.29  
995.2   	-81.26  
995.6   	-81.23  
996     	-81.2   
996.4   	-81.18  
996.8   	-81.17  
997.2   	-81.16  
997.6   	-81.16  
998     	-81.16  
998.4   	-81.17  
998.8   	-81.18  
999.2   	-81.19  
999.6   	-81.21  
