
SWEPT_VAR_1 = 65.0    // Syn: Source PP \ NetStim \ PARAMETER \ interval (ms)

t	s.v( 0.05 )
ms	mV
0       	-64.65  
0.4     	-65.51  
0.8     	-66.35  
1.2     	-67.15  
1.6     	-67.92  
2       	-68.66  
2.4     	-69.37  
2.8     	-70.05  
3.2     	-70.7   
3.6     	-71.33  
4       	-71.92  
4.4     	-72.49  
4.8     	-73.04  
5.2     	-73.56  
5.6     	-74.05  
6       	-74.51  
6.4     	-74.95  
6.8     	-75.36  
7.2     	-75.74  
7.6     	-76.1   
8       	-76.44  
8.4     	-76.76  
8.8     	-77.07  
9.2     	-77.36  
9.6     	-77.63  
10      	-77.88  
10.4    	-78.12  
10.8    	-78.34  
11.2    	-78.53  
11.6    	-78.71  
12      	-78.87  
12.4    	-79.01  
12.8    	-79.14  
13.2    	-79.26  
13.6    	-79.37  
14      	-79.47  
14.4    	-79.57  
14.8    	-79.66  
15.2    	-79.76  
15.6    	-79.85  
16      	-79.94  
16.4    	-80.03  
16.8    	-80.12  
17.2    	-80.21  
17.6    	-80.29  
18      	-80.37  
18.4    	-80.44  
18.8    	-80.49  
19.2    	-80.52  
19.6    	-80.53  
20      	-80.53  
20.4    	-80.52  
20.8    	-80.44  
21.2    	-80.08  
21.6    	-79.07  
22      	-75.48  
22.4    	-61.27  
22.8    	0.1424  
23.2    	43.17   
23.6    	31.44   
24      	14.4    
24.4    	-3.48   
24.8    	-21.35  
25.2    	-40.26  
25.6    	-56.62  
26      	-66.97  
26.4    	-72.79  
26.8    	-76.03  
27.2    	-77.89  
27.6    	-79.01  
28      	-79.71  
28.4    	-80.17  
28.8    	-80.48  
29.2    	-80.7   
29.6    	-80.86  
30      	-80.98  
30.4    	-81.07  
30.8    	-81.13  
31.2    	-81.18  
31.6    	-81.22  
32      	-81.25  
32.4    	-81.27  
32.8    	-81.29  
33.2    	-81.3   
33.6    	-81.31  
34      	-81.32  
34.4    	-81.33  
34.8    	-81.34  
35.2    	-81.35  
35.6    	-81.37  
36      	-81.38  
36.4    	-81.39  
36.8    	-81.4   
37.2    	-81.42  
37.6    	-81.43  
38      	-81.45  
38.4    	-81.46  
38.8    	-81.46  
39.2    	-81.47  
39.6    	-81.47  
40      	-81.48  
40.4    	-81.49  
40.8    	-81.5   
41.2    	-81.5   
41.6    	-81.51  
42      	-81.51  
42.4    	-81.5   
42.8    	-81.49  
43.2    	-81.46  
43.6    	-81.44  
44      	-81.42  
44.4    	-81.39  
44.8    	-81.37  
45.2    	-81.35  
45.6    	-81.33  
46      	-81.3   
46.4    	-81.28  
46.8    	-81.25  
47.2    	-81.23  
47.6    	-81.2   
48      	-81.18  
48.4    	-81.15  
48.8    	-81.13  
49.2    	-81.12  
49.6    	-81.1   
50      	-81.09  
50.4    	-81.08  
50.8    	-81.07  
51.2    	-81.05  
51.6    	-81.02  
52      	-80.99  
52.4    	-80.96  
52.8    	-80.92  
53.2    	-80.88  
53.6    	-80.83  
54      	-80.78  
54.4    	-80.65  
54.8    	-80.25  
55.2    	-79.17  
55.6    	-75.29  
56      	-60.05  
56.4    	7.339   
56.8    	42.92   
57.2    	30.74   
57.6    	13.6    
58      	-4.266  
58.4    	-22.18  
58.8    	-41.08  
59.2    	-57.21  
59.6    	-67.3   
60      	-72.96  
60.4    	-76.12  
60.8    	-77.93  
61.2    	-79.01  
61.6    	-79.68  
62      	-80.12  
62.4    	-80.42  
62.8    	-80.62  
63.2    	-80.76  
63.6    	-80.86  
64      	-80.94  
64.4    	-81     
64.8    	-81.04  
65.2    	-81.07  
65.6    	-81.1   
66      	-81.11  
66.4    	-81.13  
66.8    	-81.14  
67.2    	-81.14  
67.6    	-81.13  
68      	-81.12  
68.4    	-81.11  
68.8    	-81.09  
69.2    	-81.08  
69.6    	-81.05  
70      	-80.9   
70.4    	-80.42  
70.8    	-79.12  
71.2    	-74.37  
71.6    	-56.04  
72      	25.23   
72.4    	41.85   
72.8    	28.54   
73.2    	11.13   
73.6    	-6.652  
74      	-24.69  
74.4    	-43.48  
74.8    	-58.85  
75.2    	-68.22  
75.6    	-73.46  
76      	-76.4   
76.4    	-78.09  
76.8    	-79.11  
77.2    	-79.75  
77.6    	-80.17  
78      	-80.46  
78.4    	-80.66  
78.8    	-80.8   
79.2    	-80.91  
79.6    	-80.98  
80      	-81.03  
80.4    	-81.07  
80.8    	-81.09  
81.2    	-81.09  
81.6    	-81.09  
82      	-81.09  
82.4    	-81.08  
82.8    	-81.07  
83.2    	-81.06  
83.6    	-81.04  
84      	-81.01  
84.4    	-80.97  
84.8    	-80.93  
85.2    	-80.9   
85.6    	-80.86  
86      	-80.81  
86.4    	-80.75  
86.8    	-80.58  
87.2    	-80.08  
87.6    	-78.69  
88      	-73.42  
88.4    	-52.97  
88.8    	32.67   
89.2    	41.08   
89.6    	27.13   
90      	9.578   
90.4    	-8.189  
90.8    	-26.37  
91.2    	-45.08  
91.6    	-59.95  
92      	-68.85  
92.4    	-73.82  
92.8    	-76.6   
93.2    	-78.21  
93.6    	-79.19  
94      	-79.8   
94.4    	-80.21  
94.8    	-80.48  
95.2    	-80.68  
95.6    	-80.82  
96      	-80.92  
96.4    	-81     
96.8    	-81.05  
97.2    	-81.09  
97.6    	-81.11  
98      	-81.05  
98.4    	-80.75  
98.8    	-79.98  
99.2    	-77.62  
99.6    	-68.66  
100     	-35.32  
100.4   	42.81   
100.8   	36.36   
101.2   	20.45   
101.6   	2.59    
102     	-15.09  
102.4   	-33.77  
102.8   	-51.56  
103.2   	-63.99  
103.6   	-71.11  
104     	-75.07  
104.4   	-77.31  
104.8   	-78.63  
105.2   	-79.45  
105.6   	-79.97  
106     	-80.32  
106.4   	-80.57  
106.8   	-80.74  
107.2   	-80.87  
107.6   	-80.97  
108     	-81.05  
108.4   	-81.11  
108.8   	-81.16  
109.2   	-81.2   
109.6   	-81.24  
110     	-81.27  
110.4   	-81.3   
110.8   	-81.32  
111.2   	-81.35  
111.6   	-81.38  
112     	-81.4   
112.4   	-81.43  
112.8   	-81.45  
113.2   	-81.48  
113.6   	-81.51  
114     	-81.54  
114.4   	-81.57  
114.8   	-81.6   
115.2   	-81.62  
115.6   	-81.64  
116     	-81.65  
116.4   	-81.66  
116.8   	-81.66  
117.2   	-81.66  
117.6   	-81.66  
118     	-81.66  
118.4   	-81.66  
118.8   	-81.64  
119.2   	-81.61  
119.6   	-81.57  
120     	-81.54  
120.4   	-81.5   
120.8   	-81.47  
121.2   	-81.44  
121.6   	-81.42  
122     	-81.4   
122.4   	-81.38  
122.8   	-81.36  
123.2   	-81.35  
123.6   	-81.34  
124     	-81.34  
124.4   	-81.33  
124.8   	-81.34  
125.2   	-81.34  
125.6   	-81.35  
126     	-81.36  
126.4   	-81.35  
126.8   	-81.35  
127.2   	-81.33  
127.6   	-81.31  
128     	-81.29  
128.4   	-81.27  
128.8   	-81.26  
129.2   	-81.24  
129.6   	-81.22  
130     	-81.19  
130.4   	-81.15  
130.8   	-81.12  
131.2   	-81.07  
131.6   	-81.03  
132     	-80.97  
132.4   	-80.91  
132.8   	-80.85  
133.2   	-80.8   
133.6   	-80.76  
134     	-80.72  
134.4   	-80.68  
134.8   	-80.66  
135.2   	-80.64  
135.6   	-80.62  
136     	-80.6   
136.4   	-80.59  
136.8   	-80.58  
137.2   	-80.57  
137.6   	-80.58  
138     	-80.58  
138.4   	-80.59  
138.8   	-80.59  
139.2   	-80.59  
139.6   	-80.58  
140     	-80.57  
140.4   	-80.55  
140.8   	-80.53  
141.2   	-80.51  
141.6   	-80.5   
142     	-80.48  
142.4   	-80.47  
142.8   	-80.46  
143.2   	-80.45  
143.6   	-80.44  
144     	-80.43  
144.4   	-80.43  
144.8   	-80.42  
145.2   	-80.42  
145.6   	-80.42  
146     	-80.42  
146.4   	-80.43  
146.8   	-80.43  
147.2   	-80.44  
147.6   	-80.44  
148     	-80.44  
148.4   	-80.44  
148.8   	-80.43  
149.2   	-80.42  
149.6   	-80.41  
150     	-80.39  
150.4   	-80.37  
150.8   	-80.34  
151.2   	-80.31  
151.6   	-80.28  
152     	-80.24  
152.4   	-80.21  
152.8   	-80.19  
153.2   	-80.17  
153.6   	-80.16  
154     	-80.14  
154.4   	-80.12  
154.8   	-80.1   
155.2   	-80.08  
155.6   	-80.06  
156     	-80.04  
156.4   	-80.01  
156.8   	-79.99  
157.2   	-79.97  
157.6   	-79.95  
158     	-79.93  
158.4   	-79.9   
158.8   	-79.88  
159.2   	-79.86  
159.6   	-79.84  
160     	-79.82  
160.4   	-79.81  
160.8   	-79.78  
161.2   	-79.76  
161.6   	-79.73  
162     	-79.71  
162.4   	-79.7   
162.8   	-79.69  
163.2   	-79.68  
163.6   	-79.69  
164     	-79.7   
164.4   	-79.72  
164.8   	-79.74  
165.2   	-79.76  
165.6   	-79.78  
166     	-79.8   
166.4   	-79.83  
166.8   	-79.86  
167.2   	-79.89  
167.6   	-79.91  
168     	-79.93  
168.4   	-79.94  
168.8   	-79.95  
169.2   	-79.96  
169.6   	-79.97  
170     	-79.97  
170.4   	-79.98  
170.8   	-79.98  
171.2   	-79.98  
171.6   	-79.98  
172     	-79.98  
172.4   	-79.99  
172.8   	-79.99  
173.2   	-79.99  
173.6   	-79.99  
174     	-79.99  
174.4   	-80     
174.8   	-80     
175.2   	-80     
175.6   	-79.99  
176     	-79.98  
176.4   	-79.97  
176.8   	-79.96  
177.2   	-79.96  
177.6   	-79.97  
178     	-79.98  
178.4   	-79.99  
178.8   	-80.02  
179.2   	-80.04  
179.6   	-80.07  
180     	-80.1   
180.4   	-80.13  
180.8   	-80.16  
181.2   	-80.2   
181.6   	-80.23  
182     	-80.26  
182.4   	-80.3   
182.8   	-80.33  
183.2   	-80.37  
183.6   	-80.4   
184     	-80.44  
184.4   	-80.47  
184.8   	-80.51  
185.2   	-80.54  
185.6   	-80.56  
186     	-80.58  
186.4   	-80.6   
186.8   	-80.61  
187.2   	-80.62  
187.6   	-80.61  
188     	-80.52  
188.4   	-80.14  
188.8   	-79.09  
189.2   	-75.3   
189.6   	-60.36  
190     	5.516   
190.4   	42.99   
190.8   	30.92   
191.2   	13.8    
191.6   	-4.068  
192     	-21.97  
192.4   	-40.87  
192.8   	-57.06  
193.2   	-67.22  
193.6   	-72.91  
194     	-76.09  
194.4   	-77.92  
194.8   	-79.02  
195.2   	-79.71  
195.6   	-80.16  
196     	-80.46  
196.4   	-80.68  
196.8   	-80.83  
197.2   	-80.95  
197.6   	-81.04  
198     	-81.1   
198.4   	-81.16  
198.8   	-81.21  
199.2   	-81.25  
199.6   	-81.28  
200     	-81.31  
200.4   	-81.33  
200.8   	-81.35  
201.2   	-81.36  
201.6   	-81.37  
202     	-81.38  
202.4   	-81.39  
202.8   	-81.4   
203.2   	-81.41  
203.6   	-81.43  
204     	-81.44  
204.4   	-81.44  
204.8   	-81.45  
205.2   	-81.46  
205.6   	-81.46  
206     	-81.46  
206.4   	-81.45  
206.8   	-81.45  
207.2   	-81.44  
207.6   	-81.44  
208     	-81.44  
208.4   	-81.44  
208.8   	-81.45  
209.2   	-81.46  
209.6   	-81.47  
210     	-81.47  
210.4   	-81.47  
210.8   	-81.46  
211.2   	-81.44  
211.6   	-81.4   
212     	-81.35  
212.4   	-81.2   
212.8   	-80.74  
213.2   	-79.57  
213.6   	-75.45  
214     	-59.63  
214.4   	10.08   
214.8   	42.8    
215.2   	30.47   
215.6   	13.3    
216     	-4.556  
216.4   	-22.48  
216.8   	-41.37  
217.2   	-57.4   
217.6   	-67.41  
218     	-73.02  
218.4   	-76.15  
218.8   	-77.95  
219.2   	-79.04  
219.6   	-79.73  
220     	-80.18  
220.4   	-80.5   
220.8   	-80.72  
221.2   	-80.9   
221.6   	-81.03  
222     	-81.14  
222.4   	-81.22  
222.8   	-81.29  
223.2   	-81.33  
223.6   	-81.37  
224     	-81.4   
224.4   	-81.42  
224.8   	-81.45  
225.2   	-81.47  
225.6   	-81.49  
226     	-81.51  
226.4   	-81.53  
226.8   	-81.56  
227.2   	-81.58  
227.6   	-81.61  
228     	-81.63  
228.4   	-81.65  
228.8   	-81.66  
229.2   	-81.66  
229.6   	-81.65  
230     	-81.64  
230.4   	-81.61  
230.8   	-81.57  
231.2   	-81.53  
231.6   	-81.48  
232     	-81.44  
232.4   	-81.4   
232.8   	-81.36  
233.2   	-81.33  
233.6   	-81.3   
234     	-81.26  
234.4   	-81.23  
234.8   	-81.2   
235.2   	-81.17  
235.6   	-81.14  
236     	-81.1   
236.4   	-81.05  
236.8   	-81     
237.2   	-80.95  
237.6   	-80.91  
238     	-80.87  
238.4   	-80.83  
238.8   	-80.8   
239.2   	-80.77  
239.6   	-80.75  
240     	-80.74  
240.4   	-80.72  
240.8   	-80.7   
241.2   	-80.68  
241.6   	-80.66  
242     	-80.64  
242.4   	-80.61  
242.8   	-80.57  
243.2   	-80.53  
243.6   	-80.49  
244     	-80.45  
244.4   	-80.42  
244.8   	-80.39  
245.2   	-80.37  
245.6   	-80.35  
246     	-80.34  
246.4   	-80.32  
246.8   	-80.3   
247.2   	-80.27  
247.6   	-80.24  
248     	-80.2   
248.4   	-80.17  
248.8   	-80.12  
249.2   	-79.96  
249.6   	-79.43  
250     	-77.83  
250.4   	-71.44  
250.8   	-46.57  
251.2   	39.56   
251.6   	39.3    
252     	24.34   
252.4   	6.598   
252.8   	-11.09  
253.2   	-29.49  
253.6   	-47.91  
254     	-61.76  
254.4   	-69.87  
254.8   	-74.38  
255.2   	-76.92  
255.6   	-78.4   
256     	-79.3   
256.4   	-79.87  
256.8   	-80.25  
257.2   	-80.52  
257.6   	-80.7   
258     	-80.84  
258.4   	-80.94  
258.8   	-81.02  
259.2   	-81.07  
259.6   	-81.11  
260     	-81.14  
260.4   	-81.15  
260.8   	-81.16  
261.2   	-81.16  
261.6   	-81.16  
262     	-81.15  
262.4   	-81.15  
262.8   	-81.15  
263.2   	-81.15  
263.6   	-81.16  
264     	-81.16  
264.4   	-81.17  
264.8   	-81.18  
265.2   	-81.19  
265.6   	-81.19  
266     	-81.2   
266.4   	-81.21  
266.8   	-81.22  
267.2   	-81.23  
267.6   	-81.24  
268     	-81.24  
268.4   	-81.24  
268.8   	-81.24  
269.2   	-81.23  
269.6   	-81.23  
270     	-81.22  
270.4   	-81.22  
270.8   	-81.23  
271.2   	-81.23  
271.6   	-81.23  
272     	-81.23  
272.4   	-81.24  
272.8   	-81.24  
273.2   	-81.23  
273.6   	-81.21  
274     	-81.19  
274.4   	-81.17  
274.8   	-81.15  
275.2   	-81.13  
275.6   	-81.11  
276     	-81.09  
276.4   	-81.08  
276.8   	-81.06  
277.2   	-81.04  
277.6   	-81.02  
278     	-81     
278.4   	-80.98  
278.8   	-80.96  
279.2   	-80.93  
279.6   	-80.91  
280     	-80.88  
280.4   	-80.85  
280.8   	-80.8   
281.2   	-80.76  
281.6   	-80.71  
282     	-80.66  
282.4   	-80.61  
282.8   	-80.55  
283.2   	-80.4   
283.6   	-79.92  
284     	-78.57  
284.4   	-73.38  
284.8   	-53.16  
285.2   	32.35   
285.6   	41.15   
286     	27.22   
286.4   	9.677   
286.8   	-8.095  
287.2   	-26.27  
287.6   	-45     
288     	-59.91  
288.4   	-68.84  
288.8   	-73.82  
289.2   	-76.61  
289.6   	-78.23  
290     	-79.21  
290.4   	-79.84  
290.8   	-80.26  
291.2   	-80.55  
291.6   	-80.76  
292     	-80.92  
292.4   	-81.03  
292.8   	-81.11  
293.2   	-81.17  
293.6   	-81.22  
294     	-81.25  
294.4   	-81.27  
294.8   	-81.28  
295.2   	-81.29  
295.6   	-81.29  
296     	-81.28  
296.4   	-81.27  
296.8   	-81.26  
297.2   	-81.24  
297.6   	-81.23  
298     	-81.22  
298.4   	-81.22  
298.8   	-81.22  
299.2   	-81.22  
299.6   	-81.22  
300     	-81.22  
300.4   	-81.22  
300.8   	-81.21  
301.2   	-81.2   
301.6   	-81.18  
302     	-81.15  
302.4   	-81.12  
302.8   	-81.1   
303.2   	-81.07  
303.6   	-81.04  
304     	-81.01  
304.4   	-80.96  
304.8   	-80.91  
305.2   	-80.87  
305.6   	-80.82  
306     	-80.77  
306.4   	-80.72  
306.8   	-80.66  
307.2   	-80.59  
307.6   	-80.46  
308     	-80.08  
308.4   	-79.06  
308.8   	-75.4   
309.2   	-60.89  
309.6   	2.4     
310     	43.1    
310.4   	31.22   
310.8   	14.15   
311.2   	-3.721  
311.6   	-21.59  
312     	-40.49  
312.4   	-56.77  
312.8   	-67.03  
313.2   	-72.79  
313.6   	-75.99  
314     	-77.82  
314.4   	-78.91  
314.8   	-79.58  
315.2   	-80.01  
315.6   	-80.29  
316     	-80.48  
316.4   	-80.61  
316.8   	-80.7   
317.2   	-80.76  
317.6   	-80.79  
318     	-80.81  
318.4   	-80.81  
318.8   	-80.8   
319.2   	-80.78  
319.6   	-80.73  
320     	-80.59  
320.4   	-80.16  
320.8   	-79     
321.2   	-74.79  
321.6   	-58.37  
322     	15.44   
322.4   	42.41   
322.8   	29.75   
323.2   	12.5    
323.6   	-5.328  
324     	-23.3   
324.4   	-42.15  
324.8   	-57.94  
325.2   	-67.7   
325.6   	-73.16  
326     	-76.2   
326.4   	-77.95  
326.8   	-78.99  
327.2   	-79.64  
327.6   	-80.06  
328     	-80.34  
328.4   	-80.53  
328.8   	-80.66  
329.2   	-80.74  
329.6   	-80.79  
330     	-80.82  
330.4   	-80.84  
330.8   	-80.84  
331.2   	-80.84  
331.6   	-80.83  
332     	-80.82  
332.4   	-80.8   
332.8   	-80.78  
333.2   	-80.74  
333.6   	-80.7   
334     	-80.65  
334.4   	-80.6   
334.8   	-80.55  
335.2   	-80.5   
335.6   	-80.46  
336     	-80.43  
336.4   	-80.4   
336.8   	-80.38  
337.2   	-80.36  
337.6   	-80.35  
338     	-80.33  
338.4   	-80.32  
338.8   	-80.3   
339.2   	-80.21  
339.6   	-79.83  
340     	-78.76  
340.4   	-74.78  
340.8   	-58.95  
341.2   	12.98   
341.6   	42.69   
342     	30.15   
342.4   	12.92   
342.8   	-4.927  
343.2   	-22.88  
343.6   	-41.78  
344     	-57.72  
344.4   	-67.6   
344.8   	-73.13  
345.2   	-76.22  
345.6   	-78     
346     	-79.07  
346.4   	-79.75  
346.8   	-80.19  
347.2   	-80.49  
347.6   	-80.7   
348     	-80.86  
348.4   	-80.98  
348.8   	-81.07  
349.2   	-81.15  
349.6   	-81.21  
350     	-81.26  
350.4   	-81.3   
350.8   	-81.33  
351.2   	-81.34  
351.6   	-81.35  
352     	-81.36  
352.4   	-81.36  
352.8   	-81.36  
353.2   	-81.37  
353.6   	-81.37  
354     	-81.38  
354.4   	-81.38  
354.8   	-81.39  
355.2   	-81.4   
355.6   	-81.4   
356     	-81.39  
356.4   	-81.39  
356.8   	-81.38  
357.2   	-81.38  
357.6   	-81.38  
358     	-81.37  
358.4   	-81.37  
358.8   	-81.37  
359.2   	-81.37  
359.6   	-81.36  
360     	-81.34  
360.4   	-81.33  
360.8   	-81.31  
361.2   	-81.29  
361.6   	-81.27  
362     	-81.25  
362.4   	-81.23  
362.8   	-81.2   
363.2   	-81.17  
363.6   	-81.13  
364     	-81.1   
364.4   	-81.05  
364.8   	-81.01  
365.2   	-80.9   
365.6   	-80.54  
366     	-79.57  
366.4   	-76.3   
366.8   	-63.55  
367.2   	-12.18  
367.6   	43.49   
368     	32.74   
368.4   	15.92   
368.8   	-1.958  
369.2   	-19.73  
369.6   	-38.6   
370     	-55.36  
370.4   	-66.23  
370.8   	-72.36  
371.2   	-75.78  
371.6   	-77.73  
372     	-78.9   
372.4   	-79.62  
372.8   	-80.09  
373.2   	-80.41  
373.6   	-80.63  
374     	-80.78  
374.4   	-80.89  
374.8   	-80.97  
375.2   	-81.03  
375.6   	-81.07  
376     	-81.11  
376.4   	-81.14  
376.8   	-81.16  
377.2   	-81.17  
377.6   	-81.18  
378     	-81.19  
378.4   	-81.19  
378.8   	-81.2   
379.2   	-81.2   
379.6   	-81.2   
380     	-81.21  
380.4   	-81.21  
380.8   	-81.21  
381.2   	-81.21  
381.6   	-81.21  
382     	-81.22  
382.4   	-81.23  
382.8   	-81.24  
383.2   	-81.25  
383.6   	-81.26  
384     	-81.28  
384.4   	-81.29  
384.8   	-81.31  
385.2   	-81.32  
385.6   	-81.35  
386     	-81.37  
386.4   	-81.38  
386.8   	-81.4   
387.2   	-81.41  
387.6   	-81.43  
388     	-81.45  
388.4   	-81.46  
388.8   	-81.46  
389.2   	-81.45  
389.6   	-81.44  
390     	-81.43  
390.4   	-81.41  
390.8   	-81.4   
391.2   	-81.39  
391.6   	-81.38  
392     	-81.38  
392.4   	-81.37  
392.8   	-81.37  
393.2   	-81.37  
393.6   	-81.36  
394     	-81.36  
394.4   	-81.35  
394.8   	-81.34  
395.2   	-81.33  
395.6   	-81.32  
396     	-81.31  
396.4   	-81.29  
396.8   	-81.25  
397.2   	-81.17  
397.6   	-80.9   
398     	-80.19  
398.4   	-78.07  
398.8   	-69.96  
399.2   	-39.62  
399.6   	42.4    
400     	37.56   
400.4   	21.94   
400.8   	4.095   
401.2   	-13.59  
401.6   	-32.19  
402     	-50.27  
402.4   	-63.22  
402.8   	-70.68  
403.2   	-74.83  
403.6   	-77.18  
404     	-78.55  
404.4   	-79.4   
404.8   	-79.94  
405.2   	-80.3   
405.6   	-80.55  
406     	-80.73  
406.4   	-80.85  
406.8   	-80.93  
407.2   	-80.98  
407.6   	-81.01  
408     	-81.03  
408.4   	-81.03  
408.8   	-81.02  
409.2   	-81.01  
409.6   	-80.99  
410     	-80.97  
410.4   	-80.94  
410.8   	-80.91  
411.2   	-80.87  
411.6   	-80.83  
412     	-80.76  
412.4   	-80.63  
412.8   	-80.23  
413.2   	-79.2   
413.6   	-75.54  
414     	-61.16  
414.4   	0.7462  
414.8   	43.11   
415.2   	31.35   
415.6   	14.31   
416     	-3.565  
416.4   	-21.44  
416.8   	-40.34  
417.2   	-56.66  
417.6   	-66.98  
418     	-72.78  
418.4   	-76.01  
418.8   	-77.86  
419.2   	-78.97  
419.6   	-79.66  
420     	-80.11  
420.4   	-80.41  
420.8   	-80.63  
421.2   	-80.78  
421.6   	-80.88  
422     	-80.96  
422.4   	-81.02  
422.8   	-81.07  
423.2   	-81.1   
423.6   	-81.13  
424     	-81.15  
424.4   	-81.17  
424.8   	-81.17  
425.2   	-81.17  
425.6   	-81.16  
426     	-81.15  
426.4   	-81.14  
426.8   	-81.13  
427.2   	-81.12  
427.6   	-81.11  
428     	-81.1   
428.4   	-81.09  
428.8   	-81.08  
429.2   	-81.07  
429.6   	-81.07  
430     	-81.06  
430.4   	-81.06  
430.8   	-81.06  
431.2   	-81.06  
431.6   	-81.06  
432     	-81.05  
432.4   	-81.05  
432.8   	-81.04  
433.2   	-81.03  
433.6   	-81.02  
434     	-81.01  
434.4   	-81.01  
434.8   	-81     
435.2   	-81     
435.6   	-81.01  
436     	-81.01  
436.4   	-81.02  
436.8   	-81.03  
437.2   	-81.04  
437.6   	-81.05  
438     	-81.07  
438.4   	-81.09  
438.8   	-81.11  
439.2   	-81.13  
439.6   	-81.15  
440     	-81.18  
440.4   	-81.21  
440.8   	-81.24  
441.2   	-81.28  
441.6   	-81.32  
442     	-81.35  
442.4   	-81.38  
442.8   	-81.39  
443.2   	-81.4   
443.6   	-81.41  
444     	-81.41  
444.4   	-81.41  
444.8   	-81.4   
445.2   	-81.38  
445.6   	-81.35  
446     	-81.29  
446.4   	-81.06  
446.8   	-80.42  
447.2   	-78.63  
447.6   	-71.86  
448     	-46.46  
448.4   	39.62   
448.8   	39.26   
449.2   	24.31   
449.6   	6.572   
450     	-11.11  
450.4   	-29.51  
450.8   	-47.9   
451.2   	-61.74  
451.6   	-69.85  
452     	-74.37  
452.4   	-76.91  
452.8   	-78.4   
453.2   	-79.31  
453.6   	-79.9   
454     	-80.29  
454.4   	-80.55  
454.8   	-80.74  
455.2   	-80.88  
455.6   	-80.97  
456     	-81.04  
456.4   	-81.08  
456.8   	-81.11  
457.2   	-81.13  
457.6   	-81.14  
458     	-81.14  
458.4   	-81.14  
458.8   	-81.14  
459.2   	-81.14  
459.6   	-81.14  
460     	-81.14  
460.4   	-81.15  
460.8   	-81.14  
461.2   	-81.14  
461.6   	-81.14  
462     	-81.13  
462.4   	-81.13  
462.8   	-81.13  
463.2   	-81.14  
463.6   	-81.14  
464     	-81.15  
464.4   	-81.17  
464.8   	-81.19  
465.2   	-81.21  
465.6   	-81.23  
466     	-81.25  
466.4   	-81.28  
466.8   	-81.31  
467.2   	-81.34  
467.6   	-81.36  
468     	-81.39  
468.4   	-81.41  
468.8   	-81.43  
469.2   	-81.45  
469.6   	-81.47  
470     	-81.5   
470.4   	-81.52  
470.8   	-81.53  
471.2   	-81.54  
471.6   	-81.55  
472     	-81.56  
472.4   	-81.56  
472.8   	-81.56  
473.2   	-81.56  
473.6   	-81.56  
474     	-81.55  
474.4   	-81.55  
474.8   	-81.54  
475.2   	-81.53  
475.6   	-81.53  
476     	-81.53  
476.4   	-81.53  
476.8   	-81.53  
477.2   	-81.52  
477.6   	-81.52  
478     	-81.51  
478.4   	-81.51  
478.8   	-81.5   
479.2   	-81.5   
479.6   	-81.51  
480     	-81.51  
480.4   	-81.52  
480.8   	-81.52  
481.2   	-81.53  
481.6   	-81.54  
482     	-81.56  
482.4   	-81.57  
482.8   	-81.59  
483.2   	-81.61  
483.6   	-81.64  
484     	-81.66  
484.4   	-81.68  
484.8   	-81.7   
485.2   	-81.71  
485.6   	-81.72  
486     	-81.72  
486.4   	-81.71  
486.8   	-81.69  
487.2   	-81.66  
487.6   	-81.64  
488     	-81.62  
488.4   	-81.59  
488.8   	-81.57  
489.2   	-81.56  
489.6   	-81.53  
490     	-81.51  
490.4   	-81.49  
490.8   	-81.47  
491.2   	-81.46  
491.6   	-81.45  
492     	-81.44  
492.4   	-81.42  
492.8   	-81.4   
493.2   	-81.38  
493.6   	-81.37  
494     	-81.35  
494.4   	-81.34  
494.8   	-81.33  
495.2   	-81.32  
495.6   	-81.3   
496     	-81.27  
496.4   	-81.25  
496.8   	-81.22  
497.2   	-81.2   
497.6   	-81.18  
498     	-81.16  
498.4   	-81.14  
498.8   	-81.14  
499.2   	-81.13  
499.6   	-81.13  
500     	-81.12  
500.4   	-81.11  
500.8   	-81.09  
501.2   	-81.07  
501.6   	-81.05  
502     	-81.04  
502.4   	-81.02  
502.8   	-81.01  
503.2   	-81     
503.6   	-80.99  
504     	-80.99  
504.4   	-80.99  
504.8   	-81     
505.2   	-81.01  
505.6   	-81.03  
506     	-81.04  
506.4   	-81.06  
506.8   	-81.07  
507.2   	-81.08  
507.6   	-81.09  
508     	-81.1   
508.4   	-81.11  
508.8   	-81.12  
509.2   	-81.14  
509.6   	-81.15  
510     	-81.18  
510.4   	-81.2   
510.8   	-81.23  
511.2   	-81.25  
511.6   	-81.27  
512     	-81.3   
512.4   	-81.32  
512.8   	-81.34  
513.2   	-81.35  
513.6   	-81.36  
514     	-81.36  
514.4   	-81.37  
514.8   	-81.38  
515.2   	-81.39  
515.6   	-81.4   
516     	-81.4   
516.4   	-81.4   
516.8   	-81.4   
517.2   	-81.39  
517.6   	-81.39  
518     	-81.38  
518.4   	-81.38  
518.8   	-81.38  
519.2   	-81.39  
519.6   	-81.39  
520     	-81.4   
520.4   	-81.41  
520.8   	-81.42  
521.2   	-81.43  
521.6   	-81.44  
522     	-81.45  
522.4   	-81.46  
522.8   	-81.47  
523.2   	-81.46  
523.6   	-81.45  
524     	-81.43  
524.4   	-81.4   
524.8   	-81.37  
525.2   	-81.33  
525.6   	-81.3   
526     	-81.26  
526.4   	-81.23  
526.8   	-81.2   
527.2   	-81.18  
527.6   	-81.16  
528     	-81.14  
528.4   	-81.13  
528.8   	-81.12  
529.2   	-81.11  
529.6   	-81.1   
530     	-81.09  
530.4   	-81.08  
530.8   	-81.06  
531.2   	-81.05  
531.6   	-81.05  
532     	-81.04  
532.4   	-81.04  
532.8   	-81.03  
533.2   	-81.03  
533.6   	-81.03  
534     	-81.02  
534.4   	-80.99  
534.8   	-80.83  
535.2   	-80.31  
535.6   	-78.88  
536     	-73.52  
536.4   	-52.92  
536.8   	32.81   
537.2   	41.08   
537.6   	27.11   
538     	9.556   
538.4   	-8.212  
538.8   	-26.4   
539.2   	-45.11  
539.6   	-59.98  
540     	-68.87  
540.4   	-73.84  
540.8   	-76.62  
541.2   	-78.24  
541.6   	-79.21  
542     	-79.83  
542.4   	-80.24  
542.8   	-80.51  
543.2   	-80.71  
543.6   	-80.85  
544     	-80.95  
544.4   	-81.03  
544.8   	-81.08  
545.2   	-81.11  
545.6   	-81.13  
546     	-81.13  
546.4   	-81.13  
546.8   	-81.12  
547.2   	-81.09  
547.6   	-80.97  
548     	-80.59  
548.4   	-79.62  
548.8   	-76.34  
549.2   	-63.68  
549.6   	-13.27  
550     	43.41   
550.4   	32.79   
550.8   	16.01   
551.2   	-1.87   
551.6   	-19.64  
552     	-38.5   
552.4   	-55.28  
552.8   	-66.17  
553.2   	-72.32  
553.6   	-75.74  
554     	-77.7   
554.4   	-78.86  
554.8   	-79.58  
555.2   	-80.05  
555.6   	-80.37  
556     	-80.59  
556.4   	-80.76  
556.8   	-80.87  
557.2   	-80.95  
557.6   	-81     
558     	-81.01  
558.4   	-81.01  
558.8   	-81     
559.2   	-80.98  
559.6   	-80.95  
560     	-80.93  
560.4   	-80.9   
560.8   	-80.86  
561.2   	-80.83  
561.6   	-80.81  
562     	-80.78  
562.4   	-80.76  
562.8   	-80.74  
563.2   	-80.71  
563.6   	-80.69  
564     	-80.66  
564.4   	-80.63  
564.8   	-80.6   
565.2   	-80.57  
565.6   	-80.55  
566     	-80.53  
566.4   	-80.52  
566.8   	-80.51  
567.2   	-80.51  
567.6   	-80.5   
568     	-80.5   
568.4   	-80.5   
568.8   	-80.5   
569.2   	-80.49  
569.6   	-80.48  
570     	-80.46  
570.4   	-80.45  
570.8   	-80.43  
571.2   	-80.41  
571.6   	-80.39  
572     	-80.34  
572.4   	-80.11  
572.8   	-79.44  
573.2   	-77.32  
573.6   	-68.89  
574     	-36.56  
574.4   	42.95   
574.8   	36.83   
575.2   	20.96   
575.6   	3.091   
576     	-14.59  
576.4   	-33.26  
576.8   	-51.17  
577.2   	-63.78  
577.6   	-71     
578     	-75.02  
578.4   	-77.3   
578.8   	-78.65  
579.2   	-79.48  
579.6   	-80.01  
580     	-80.38  
580.4   	-80.62  
580.8   	-80.8   
581.2   	-80.93  
581.6   	-81.03  
582     	-81.1   
582.4   	-81.15  
582.8   	-81.19  
583.2   	-81.21  
583.6   	-81.23  
584     	-81.23  
584.4   	-81.22  
584.8   	-81.21  
585.2   	-81.19  
585.6   	-81.18  
586     	-81.16  
586.4   	-81.14  
586.8   	-81.12  
587.2   	-81.1   
587.6   	-81.07  
588     	-81.05  
588.4   	-81.02  
588.8   	-80.99  
589.2   	-80.97  
589.6   	-80.95  
590     	-80.93  
590.4   	-80.92  
590.8   	-80.89  
591.2   	-80.86  
591.6   	-80.81  
592     	-80.76  
592.4   	-80.71  
592.8   	-80.65  
593.2   	-80.59  
593.6   	-80.53  
594     	-80.48  
594.4   	-80.41  
594.8   	-80.34  
595.2   	-80.26  
595.6   	-80.19  
596     	-80.13  
596.4   	-80.06  
596.8   	-80.01  
597.2   	-79.96  
597.6   	-79.93  
598     	-79.9   
598.4   	-79.87  
598.8   	-79.86  
599.2   	-79.84  
599.6   	-79.82  
600     	-79.8   
600.4   	-79.78  
600.8   	-79.76  
601.2   	-79.75  
601.6   	-79.74  
602     	-79.73  
602.4   	-79.73  
602.8   	-79.73  
603.2   	-79.74  
603.6   	-79.75  
604     	-79.77  
604.4   	-79.78  
604.8   	-79.81  
605.2   	-79.83  
605.6   	-79.86  
606     	-79.89  
606.4   	-79.93  
606.8   	-79.97  
607.2   	-80.01  
607.6   	-80.06  
608     	-80.1   
608.4   	-80.14  
608.8   	-80.17  
609.2   	-80.19  
609.6   	-80.19  
610     	-80.18  
610.4   	-80.17  
610.8   	-80.16  
611.2   	-80.14  
611.6   	-80.12  
612     	-80.1   
612.4   	-80.09  
612.8   	-80.07  
613.2   	-80.05  
613.6   	-80.03  
614     	-80.01  
614.4   	-79.98  
614.8   	-79.95  
615.2   	-79.91  
615.6   	-79.78  
616     	-79.35  
616.4   	-78     
616.8   	-72.65  
617.2   	-51.43  
617.6   	35.03   
618     	40.7    
618.4   	26.45   
618.8   	8.836   
619.2   	-8.921  
619.6   	-27.16  
620     	-45.83  
620.4   	-60.45  
620.8   	-69.14  
621.2   	-73.97  
621.6   	-76.67  
622     	-78.23  
622.4   	-79.18  
622.8   	-79.77  
623.2   	-80.15  
623.6   	-80.41  
624     	-80.57  
624.4   	-80.69  
624.8   	-80.77  
625.2   	-80.82  
625.6   	-80.85  
626     	-80.86  
626.4   	-80.87  
626.8   	-80.87  
627.2   	-80.85  
627.6   	-80.83  
628     	-80.81  
628.4   	-80.79  
628.8   	-80.76  
629.2   	-80.74  
629.6   	-80.72  
630     	-80.7   
630.4   	-80.68  
630.8   	-80.66  
631.2   	-80.64  
631.6   	-80.62  
632     	-80.61  
632.4   	-80.6   
632.8   	-80.58  
633.2   	-80.57  
633.6   	-80.55  
634     	-80.53  
634.4   	-80.52  
634.8   	-80.51  
635.2   	-80.5   
635.6   	-80.48  
636     	-80.47  
636.4   	-80.46  
636.8   	-80.46  
637.2   	-80.46  
637.6   	-80.46  
638     	-80.47  
638.4   	-80.47  
638.8   	-80.48  
639.2   	-80.49  
639.6   	-80.5   
640     	-80.5   
640.4   	-80.48  
640.8   	-80.46  
641.2   	-80.44  
641.6   	-80.42  
642     	-80.41  
642.4   	-80.39  
642.8   	-80.38  
643.2   	-80.38  
643.6   	-80.37  
644     	-80.37  
644.4   	-80.37  
644.8   	-80.37  
645.2   	-80.37  
645.6   	-80.37  
646     	-80.38  
646.4   	-80.39  
646.8   	-80.4   
647.2   	-80.41  
647.6   	-80.42  
648     	-80.43  
648.4   	-80.44  
648.8   	-80.43  
649.2   	-80.42  
649.6   	-80.4   
650     	-80.38  
650.4   	-80.35  
650.8   	-80.33  
651.2   	-80.3   
651.6   	-80.28  
652     	-80.26  
652.4   	-80.24  
652.8   	-80.23  
653.2   	-80.21  
653.6   	-80.18  
654     	-80.16  
654.4   	-80.14  
654.8   	-80.1   
655.2   	-79.93  
655.6   	-79.38  
656     	-77.65  
656.4   	-70.74  
656.8   	-43.96  
657.2   	41.03   
657.6   	38.63   
658     	23.38   
658.4   	5.587   
658.8   	-12.11  
659.2   	-30.61  
659.6   	-48.91  
660     	-62.4   
660.4   	-70.23  
660.8   	-74.59  
661.2   	-77.04  
661.6   	-78.47  
662     	-79.35  
662.4   	-79.91  
662.8   	-80.28  
663.2   	-80.54  
663.6   	-80.73  
664     	-80.86  
664.4   	-80.96  
664.8   	-81.03  
665.2   	-81.09  
665.6   	-81.13  
666     	-81.17  
666.4   	-81.19  
666.8   	-81.21  
667.2   	-81.23  
667.6   	-81.24  
668     	-81.25  
668.4   	-81.25  
668.8   	-81.25  
669.2   	-81.25  
669.6   	-81.25  
670     	-81.24  
670.4   	-81.22  
670.8   	-81.19  
671.2   	-81.16  
671.6   	-81.12  
672     	-81.08  
672.4   	-81.04  
672.8   	-81     
673.2   	-80.96  
673.6   	-80.91  
674     	-80.86  
674.4   	-80.81  
674.8   	-80.77  
675.2   	-80.72  
675.6   	-80.68  
676     	-80.63  
676.4   	-80.58  
676.8   	-80.52  
677.2   	-80.46  
677.6   	-80.4   
678     	-80.31  
678.4   	-80.05  
678.8   	-79.33  
679.2   	-76.95  
679.6   	-67.52  
680     	-31.09  
680.4   	43.48   
680.8   	35.68   
681.2   	19.49   
681.6   	1.594   
682     	-16.1   
682.4   	-34.86  
682.8   	-52.47  
683.2   	-64.54  
683.6   	-71.42  
684     	-75.25  
684.4   	-77.42  
684.8   	-78.7   
685.2   	-79.49  
685.6   	-80.01  
686     	-80.35  
686.4   	-80.58  
686.8   	-80.74  
687.2   	-80.84  
687.6   	-80.91  
688     	-80.96  
688.4   	-80.98  
688.8   	-80.98  
689.2   	-80.97  
689.6   	-80.96  
690     	-80.94  
690.4   	-80.92  
690.8   	-80.9   
691.2   	-80.88  
691.6   	-80.86  
692     	-80.83  
692.4   	-80.8   
692.8   	-80.78  
693.2   	-80.75  
693.6   	-80.72  
694     	-80.68  
694.4   	-80.63  
694.8   	-80.58  
695.2   	-80.49  
695.6   	-80.19  
696     	-79.37  
696.4   	-76.6   
696.8   	-65.71  
697.2   	-23.12  
697.6   	43.7    
698     	34.3    
698.4   	17.78   
698.8   	-0.1297 
699.2   	-17.87  
699.6   	-36.72  
700     	-53.95  
700.4   	-65.41  
700.8   	-71.9   
701.2   	-75.51  
701.6   	-77.56  
702     	-78.77  
702.4   	-79.52  
702.8   	-80.01  
703.2   	-80.33  
703.6   	-80.54  
704     	-80.7   
704.4   	-80.81  
704.8   	-80.89  
705.2   	-80.94  
705.6   	-80.99  
706     	-81.02  
706.4   	-81.04  
706.8   	-81.06  
707.2   	-81.07  
707.6   	-81.07  
708     	-81.08  
708.4   	-81.08  
708.8   	-81.08  
709.2   	-81.08  
709.6   	-81.08  
710     	-81.07  
710.4   	-81.06  
710.8   	-81.04  
711.2   	-81.02  
711.6   	-81     
712     	-80.98  
712.4   	-80.95  
712.8   	-80.93  
713.2   	-80.9   
713.6   	-80.87  
714     	-80.84  
714.4   	-80.8   
714.8   	-80.76  
715.2   	-80.72  
715.6   	-80.69  
716     	-80.66  
716.4   	-80.63  
716.8   	-80.62  
717.2   	-80.6   
717.6   	-80.58  
718     	-80.55  
718.4   	-80.53  
718.8   	-80.5   
719.2   	-80.48  
719.6   	-80.46  
720     	-80.45  
720.4   	-80.44  
720.8   	-80.43  
721.2   	-80.42  
721.6   	-80.42  
722     	-80.41  
722.4   	-80.4   
722.8   	-80.39  
723.2   	-80.38  
723.6   	-80.37  
724     	-80.36  
724.4   	-80.35  
724.8   	-80.35  
725.2   	-80.34  
725.6   	-80.34  
726     	-80.33  
726.4   	-80.33  
726.8   	-80.33  
727.2   	-80.33  
727.6   	-80.33  
728     	-80.33  
728.4   	-80.33  
728.8   	-80.33  
729.2   	-80.27  
729.6   	-79.98  
730     	-79.12  
730.4   	-76.14  
730.8   	-64.26  
731.2   	-16.5   
731.6   	43.63   
732     	33.32   
732.4   	16.59   
732.8   	-1.307  
733.2   	-19.08  
733.6   	-37.96  
734     	-54.91  
734.4   	-65.99  
734.8   	-72.24  
735.2   	-75.72  
735.6   	-77.72  
736     	-78.91  
736.4   	-79.66  
736.8   	-80.15  
737.2   	-80.5   
737.6   	-80.75  
738     	-80.94  
738.4   	-81.09  
738.8   	-81.21  
739.2   	-81.31  
739.6   	-81.39  
740     	-81.47  
740.4   	-81.53  
740.8   	-81.58  
741.2   	-81.63  
741.6   	-81.67  
742     	-81.71  
742.4   	-81.73  
742.8   	-81.73  
743.2   	-81.7   
743.6   	-81.66  
744     	-81.61  
744.4   	-81.54  
744.8   	-81.48  
745.2   	-81.41  
745.6   	-81.34  
746     	-81.27  
746.4   	-81.11  
746.8   	-80.67  
747.2   	-79.53  
747.6   	-75.51  
748     	-59.99  
748.4   	7.995   
748.8   	42.88   
749.2   	30.67   
749.6   	13.52   
750     	-4.334  
750.4   	-22.25  
750.8   	-41.14  
751.2   	-57.25  
751.6   	-67.32  
752     	-72.96  
752.4   	-76.11  
752.8   	-77.92  
753.2   	-79.01  
753.6   	-79.68  
754     	-80.12  
754.4   	-80.42  
754.8   	-80.63  
755.2   	-80.78  
755.6   	-80.88  
756     	-80.95  
756.4   	-80.99  
756.8   	-81     
757.2   	-81     
757.6   	-80.97  
758     	-80.94  
758.4   	-80.91  
758.8   	-80.87  
759.2   	-80.82  
759.6   	-80.78  
760     	-80.74  
760.4   	-80.71  
760.8   	-80.67  
761.2   	-80.64  
761.6   	-80.61  
762     	-80.58  
762.4   	-80.55  
762.8   	-80.53  
763.2   	-80.5   
763.6   	-80.46  
764     	-80.33  
764.4   	-79.87  
764.8   	-78.57  
765.2   	-73.61  
765.6   	-54.19  
766     	30.23   
766.4   	41.41   
766.8   	27.69   
767.2   	10.19   
767.6   	-7.59   
768     	-25.72  
768.4   	-44.47  
768.8   	-59.54  
769.2   	-68.62  
769.6   	-73.68  
770     	-76.52  
770.4   	-78.16  
770.8   	-79.15  
771.2   	-79.78  
771.6   	-80.18  
772     	-80.46  
772.4   	-80.64  
772.8   	-80.78  
773.2   	-80.87  
773.6   	-80.93  
774     	-80.97  
774.4   	-81     
774.8   	-81.02  
775.2   	-81.02  
775.6   	-81.02  
776     	-81.02  
776.4   	-81.02  
776.8   	-81     
777.2   	-80.98  
777.6   	-80.95  
778     	-80.92  
778.4   	-80.88  
778.8   	-80.85  
779.2   	-80.83  
779.6   	-80.8   
780     	-80.77  
780.4   	-80.74  
780.8   	-80.71  
781.2   	-80.67  
781.6   	-80.5   
782     	-79.98  
782.4   	-78.48  
782.8   	-72.72  
783.2   	-50.49  
783.6   	36.2    
784     	40.41   
784.4   	26.02   
784.8   	8.378   
785.2   	-9.367  
785.6   	-27.65  
786     	-46.28  
786.4   	-60.74  
786.8   	-69.31  
787.2   	-74.09  
787.6   	-76.77  
788     	-78.33  
788.4   	-79.29  
788.8   	-79.9   
789.2   	-80.31  
789.6   	-80.58  
790     	-80.78  
790.4   	-80.92  
790.8   	-81.02  
791.2   	-81.1   
791.6   	-81.16  
792     	-81.2   
792.4   	-81.23  
792.8   	-81.25  
793.2   	-81.26  
793.6   	-81.26  
794     	-81.27  
794.4   	-81.27  
794.8   	-81.28  
795.2   	-81.29  
795.6   	-81.3   
796     	-81.31  
796.4   	-81.32  
796.8   	-81.32  
797.2   	-81.32  
797.6   	-81.31  
798     	-81.3   
798.4   	-81.28  
798.8   	-81.26  
799.2   	-81.23  
799.6   	-81.2   
800     	-81.17  
800.4   	-81.15  
800.8   	-81.12  
801.2   	-81.09  
801.6   	-81.06  
802     	-81.02  
802.4   	-80.92  
802.8   	-80.56  
803.2   	-79.61  
803.6   	-76.43  
804     	-64.06  
804.4   	-14.83  
804.8   	43.57   
805.2   	33.09   
805.6   	16.33   
806     	-1.555  
806.4   	-19.32  
806.8   	-38.19  
807.2   	-55.06  
807.6   	-66.06  
808     	-72.26  
808.4   	-75.72  
808.8   	-77.69  
809.2   	-78.87  
809.6   	-79.6   
810     	-80.07  
810.4   	-80.39  
810.8   	-80.61  
811.2   	-80.77  
811.6   	-80.88  
812     	-80.96  
812.4   	-81.01  
812.8   	-81.04  
813.2   	-81.06  
813.6   	-81.07  
814     	-81.07  
814.4   	-81.05  
814.8   	-81.02  
815.2   	-80.99  
815.6   	-80.95  
816     	-80.9   
816.4   	-80.85  
816.8   	-80.8   
817.2   	-80.76  
817.6   	-80.72  
818     	-80.68  
818.4   	-80.65  
818.8   	-80.62  
819.2   	-80.6   
819.6   	-80.58  
820     	-80.57  
820.4   	-80.57  
820.8   	-80.57  
821.2   	-80.57  
821.6   	-80.58  
822     	-80.6   
822.4   	-80.62  
822.8   	-80.64  
823.2   	-80.66  
823.6   	-80.68  
824     	-80.7   
824.4   	-80.73  
824.8   	-80.75  
825.2   	-80.78  
825.6   	-80.81  
826     	-80.84  
826.4   	-80.87  
826.8   	-80.9   
827.2   	-80.93  
827.6   	-80.96  
828     	-81     
828.4   	-81.03  
828.8   	-81.06  
829.2   	-81.09  
829.6   	-81.13  
830     	-81.16  
830.4   	-81.19  
830.8   	-81.21  
831.2   	-81.23  
831.6   	-81.23  
832     	-81.23  
832.4   	-81.23  
832.8   	-81.23  
833.2   	-81.23  
833.6   	-81.23  
834     	-81.24  
834.4   	-81.25  
834.8   	-81.26  
835.2   	-81.27  
835.6   	-81.28  
836     	-81.29  
836.4   	-81.3   
836.8   	-81.32  
837.2   	-81.33  
837.6   	-81.35  
838     	-81.36  
838.4   	-81.37  
838.8   	-81.37  
839.2   	-81.37  
839.6   	-81.37  
840     	-81.36  
840.4   	-81.35  
840.8   	-81.34  
841.2   	-81.33  
841.6   	-81.32  
842     	-81.31  
842.4   	-81.3   
842.8   	-81.3   
843.2   	-81.29  
843.6   	-81.28  
844     	-81.27  
844.4   	-81.25  
844.8   	-81.24  
845.2   	-81.22  
845.6   	-81.21  
846     	-81.2   
846.4   	-81.2   
846.8   	-81.2   
847.2   	-81.2   
847.6   	-81.21  
848     	-81.21  
848.4   	-81.21  
848.8   	-81.22  
849.2   	-81.23  
849.6   	-81.24  
850     	-81.25  
850.4   	-81.27  
850.8   	-81.3   
851.2   	-81.32  
851.6   	-81.35  
852     	-81.38  
852.4   	-81.41  
852.8   	-81.43  
853.2   	-81.45  
853.6   	-81.46  
854     	-81.46  
854.4   	-81.46  
854.8   	-81.46  
855.2   	-81.46  
855.6   	-81.46  
856     	-81.46  
856.4   	-81.47  
856.8   	-81.47  
857.2   	-81.47  
857.6   	-81.48  
858     	-81.48  
858.4   	-81.48  
858.8   	-81.46  
859.2   	-81.35  
859.6   	-80.94  
860     	-79.89  
860.4   	-76.38  
860.8   	-62.94  
861.2   	-8.492  
861.6   	43.39   
862     	32.32   
862.4   	15.44   
862.8   	-2.435  
863.2   	-20.23  
863.6   	-39.11  
864     	-55.74  
864.4   	-66.45  
864.8   	-72.48  
865.2   	-75.86  
865.6   	-77.79  
866     	-78.95  
866.4   	-79.68  
866.8   	-80.16  
867.2   	-80.49  
867.6   	-80.73  
868     	-80.9   
868.4   	-81.04  
868.8   	-81.15  
869.2   	-81.24  
869.6   	-81.32  
870     	-81.38  
870.4   	-81.43  
870.8   	-81.47  
871.2   	-81.5   
871.6   	-81.53  
872     	-81.55  
872.4   	-81.56  
872.8   	-81.57  
873.2   	-81.58  
873.6   	-81.6   
874     	-81.6   
874.4   	-81.61  
874.8   	-81.61  
875.2   	-81.62  
875.6   	-81.62  
876     	-81.63  
876.4   	-81.64  
876.8   	-81.66  
877.2   	-81.67  
877.6   	-81.69  
878     	-81.7   
878.4   	-81.71  
878.8   	-81.72  
879.2   	-81.73  
879.6   	-81.75  
880     	-81.76  
880.4   	-81.76  
880.8   	-81.75  
881.2   	-81.73  
881.6   	-81.71  
882     	-81.69  
882.4   	-81.67  
882.8   	-81.64  
883.2   	-81.62  
883.6   	-81.61  
884     	-81.59  
884.4   	-81.57  
884.8   	-81.55  
885.2   	-81.53  
885.6   	-81.51  
886     	-81.48  
886.4   	-81.45  
886.8   	-81.41  
887.2   	-81.38  
887.6   	-81.35  
888     	-81.33  
888.4   	-81.3   
888.8   	-81.29  
889.2   	-81.27  
889.6   	-81.25  
890     	-81.24  
890.4   	-81.23  
890.8   	-81.23  
891.2   	-81.23  
891.6   	-81.24  
892     	-81.25  
892.4   	-81.26  
892.8   	-81.27  
893.2   	-81.29  
893.6   	-81.3   
894     	-81.3   
894.4   	-81.3   
894.8   	-81.29  
895.2   	-81.27  
895.6   	-81.25  
896     	-81.22  
896.4   	-81.19  
896.8   	-81.16  
897.2   	-81.13  
897.6   	-81.1   
898     	-81.08  
898.4   	-81.04  
898.8   	-81     
899.2   	-80.96  
899.6   	-80.91  
900     	-80.87  
900.4   	-80.84  
900.8   	-80.8   
901.2   	-80.78  
901.6   	-80.76  
902     	-80.74  
902.4   	-80.72  
902.8   	-80.7   
903.2   	-80.68  
903.6   	-80.67  
904     	-80.66  
904.4   	-80.66  
904.8   	-80.66  
905.2   	-80.66  
905.6   	-80.65  
906     	-80.64  
906.4   	-80.62  
906.8   	-80.61  
907.2   	-80.59  
907.6   	-80.57  
908     	-80.54  
908.4   	-80.51  
908.8   	-80.49  
909.2   	-80.46  
909.6   	-80.44  
910     	-80.42  
910.4   	-80.41  
910.8   	-80.39  
911.2   	-80.38  
911.6   	-80.38  
912     	-80.38  
912.4   	-80.38  
912.8   	-80.38  
913.2   	-80.38  
913.6   	-80.38  
914     	-80.38  
914.4   	-80.39  
914.8   	-80.39  
915.2   	-80.39  
915.6   	-80.4   
916     	-80.41  
916.4   	-80.41  
916.8   	-80.41  
917.2   	-80.41  
917.6   	-80.4   
918     	-80.39  
918.4   	-80.36  
918.8   	-80.33  
919.2   	-80.29  
919.6   	-80.25  
920     	-80.19  
920.4   	-80.14  
920.8   	-80.08  
921.2   	-79.98  
921.6   	-79.64  
922     	-78.68  
922.4   	-75.13  
922.8   	-60.8   
923.2   	2.471   
923.6   	43.11   
924     	31.21   
924.4   	14.13   
924.8   	-3.745  
925.2   	-21.62  
925.6   	-40.52  
926     	-56.79  
926.4   	-67.05  
926.8   	-72.79  
927.2   	-75.98  
927.6   	-77.81  
928     	-78.89  
928.4   	-79.56  
928.8   	-80     
929.2   	-80.29  
929.6   	-80.49  
930     	-80.62  
930.4   	-80.71  
930.8   	-80.77  
931.2   	-80.8   
931.6   	-80.81  
932     	-80.81  
932.4   	-80.79  
932.8   	-80.77  
933.2   	-80.73  
933.6   	-80.7   
934     	-80.66  
934.4   	-80.62  
934.8   	-80.56  
935.2   	-80.43  
935.6   	-80     
936     	-78.82  
936.4   	-74.43  
936.8   	-57.21  
937.2   	20.77   
937.6   	42.16   
938     	29.15   
938.4   	11.82   
938.8   	-5.993  
939.2   	-24     
939.6   	-42.84  
940     	-58.43  
940.4   	-67.99  
940.8   	-73.34  
941.2   	-76.33  
941.6   	-78.05  
942     	-79.08  
942.4   	-79.74  
942.8   	-80.17  
943.2   	-80.47  
943.6   	-80.68  
944     	-80.84  
944.4   	-80.96  
944.8   	-81.05  
945.2   	-81.12  
945.6   	-81.18  
946     	-81.21  
946.4   	-81.24  
946.8   	-81.26  
947.2   	-81.28  
947.6   	-81.3   
948     	-81.31  
948.4   	-81.33  
948.8   	-81.34  
949.2   	-81.36  
949.6   	-81.38  
950     	-81.39  
950.4   	-81.4   
950.8   	-81.41  
951.2   	-81.42  
951.6   	-81.44  
952     	-81.45  
952.4   	-81.47  
952.8   	-81.49  
953.2   	-81.51  
953.6   	-81.53  
954     	-81.56  
954.4   	-81.59  
954.8   	-81.62  
955.2   	-81.65  
955.6   	-81.69  
956     	-81.72  
956.4   	-81.76  
956.8   	-81.78  
957.2   	-81.8   
957.6   	-81.8   
958     	-81.79  
958.4   	-81.78  
958.8   	-81.77  
959.2   	-81.76  
959.6   	-81.75  
960     	-81.74  
960.4   	-81.73  
960.8   	-81.72  
961.2   	-81.71  
961.6   	-81.7   
962     	-81.69  
962.4   	-81.68  
962.8   	-81.66  
963.2   	-81.64  
963.6   	-81.63  
964     	-81.62  
964.4   	-81.61  
964.8   	-81.6   
965.2   	-81.59  
965.6   	-81.59  
966     	-81.58  
966.4   	-81.58  
966.8   	-81.58  
967.2   	-81.58  
967.6   	-81.58  
968     	-81.58  
968.4   	-81.57  
968.8   	-81.56  
969.2   	-81.54  
969.6   	-81.46  
970     	-81.15  
970.4   	-80.34  
970.8   	-77.88  
971.2   	-68.59  
971.6   	-33.99  
972     	43.18   
972.4   	36.25   
972.8   	20.23   
973.2   	2.362   
973.6   	-15.3   
974     	-33.99  
974.4   	-51.72  
974.8   	-64.07  
975.2   	-71.14  
975.6   	-75.07  
976     	-77.29  
976.4   	-78.59  
976.8   	-79.38  
977.2   	-79.88  
977.6   	-80.21  
978     	-80.43  
978.4   	-80.57  
978.8   	-80.66  
979.2   	-80.71  
979.6   	-80.74  
980     	-80.75  
980.4   	-80.74  
980.8   	-80.73  
981.2   	-80.71  
981.6   	-80.69  
982     	-80.67  
982.4   	-80.64  
982.8   	-80.61  
983.2   	-80.56  
983.6   	-80.51  
984     	-80.45  
984.4   	-80.4   
984.8   	-80.34  
985.2   	-80.29  
985.6   	-80.23  
986     	-80.18  
986.4   	-80.13  
986.8   	-80.07  
987.2   	-79.96  
987.6   	-79.59  
988     	-78.56  
988.4   	-74.71  
988.8   	-59.22  
989.2   	11.33   
989.6   	42.76   
990     	30.32   
990.4   	13.11   
990.8   	-4.747  
991.2   	-22.69  
991.6   	-41.59  
992     	-57.58  
992.4   	-67.52  
992.8   	-73.08  
993.2   	-76.19  
993.6   	-77.97  
994     	-79.05  
994.4   	-79.72  
994.8   	-80.17  
995.2   	-80.48  
995.6   	-80.69  
996     	-80.84  
996.4   	-80.95  
996.8   	-81.03  
997.2   	-81.09  
997.6   	-81.14  
998     	-81.17  
998.4   	-81.19  
998.8   	-81.2   
999.2   	-81.2   
999.6   	-81.2   
