
SWEPT_VAR_1 = 5.0    // Syn: Source PP \ NetStim \ PARAMETER \ interval (ms)

t	s.v( 0.05 )
ms	mV
0       	-64.65  
0.4     	-65.51  
0.8     	-66.35  
1.2     	-67.15  
1.6     	-67.92  
2       	-68.66  
2.4     	-69.37  
2.8     	-70.05  
3.2     	-70.67  
3.6     	-71.21  
4       	-71.69  
4.4     	-72.08  
4.8     	-72.31  
5.2     	-72.01  
5.6     	-69.21  
6       	-53.55  
6.4     	30.01   
6.8     	41.54   
7.2     	27.61   
7.6     	10.02   
8       	-7.77   
8.4     	-25.88  
8.8     	-44.66  
9.2     	-59.69  
9.6     	-68.62  
10      	-73.51  
10.4    	-76.19  
10.8    	-77.67  
11.2    	-78.5   
11.6    	-78.95  
12      	-79.17  
12.4    	-79.24  
12.8    	-79.21  
13.2    	-79.1   
13.6    	-78.93  
14      	-78.71  
14.4    	-78.44  
14.8    	-78.14  
15.2    	-77.81  
15.6    	-77.44  
16      	-77.05  
16.4    	-76.64  
16.8    	-76.19  
17.2    	-75.64  
17.6    	-74.29  
18      	-67.99  
18.4    	-39.84  
18.8    	42.26   
19.2    	37.45   
19.6    	21.8    
20      	3.952   
20.4    	-13.68  
20.8    	-32.19  
21.2    	-50.16  
21.6    	-63.01  
22      	-70.35  
22.4    	-74.37  
22.8    	-76.57  
23.2    	-77.79  
23.6    	-78.46  
24      	-78.81  
24.4    	-78.96  
24.8    	-78.97  
25.2    	-78.9   
25.6    	-78.76  
26      	-78.57  
26.4    	-78.35  
26.8    	-78.09  
27.2    	-77.79  
27.6    	-77.47  
28      	-77.12  
28.4    	-76.75  
28.8    	-76.35  
29.2    	-75.92  
29.6    	-75.27  
30      	-73.26  
30.4    	-63.68  
30.8    	-19.91  
31.2    	43.58   
31.6    	33.59   
32      	16.94   
32.4    	-0.9452 
32.8    	-18.62  
33.2    	-37.36  
33.6    	-54.32  
34      	-65.45  
34.4    	-71.68  
34.8    	-75.08  
35.2    	-76.95  
35.6    	-77.98  
36      	-78.54  
36.4    	-78.8   
36.8    	-78.89  
37.2    	-78.86  
37.6    	-78.75  
38      	-78.58  
38.4    	-78.37  
38.8    	-78.12  
39.2    	-77.84  
39.6    	-77.54  
40      	-77.21  
40.4    	-76.87  
40.8    	-76.51  
41.2    	-76.13  
41.6    	-75.71  
42      	-75.16  
42.4    	-73.77  
42.8    	-67.32  
43.2    	-37.95  
43.6    	42.67   
44      	36.99   
44.4    	21.18   
44.8    	3.322   
45.2    	-14.29  
45.6    	-32.8   
46      	-50.64  
46.4    	-63.28  
46.8    	-70.47  
47.2    	-74.39  
47.6    	-76.54  
48      	-77.72  
48.4    	-78.35  
48.8    	-78.67  
49.2    	-78.79  
49.6    	-78.78  
50      	-78.68  
50.4    	-78.53  
50.8    	-78.33  
51.2    	-78.1   
51.6    	-77.84  
52      	-77.55  
52.4    	-77.24  
52.8    	-76.92  
53.2    	-76.58  
53.6    	-76.21  
54      	-75.81  
54.4    	-75.32  
54.8    	-74.27  
55.2    	-69.78  
55.6    	-48.68  
56      	37.65   
56.4    	39.83   
56.8    	25.14   
57.2    	7.456   
57.6    	-10.2   
58      	-28.4   
58.4    	-46.81  
58.8    	-60.92  
59.2    	-69.17  
59.6    	-73.7   
60      	-76.17  
60.4    	-77.53  
60.8    	-78.28  
61.2    	-78.67  
61.6    	-78.84  
62      	-78.87  
62.4    	-78.8   
62.8    	-78.66  
63.2    	-78.47  
63.6    	-78.23  
64      	-77.97  
64.4    	-77.67  
64.8    	-77.34  
65.2    	-77     
65.6    	-76.61  
66      	-76.19  
66.4    	-75.67  
66.8    	-74.7   
67.2    	-70.8   
67.6    	-52.47  
68      	32.57   
68.4    	40.91   
68.8    	26.88   
69.2    	9.325   
69.6    	-8.385  
70      	-26.45  
70.4    	-45.02  
70.8    	-59.76  
71.2    	-68.52  
71.6    	-73.33  
72      	-75.96  
72.4    	-77.4   
72.8    	-78.2   
73.2    	-78.61  
73.6    	-78.8   
74      	-78.83  
74.4    	-78.77  
74.8    	-78.63  
75.2    	-78.45  
75.6    	-78.21  
76      	-77.95  
76.4    	-77.65  
76.8    	-77.32  
77.2    	-76.96  
77.6    	-76.56  
78      	-76.12  
78.4    	-75.57  
78.8    	-74.35  
79.2    	-69.09  
79.6    	-45.12  
80      	40.18   
80.4    	38.76   
80.8    	23.62   
81.2    	5.865   
81.6    	-11.75  
82      	-30.06  
82.4    	-48.25  
82.8    	-61.78  
83.2    	-69.6   
83.6    	-73.87  
84      	-76.19  
84.4    	-77.46  
84.8    	-78.15  
85.2    	-78.5   
85.6    	-78.64  
86      	-78.65  
86.4    	-78.57  
86.8    	-78.41  
87.2    	-78.21  
87.6    	-77.96  
88      	-77.68  
88.4    	-77.37  
88.8    	-77.03  
89.2    	-76.68  
89.6    	-76.28  
90      	-75.84  
90.4    	-75.23  
90.8    	-73.81  
91.2    	-67.48  
91.6    	-38.71  
92      	42.46   
92.4    	37.13   
92.8    	21.39   
93.2    	3.546   
93.6    	-14.06  
94      	-32.55  
94.4    	-50.43  
94.8    	-63.14  
95.2    	-70.4   
95.6    	-74.36  
96      	-76.53  
96.4    	-77.73  
96.8    	-78.38  
97.2    	-78.72  
97.6    	-78.86  
98      	-78.88  
98.4    	-78.81  
98.8    	-78.68  
99.2    	-78.51  
99.6    	-78.29  
100     	-78.04  
100.4   	-77.74  
100.8   	-77.42  
101.2   	-77.07  
101.6   	-76.68  
102     	-76.27  
102.4   	-75.82  
102.8   	-75.19  
103.2   	-73.44  
103.6   	-65.11  
104     	-27.35  
104.4   	43.55   
104.8   	34.79   
105.2   	18.4    
105.6   	0.5083  
106     	-17.12  
106.4   	-35.81  
106.8   	-53.1   
107.2   	-64.73  
107.6   	-71.27  
108     	-74.83  
108.4   	-76.79  
108.8   	-77.87  
109.2   	-78.46  
109.6   	-78.76  
110     	-78.88  
110.4   	-78.87  
110.8   	-78.77  
111.2   	-78.59  
111.6   	-78.36  
112     	-78.09  
112.4   	-77.79  
112.8   	-77.45  
113.2   	-77.1   
113.6   	-76.72  
114     	-76.31  
114.4   	-75.8   
114.8   	-74.82  
115.2   	-71.04  
115.6   	-53.3   
116     	30.84   
116.4   	41.11   
116.8   	27.26   
117.2   	9.747   
117.6   	-7.966  
118     	-25.99  
118.4   	-44.58  
118.8   	-59.45  
119.2   	-68.35  
119.6   	-73.24  
120     	-75.9   
120.4   	-77.37  
120.8   	-78.18  
121.2   	-78.61  
121.6   	-78.81  
122     	-78.86  
122.4   	-78.81  
122.8   	-78.68  
123.2   	-78.5   
123.6   	-78.26  
124     	-77.97  
124.4   	-77.64  
124.8   	-77.28  
125.2   	-76.9   
125.6   	-76.47  
126     	-75.97  
126.4   	-75.03  
126.8   	-71.53  
127.2   	-55.16  
127.6   	25.74   
128     	41.6    
128.4   	28.17   
128.8   	10.75   
129.2   	-6.982  
129.6   	-24.92  
130     	-43.55  
130.4   	-58.74  
130.8   	-67.94  
131.2   	-73.01  
131.6   	-75.79  
132     	-77.32  
132.4   	-78.16  
132.8   	-78.62  
133.2   	-78.84  
133.6   	-78.91  
134     	-78.88  
134.4   	-78.77  
134.8   	-78.61  
135.2   	-78.4   
135.6   	-78.13  
136     	-77.84  
136.4   	-77.52  
136.8   	-77.17  
137.2   	-76.81  
137.6   	-76.42  
138     	-75.97  
138.4   	-75.33  
138.8   	-73.46  
139.2   	-64.63  
139.6   	-24.78  
140     	43.58   
140.4   	34.35   
140.8   	17.86   
141.2   	-0.02841
141.6   	-17.67  
142     	-36.37  
142.4   	-53.53  
142.8   	-64.98  
143.2   	-71.4   
143.6   	-74.9   
144     	-76.83  
144.4   	-77.89  
144.8   	-78.46  
145.2   	-78.75  
145.6   	-78.86  
146     	-78.86  
146.4   	-78.76  
146.8   	-78.61  
147.2   	-78.41  
147.6   	-78.17  
148     	-77.91  
148.4   	-77.61  
148.8   	-77.3   
149.2   	-76.95  
149.6   	-76.57  
150     	-76.16  
150.4   	-75.67  
150.8   	-74.82  
151.2   	-71.71  
151.6   	-56.73  
152     	19.9    
152.4   	42.13   
152.8   	29.09   
153.2   	11.75   
153.6   	-6.015  
154     	-23.89  
154.4   	-42.58  
154.8   	-58.09  
155.2   	-67.57  
155.6   	-72.79  
156     	-75.63  
156.4   	-77.19  
156.8   	-78.04  
157.2   	-78.48  
157.6   	-78.69  
158     	-78.74  
158.4   	-78.68  
158.8   	-78.55  
159.2   	-78.36  
159.6   	-78.12  
160     	-77.85  
160.4   	-77.55  
160.8   	-77.23  
161.2   	-76.89  
161.6   	-76.53  
162     	-76.16  
162.4   	-75.76  
162.8   	-75.28  
163.2   	-74.37  
163.6   	-70.79  
164     	-53.53  
164.4   	30.36   
164.8   	41.24   
165.2   	27.42   
165.6   	9.902   
166     	-7.819  
166.4   	-25.83  
166.8   	-44.44  
167.2   	-59.37  
167.6   	-68.31  
168     	-73.22  
168.4   	-75.91  
168.8   	-77.39  
169.2   	-78.21  
169.6   	-78.65  
170     	-78.85  
170.4   	-78.91  
170.8   	-78.86  
171.2   	-78.73  
171.6   	-78.55  
172     	-78.32  
172.4   	-78.05  
172.8   	-77.75  
173.2   	-77.42  
173.6   	-77.06  
174     	-76.67  
174.4   	-76.26  
174.8   	-75.77  
175.2   	-74.84  
175.6   	-71.19  
176     	-53.99  
176.4   	29.27   
176.8   	41.32   
177.2   	27.61   
177.6   	10.12   
178     	-7.6    
178.4   	-25.59  
178.8   	-44.19  
179.2   	-59.17  
179.6   	-68.16  
180     	-73.11  
180.4   	-75.8   
180.8   	-77.28  
181.2   	-78.09  
181.6   	-78.51  
182     	-78.7   
182.4   	-78.7   
182.8   	-78.6   
183.2   	-78.42  
183.6   	-78.19  
184     	-77.91  
184.4   	-77.6   
184.8   	-77.25  
185.2   	-76.87  
185.6   	-76.44  
186     	-75.94  
186.4   	-75.14  
186.8   	-72.72  
187.2   	-61.35  
187.6   	-7.256  
188     	43.11   
188.4   	31.85   
188.8   	14.92   
189.2   	-2.907  
189.6   	-20.6   
190     	-39.31  
190.4   	-55.7   
190.8   	-66.19  
191.2   	-72.01  
191.6   	-75.17  
192     	-76.9   
192.4   	-77.85  
192.8   	-78.35  
193.2   	-78.59  
193.6   	-78.65  
194     	-78.6   
194.4   	-78.46  
194.8   	-78.27  
195.2   	-78.03  
195.6   	-77.75  
196     	-77.44  
196.4   	-77.11  
196.8   	-76.75  
197.2   	-76.37  
197.6   	-75.94  
198     	-75.41  
198.4   	-74.45  
198.8   	-70.78  
199.2   	-53.24  
199.6   	30.9    
200     	41.11   
200.4   	27.25   
200.8   	9.727   
201.2   	-7.983  
201.6   	-26     
202     	-44.58  
202.4   	-59.44  
202.8   	-68.33  
203.2   	-73.21  
203.6   	-75.86  
204     	-77.32  
204.4   	-78.12  
204.8   	-78.53  
205.2   	-78.71  
205.6   	-78.75  
206     	-78.68  
206.4   	-78.54  
206.8   	-78.34  
207.2   	-78.11  
207.6   	-77.86  
208     	-77.59  
208.4   	-77.29  
208.8   	-76.96  
209.2   	-76.62  
209.6   	-76.26  
210     	-75.86  
210.4   	-75.38  
210.8   	-74.41  
211.2   	-70.53  
211.6   	-52.04  
212     	33.37   
212.4   	40.82   
212.8   	26.7    
213.2   	9.12    
213.6   	-8.588  
214     	-26.67  
214.4   	-45.24  
214.8   	-59.91  
215.2   	-68.61  
215.6   	-73.39  
216     	-76.01  
216.4   	-77.45  
216.8   	-78.24  
217.2   	-78.65  
217.6   	-78.83  
218     	-78.86  
218.4   	-78.78  
218.8   	-78.64  
219.2   	-78.44  
219.6   	-78.21  
220     	-77.95  
220.4   	-77.66  
220.8   	-77.34  
221.2   	-77     
221.6   	-76.63  
222     	-76.2   
222.4   	-75.71  
222.8   	-74.95  
223.2   	-72.39  
223.6   	-60.01  
224     	1.547   
224.4   	42.97   
224.8   	31.05   
225.2   	13.97   
225.6   	-3.864  
226     	-21.64  
226.4   	-40.4   
226.8   	-56.56  
227.2   	-66.72  
227.6   	-72.35  
228     	-75.42  
228.4   	-77.1   
228.8   	-78.02  
229.2   	-78.52  
229.6   	-78.75  
230     	-78.83  
230.4   	-78.79  
230.8   	-78.67  
231.2   	-78.5   
231.6   	-78.27  
232     	-78.01  
232.4   	-77.71  
232.8   	-77.39  
233.2   	-77.04  
233.6   	-76.67  
234     	-76.27  
234.4   	-75.81  
234.8   	-75.03  
235.2   	-72.35  
235.6   	-59.51  
236     	4.725   
236.4   	42.84   
236.8   	30.74   
237.2   	13.61   
237.6   	-4.215  
238     	-22     
238.4   	-40.75  
238.8   	-56.8   
239.2   	-66.84  
239.6   	-72.4   
240     	-75.43  
240.4   	-77.09  
240.8   	-78.01  
241.2   	-78.5   
241.6   	-78.73  
242     	-78.8   
242.4   	-78.77  
242.8   	-78.65  
243.2   	-78.48  
243.6   	-78.24  
244     	-77.97  
244.4   	-77.66  
244.8   	-77.33  
245.2   	-76.98  
245.6   	-76.61  
246     	-76.2   
246.4   	-75.69  
246.8   	-74.67  
247.2   	-70.62  
247.6   	-51.67  
248     	33.89   
248.4   	40.67   
248.8   	26.5    
249.2   	8.912   
249.6   	-8.789  
250     	-26.89  
250.4   	-45.44  
250.8   	-60.04  
251.2   	-68.7   
251.6   	-73.45  
252     	-76.04  
252.4   	-77.48  
252.8   	-78.28  
253.2   	-78.7   
253.6   	-78.88  
254     	-78.91  
254.4   	-78.83  
254.8   	-78.69  
255.2   	-78.5   
255.6   	-78.26  
256     	-77.99  
256.4   	-77.7   
256.8   	-77.39  
257.2   	-77.04  
257.6   	-76.67  
258     	-76.27  
258.4   	-75.82  
258.8   	-75.17  
259.2   	-73.23  
259.6   	-64.01  
260     	-21.85  
260.4   	43.59   
260.8   	33.87   
261.2   	17.28   
261.6   	-0.6022 
262     	-18.26  
262.4   	-36.99  
262.8   	-54.02  
263.2   	-65.27  
263.6   	-71.56  
264     	-74.99  
264.4   	-76.86  
264.8   	-77.9   
265.2   	-78.46  
265.6   	-78.74  
266     	-78.84  
266.4   	-78.84  
266.8   	-78.75  
267.2   	-78.6   
267.6   	-78.41  
268     	-78.18  
268.4   	-77.91  
268.8   	-77.63  
269.2   	-77.32  
269.6   	-76.99  
270     	-76.64  
270.4   	-76.27  
270.8   	-75.88  
271.2   	-75.39  
271.6   	-74.42  
272     	-70.38  
272.4   	-51.15  
272.8   	34.8    
273.2   	40.58   
273.6   	26.29   
274     	8.675   
274.4   	-9.03   
274.8   	-27.17  
275.2   	-45.72  
275.6   	-60.24  
276     	-68.82  
276.4   	-73.52  
276.8   	-76.08  
277.2   	-77.47  
277.6   	-78.22  
278     	-78.59  
278.4   	-78.73  
278.8   	-78.74  
279.2   	-78.64  
279.6   	-78.48  
280     	-78.25  
280.4   	-77.98  
280.8   	-77.68  
281.2   	-77.36  
281.6   	-77.03  
282     	-76.67  
282.4   	-76.31  
282.8   	-75.92  
283.2   	-75.48  
283.6   	-74.75  
284     	-72.28  
284.4   	-60.23  
284.8   	-0.2259 
285.2   	43.02   
285.6   	31.22   
286     	14.16   
286.4   	-3.678  
286.8   	-21.44  
287.2   	-40.21  
287.6   	-56.43  
288     	-66.66  
288.4   	-72.34  
288.8   	-75.43  
289.2   	-77.12  
289.6   	-78.05  
290     	-78.55  
290.4   	-78.79  
290.8   	-78.86  
291.2   	-78.82  
291.6   	-78.7   
292     	-78.52  
292.4   	-78.3   
292.8   	-78.03  
293.2   	-77.74  
293.6   	-77.43  
294     	-77.1   
294.4   	-76.75  
294.8   	-76.38  
295.2   	-75.97  
295.6   	-75.43  
296     	-74.16  
296.4   	-68.4   
296.8   	-42.28  
297.2   	41.53   
297.6   	38.04   
298     	22.61   
298.4   	4.798   
298.8   	-12.82  
299.2   	-31.24  
299.6   	-49.32  
300     	-62.48  
300.4   	-70.04  
300.8   	-74.18  
301.2   	-76.44  
301.6   	-77.69  
302     	-78.37  
302.4   	-78.73  
302.8   	-78.87  
303.2   	-78.87  
303.6   	-78.78  
304     	-78.63  
304.4   	-78.43  
304.8   	-78.19  
305.2   	-77.92  
305.6   	-77.62  
306     	-77.29  
306.4   	-76.94  
306.8   	-76.56  
307.2   	-76.14  
307.6   	-75.63  
308     	-74.69  
308.4   	-70.96  
308.8   	-53.3   
309.2   	30.91   
309.6   	41.14   
310     	27.28   
310.4   	9.761   
310.8   	-7.955  
311.2   	-25.98  
311.6   	-44.57  
312     	-59.44  
312.4   	-68.33  
312.8   	-73.21  
313.2   	-75.87  
313.6   	-77.32  
314     	-78.12  
314.4   	-78.54  
314.8   	-78.72  
315.2   	-78.76  
315.6   	-78.7   
316     	-78.55  
316.4   	-78.35  
316.8   	-78.11  
317.2   	-77.83  
317.6   	-77.53  
318     	-77.21  
318.4   	-76.86  
318.8   	-76.49  
319.2   	-76.07  
319.6   	-75.54  
320     	-74.54  
320.4   	-70.61  
320.8   	-52.02  
321.2   	33.32   
321.6   	40.78   
322     	26.67   
322.4   	9.097   
322.8   	-8.603  
323.2   	-26.68  
323.6   	-45.21  
324     	-59.87  
324.4   	-68.56  
324.8   	-73.33  
325.2   	-75.93  
325.6   	-77.36  
326     	-78.13  
326.4   	-78.54  
326.8   	-78.72  
327.2   	-78.75  
327.6   	-78.67  
328     	-78.53  
328.4   	-78.32  
328.8   	-78.07  
329.2   	-77.79  
329.6   	-77.49  
330     	-77.16  
330.4   	-76.81  
330.8   	-76.43  
331.2   	-76.01  
331.6   	-75.47  
332     	-74.29  
332.4   	-69.31  
332.8   	-46.39  
333.2   	39.35   
333.6   	39.1    
334     	24.11   
334.4   	6.377   
334.8   	-11.23  
335.2   	-29.49  
335.6   	-47.74  
336     	-61.46  
336.4   	-69.44  
336.8   	-73.81  
337.2   	-76.19  
337.6   	-77.5   
338     	-78.21  
338.4   	-78.58  
338.8   	-78.74  
339.2   	-78.76  
339.6   	-78.68  
340     	-78.54  
340.4   	-78.35  
340.8   	-78.12  
341.2   	-77.85  
341.6   	-77.56  
342     	-77.23  
342.4   	-76.89  
342.8   	-76.52  
343.2   	-76.12  
343.6   	-75.63  
344     	-74.78  
344.4   	-71.73  
344.8   	-57.12  
345.2   	18.02   
345.6   	42.24   
346     	29.32   
346.4   	12.01   
346.8   	-5.77   
347.2   	-23.64  
347.6   	-42.35  
348     	-57.94  
348.4   	-67.51  
348.8   	-72.79  
349.2   	-75.67  
349.6   	-77.26  
350     	-78.14  
350.4   	-78.62  
350.8   	-78.85  
351.2   	-78.92  
351.6   	-78.89  
352     	-78.79  
352.4   	-78.65  
352.8   	-78.46  
353.2   	-78.24  
353.6   	-77.98  
354     	-77.7   
354.4   	-77.39  
354.8   	-77.04  
355.2   	-76.66  
355.6   	-76.24  
356     	-75.77  
356.4   	-75.09  
356.8   	-72.97  
357.2   	-62.71  
357.6   	-14.72  
358     	43.47   
358.4   	32.86   
358.8   	16.06   
359.2   	-1.799  
359.6   	-19.48  
360     	-38.22  
360.4   	-54.95  
360.8   	-65.81  
361.2   	-71.87  
361.6   	-75.17  
362     	-76.98  
362.4   	-77.99  
362.8   	-78.53  
363.2   	-78.8   
363.6   	-78.89  
364     	-78.87  
364.4   	-78.77  
364.8   	-78.61  
365.2   	-78.41  
365.6   	-78.18  
366     	-77.91  
366.4   	-77.63  
366.8   	-77.33  
367.2   	-77.01  
367.6   	-76.68  
368     	-76.33  
368.4   	-75.95  
368.8   	-75.54  
369.2   	-74.93  
369.6   	-73.08  
370     	-64.13  
370.4   	-22.76  
370.8   	43.66   
371.2   	34.06   
371.6   	17.49   
372     	-0.4044 
372.4   	-18.06  
372.8   	-36.79  
373.2   	-53.89  
373.6   	-65.21  
374     	-71.55  
374.4   	-75     
374.8   	-76.9   
375.2   	-77.94  
375.6   	-78.5   
376     	-78.76  
376.4   	-78.85  
376.8   	-78.82  
377.2   	-78.71  
377.6   	-78.53  
378     	-78.32  
378.4   	-78.08  
378.8   	-77.81  
379.2   	-77.52  
379.6   	-77.21  
380     	-76.89  
380.4   	-76.55  
380.8   	-76.19  
381.2   	-75.81  
381.6   	-75.36  
382     	-74.54  
382.4   	-71.38  
382.8   	-55.96  
383.2   	23.02   
383.6   	41.93   
384     	28.67   
384.4   	11.27   
384.8   	-6.484  
385.2   	-24.4   
385.6   	-43.08  
386     	-58.45  
386.4   	-67.79  
386.8   	-72.94  
387.2   	-75.75  
387.6   	-77.29  
388     	-78.13  
388.4   	-78.58  
388.8   	-78.77  
389.2   	-78.82  
389.6   	-78.76  
390     	-78.62  
390.4   	-78.43  
390.8   	-78.2   
391.2   	-77.93  
391.6   	-77.64  
392     	-77.32  
392.4   	-76.97  
392.8   	-76.58  
393.2   	-76.15  
393.6   	-75.61  
394     	-74.48  
394.4   	-69.71  
394.8   	-47.75  
395.2   	38.35   
395.6   	39.5    
396     	24.69   
396.4   	6.993   
396.8   	-10.64  
397.2   	-28.87  
397.6   	-47.2   
398     	-61.14  
398.4   	-69.29  
398.8   	-73.75  
399.2   	-76.2   
399.6   	-77.55  
400     	-78.28  
400.4   	-78.66  
400.8   	-78.8   
401.2   	-78.8   
401.6   	-78.69  
402     	-78.52  
402.4   	-78.3   
402.8   	-78.04  
403.2   	-77.75  
403.6   	-77.44  
404     	-77.11  
404.4   	-76.76  
404.8   	-76.4   
405.2   	-76     
405.6   	-75.54  
406     	-74.76  
406.4   	-72.06  
406.8   	-59     
407.2   	7.658   
407.6   	42.75   
408     	30.45   
408.4   	13.28   
408.8   	-4.534  
409.2   	-22.34  
409.6   	-41.08  
410     	-57.05  
410.4   	-66.99  
410.8   	-72.49  
411.2   	-75.48  
411.6   	-77.12  
412     	-78.02  
412.4   	-78.5   
412.8   	-78.73  
413.2   	-78.8   
413.6   	-78.77  
414     	-78.66  
414.4   	-78.49  
414.8   	-78.26  
415.2   	-77.99  
415.6   	-77.69  
416     	-77.36  
416.4   	-77.01  
416.8   	-76.62  
417.2   	-76.21  
417.6   	-75.75  
418     	-75.05  
418.4   	-72.94  
418.8   	-62.84  
419.2   	-15.76  
419.6   	43.46   
420     	32.97   
420.4   	16.2    
420.8   	-1.658  
421.2   	-19.32  
421.6   	-38.04  
422     	-54.79  
422.4   	-65.69  
422.8   	-71.76  
423.2   	-75.06  
423.6   	-76.86  
424     	-77.84  
424.4   	-78.36  
424.8   	-78.6   
425.2   	-78.66  
425.6   	-78.61  
426     	-78.47  
426.4   	-78.27  
426.8   	-78.03  
427.2   	-77.74  
427.6   	-77.42  
428     	-77.07  
428.4   	-76.7   
428.8   	-76.29  
429.2   	-75.85  
429.6   	-75.23  
430     	-73.81  
430.4   	-67.48  
430.8   	-38.77  
431.2   	42.41   
431.6   	37.12   
432     	21.39   
432.4   	3.555   
432.8   	-14.04  
433.2   	-32.51  
433.6   	-50.37  
434     	-63.08  
434.4   	-70.32  
434.8   	-74.27  
435.2   	-76.43  
435.6   	-77.61  
436     	-78.24  
436.4   	-78.56  
436.8   	-78.68  
437.2   	-78.65  
437.6   	-78.55  
438     	-78.38  
438.4   	-78.15  
438.8   	-77.87  
439.2   	-77.55  
439.6   	-77.19  
440     	-76.81  
440.4   	-76.42  
440.8   	-75.98  
441.2   	-75.43  
441.6   	-74.27  
442     	-69.51  
442.4   	-47.45  
442.8   	38.52   
443.2   	39.38   
443.6   	24.54   
444     	6.839   
444.4   	-10.78  
444.8   	-28.99  
445.2   	-47.28  
445.6   	-61.17  
446     	-69.27  
446.4   	-73.71  
446.8   	-76.13  
447.2   	-77.47  
447.6   	-78.2   
448     	-78.59  
448.4   	-78.75  
448.8   	-78.78  
449.2   	-78.72  
449.6   	-78.59  
450     	-78.41  
450.4   	-78.19  
450.8   	-77.95  
451.2   	-77.69  
451.6   	-77.4   
452     	-77.1   
452.4   	-76.78  
452.8   	-76.43  
453.2   	-76.05  
453.6   	-75.61  
454     	-74.92  
454.4   	-72.77  
454.8   	-62.39  
455.2   	-13.18  
455.6   	43.43   
456     	32.65   
456.4   	15.82   
456.8   	-2.037  
457.2   	-19.71  
457.6   	-38.46  
458     	-55.13  
458.4   	-65.91  
458.8   	-71.92  
459.2   	-75.2   
459.6   	-77     
460     	-78     
460.4   	-78.54  
460.8   	-78.81  
461.2   	-78.9   
461.6   	-78.88  
462     	-78.78  
462.4   	-78.61  
462.8   	-78.41  
463.2   	-78.16  
463.6   	-77.88  
464     	-77.58  
464.4   	-77.26  
464.8   	-76.91  
465.2   	-76.55  
465.6   	-76.15  
466     	-75.65  
466.4   	-74.62  
466.8   	-70.38  
467.2   	-50.59  
467.6   	35.52   
468     	40.38   
468.4   	26.01   
468.8   	8.383   
469.2   	-9.308  
469.6   	-27.46  
470     	-45.96  
470.4   	-60.37  
470.8   	-68.86  
471.2   	-73.52  
471.6   	-76.05  
472     	-77.45  
472.4   	-78.2   
472.8   	-78.59  
473.2   	-78.76  
473.6   	-78.79  
474     	-78.71  
474.4   	-78.56  
474.8   	-78.36  
475.2   	-78.12  
475.6   	-77.86  
476     	-77.56  
476.4   	-77.25  
476.8   	-76.92  
477.2   	-76.57  
477.6   	-76.2   
478     	-75.8   
478.4   	-75.24  
478.8   	-73.9   
479.2   	-67.88  
479.6   	-40.4   
480     	42.13   
480.4   	37.58   
480.8   	21.97   
481.2   	4.132   
481.6   	-13.48  
482     	-31.95  
482.4   	-49.93  
482.8   	-62.85  
483.2   	-70.24  
483.6   	-74.28  
484     	-76.48  
484.4   	-77.69  
484.8   	-78.35  
485.2   	-78.69  
485.6   	-78.83  
486     	-78.84  
486.4   	-78.75  
486.8   	-78.61  
487.2   	-78.41  
487.6   	-78.17  
488     	-77.9   
488.4   	-77.61  
488.8   	-77.29  
489.2   	-76.94  
489.6   	-76.56  
490     	-76.16  
490.4   	-75.69  
490.8   	-74.8   
491.2   	-71.46  
491.6   	-55.52  
492     	24.62   
492.4   	41.75   
492.8   	28.39   
493.2   	10.97   
493.6   	-6.764  
494     	-24.69  
494.4   	-43.34  
494.8   	-58.62  
495.2   	-67.88  
495.6   	-72.98  
496     	-75.76  
496.4   	-77.29  
496.8   	-78.13  
497.2   	-78.58  
497.6   	-78.79  
498     	-78.85  
498.4   	-78.8   
498.8   	-78.67  
499.2   	-78.49  
499.6   	-78.28  
500     	-78.03  
500.4   	-77.75  
500.8   	-77.46  
501.2   	-77.13  
501.6   	-76.79  
502     	-76.42  
502.4   	-76.02  
502.8   	-75.53  
503.2   	-74.5   
503.6   	-70.2   
504     	-50.03  
504.4   	36.22   
504.8   	40.23   
505.2   	25.76   
505.6   	8.108   
506     	-9.577  
506.4   	-27.75  
506.8   	-46.23  
507.2   	-60.56  
507.6   	-68.98  
508     	-73.59  
508.4   	-76.1   
508.8   	-77.48  
509.2   	-78.23  
509.6   	-78.62  
510     	-78.77  
510.4   	-78.78  
510.8   	-78.69  
511.2   	-78.52  
511.6   	-78.31  
512     	-78.04  
512.4   	-77.73  
512.8   	-77.39  
513.2   	-77.01  
513.6   	-76.6   
514     	-76.14  
514.4   	-75.51  
514.8   	-73.99  
515.2   	-67.22  
515.6   	-37.03  
516     	42.66   
516.4   	36.68   
516.8   	20.83   
517.2   	2.982   
517.6   	-14.61  
518     	-33.13  
518.4   	-50.9   
518.8   	-63.42  
519.2   	-70.54  
519.6   	-74.43  
520     	-76.55  
520.4   	-77.7   
520.8   	-78.32  
521.2   	-78.62  
521.6   	-78.73  
522     	-78.71  
522.4   	-78.59  
522.8   	-78.42  
523.2   	-78.2   
523.6   	-77.94  
524     	-77.66  
524.4   	-77.35  
524.8   	-77.02  
525.2   	-76.66  
525.6   	-76.29  
526     	-75.89  
526.4   	-75.45  
526.8   	-74.77  
527.2   	-72.63  
527.6   	-62.26  
528     	-12.77  
528.4   	43.39   
528.8   	32.57   
529.2   	15.73   
529.6   	-2.122  
530     	-19.8   
530.4   	-38.54  
530.8   	-55.18  
531.2   	-65.94  
531.6   	-71.94  
532     	-75.21  
532.4   	-77.01  
532.8   	-78     
533.2   	-78.52  
533.6   	-78.78  
534     	-78.86  
534.4   	-78.83  
534.8   	-78.71  
535.2   	-78.52  
535.6   	-78.28  
536     	-78     
536.4   	-77.69  
536.8   	-77.34  
537.2   	-76.98  
537.6   	-76.58  
538     	-76.15  
538.4   	-75.6   
538.8   	-74.37  
539.2   	-68.95  
539.6   	-44.42  
540     	40.53   
540.4   	38.56   
540.8   	23.35   
541.2   	5.584   
541.6   	-12.03  
542     	-30.37  
542.4   	-48.52  
542.8   	-61.95  
543.2   	-69.71  
543.6   	-73.94  
544     	-76.25  
544.4   	-77.51  
544.8   	-78.19  
545.2   	-78.53  
545.6   	-78.66  
546     	-78.65  
546.4   	-78.55  
546.8   	-78.39  
547.2   	-78.19  
547.6   	-77.95  
548     	-77.67  
548.4   	-77.37  
548.8   	-77.04  
549.2   	-76.68  
549.6   	-76.29  
550     	-75.86  
550.4   	-75.31  
550.8   	-74.15  
551.2   	-69.23  
551.6   	-46.36  
552     	39.39   
552.4   	39.09   
552.8   	24.1    
553.2   	6.366   
553.6   	-11.25  
554     	-29.5   
554.4   	-47.75  
554.8   	-61.47  
555.2   	-69.44  
555.6   	-73.8   
556     	-76.17  
556.4   	-77.47  
556.8   	-78.18  
557.2   	-78.54  
557.6   	-78.69  
558     	-78.69  
558.4   	-78.59  
558.8   	-78.41  
559.2   	-78.19  
559.6   	-77.92  
560     	-77.62  
560.4   	-77.28  
560.8   	-76.92  
561.2   	-76.53  
561.6   	-76.09  
562     	-75.54  
562.4   	-74.39  
562.8   	-69.73  
563.2   	-48.19  
563.6   	37.92   
564     	39.61   
564.4   	24.87   
564.8   	7.188   
565.2   	-10.45  
565.6   	-28.65  
566     	-46.99  
566.4   	-61     
566.8   	-69.19  
567.2   	-73.67  
567.6   	-76.11  
568     	-77.46  
568.4   	-78.19  
568.8   	-78.57  
569.2   	-78.72  
569.6   	-78.74  
570     	-78.66  
570.4   	-78.51  
570.8   	-78.31  
571.2   	-78.06  
571.6   	-77.77  
572     	-77.45  
572.4   	-77.11  
572.8   	-76.73  
573.2   	-76.32  
573.6   	-75.84  
574     	-75.15  
574.4   	-73.26  
574.8   	-64.37  
575.2   	-23.9   
575.6   	43.54   
576     	34.16   
576.4   	17.65   
576.8   	-0.2311 
577.2   	-17.86  
577.6   	-36.55  
578     	-53.66  
578.4   	-65.03  
578.8   	-71.41  
579.2   	-74.88  
579.6   	-76.78  
580     	-77.82  
580.4   	-78.38  
580.8   	-78.66  
581.2   	-78.76  
581.6   	-78.74  
582     	-78.65  
582.4   	-78.49  
582.8   	-78.28  
583.2   	-78.03  
583.6   	-77.76  
584     	-77.46  
584.4   	-77.14  
584.8   	-76.8   
585.2   	-76.43  
585.6   	-76.03  
586     	-75.58  
586.4   	-74.86  
586.8   	-72.53  
587.2   	-61.21  
587.6   	-6.197  
588     	43.22   
588.4   	31.84   
588.8   	14.87   
589.2   	-2.97   
589.6   	-20.7   
590     	-39.45  
590.4   	-55.87  
590.8   	-66.33  
591.2   	-72.15  
591.6   	-75.32  
592     	-77.06  
592.4   	-78.01  
592.8   	-78.51  
593.2   	-78.75  
593.6   	-78.82  
594     	-78.77  
594.4   	-78.64  
594.8   	-78.45  
595.2   	-78.22  
595.6   	-77.95  
596     	-77.65  
596.4   	-77.33  
596.8   	-77     
597.2   	-76.65  
597.6   	-76.27  
598     	-75.86  
598.4   	-75.31  
598.8   	-73.91  
599.2   	-67.48  
599.6   	-38.42  
600     	42.54   
600.4   	37.08   
600.8   	21.31   
601.2   	3.463   
601.6   	-14.14  
602     	-32.64  
602.4   	-50.49  
602.8   	-63.16  
603.2   	-70.37  
603.6   	-74.3   
604     	-76.44  
604.4   	-77.6   
604.8   	-78.22  
605.2   	-78.52  
605.6   	-78.61  
606     	-78.58  
606.4   	-78.47  
606.8   	-78.29  
607.2   	-78.07  
607.6   	-77.8   
608     	-77.51  
608.4   	-77.19  
608.8   	-76.83  
609.2   	-76.45  
609.6   	-76.04  
610     	-75.54  
610.4   	-74.65  
610.8   	-71.63  
611.2   	-57.09  
611.6   	17.82   
612     	42.21   
612.4   	29.3    
612.8   	12      
613.2   	-5.777  
613.6   	-23.64  
614     	-42.34  
614.4   	-57.92  
614.8   	-67.49  
615.2   	-72.77  
615.6   	-75.65  
616     	-77.23  
616.4   	-78.1   
616.8   	-78.57  
617.2   	-78.79  
617.6   	-78.85  
618     	-78.8   
618.4   	-78.68  
618.8   	-78.49  
619.2   	-78.26  
619.6   	-77.99  
620     	-77.71  
620.4   	-77.4   
620.8   	-77.07  
621.2   	-76.72  
621.6   	-76.35  
622     	-75.95  
622.4   	-75.47  
622.8   	-74.56  
623.2   	-70.9   
623.6   	-53.4   
624     	30.72   
624.4   	41.19   
624.8   	27.35   
625.2   	9.822   
625.6   	-7.904  
626     	-25.94  
626.4   	-44.55  
626.8   	-59.45  
627.2   	-68.36  
627.6   	-73.26  
628     	-75.94  
628.4   	-77.41  
628.8   	-78.23  
629.2   	-78.67  
629.6   	-78.87  
630     	-78.93  
630.4   	-78.88  
630.8   	-78.76  
631.2   	-78.58  
631.6   	-78.34  
632     	-78.07  
632.4   	-77.78  
632.8   	-77.47  
633.2   	-77.14  
633.6   	-76.8   
634     	-76.43  
634.4   	-76.04  
634.8   	-75.59  
635.2   	-74.83  
635.6   	-72.17  
636     	-59.22  
636.4   	6.57    
636.8   	42.83   
637.2   	30.59   
637.6   	13.43   
638     	-4.392  
638.4   	-22.2   
638.8   	-40.97  
639.2   	-56.99  
639.6   	-66.98  
640     	-72.5   
640.4   	-75.51  
640.8   	-77.17  
641.2   	-78.09  
641.6   	-78.58  
642     	-78.82  
642.4   	-78.9   
642.8   	-78.87  
643.2   	-78.76  
643.6   	-78.59  
644     	-78.37  
644.4   	-78.13  
644.8   	-77.85  
645.2   	-77.55  
645.6   	-77.23  
646     	-76.87  
646.4   	-76.49  
646.8   	-76.07  
647.2   	-75.55  
647.6   	-74.48  
648     	-69.92  
648.4   	-48.74  
648.8   	37.56   
649.2   	39.83   
649.6   	25.16   
650     	7.479   
650.4   	-10.18  
650.8   	-28.39  
651.2   	-46.8   
651.6   	-60.92  
652     	-69.18  
652.4   	-73.71  
652.8   	-76.18  
653.2   	-77.55  
653.6   	-78.3   
654     	-78.69  
654.4   	-78.86  
654.8   	-78.89  
655.2   	-78.83  
655.6   	-78.7   
656     	-78.51  
656.4   	-78.26  
656.8   	-77.98  
657.2   	-77.66  
657.6   	-77.32  
658     	-76.96  
658.4   	-76.6   
658.8   	-76.22  
659.2   	-75.81  
659.6   	-75.3   
660     	-74.16  
660.4   	-69.09  
660.8   	-45.61  
661.2   	39.96   
661.6   	38.92   
662     	23.83   
662.4   	6.072   
662.8   	-11.55  
663.2   	-29.87  
663.6   	-48.11  
664     	-61.73  
664.4   	-69.62  
664.8   	-73.94  
665.2   	-76.3   
665.6   	-77.61  
666     	-78.33  
666.4   	-78.71  
666.8   	-78.89  
667.2   	-78.92  
667.6   	-78.87  
668     	-78.74  
668.4   	-78.57  
668.8   	-78.36  
669.2   	-78.12  
669.6   	-77.86  
670     	-77.58  
670.4   	-77.27  
670.8   	-76.93  
671.2   	-76.56  
671.6   	-76.18  
672     	-75.76  
672.4   	-75.21  
672.8   	-73.85  
673.2   	-67.46  
673.6   	-38.38  
674     	42.62   
674.4   	37.11   
674.8   	21.33   
675.2   	3.472   
675.6   	-14.15  
676     	-32.68  
676.4   	-50.56  
676.8   	-63.25  
677.2   	-70.46  
677.6   	-74.4   
678     	-76.54  
678.4   	-77.73  
678.8   	-78.38  
679.2   	-78.71  
679.6   	-78.85  
680     	-78.86  
680.4   	-78.78  
680.8   	-78.63  
681.2   	-78.44  
681.6   	-78.2   
682     	-77.93  
682.4   	-77.64  
682.8   	-77.33  
683.2   	-77     
683.6   	-76.64  
684     	-76.24  
684.4   	-75.8   
684.8   	-75.14  
685.2   	-73.12  
685.6   	-63.45  
686     	-18.92  
686.4   	43.56   
686.8   	33.44   
687.2   	16.76   
687.6   	-1.121  
688     	-18.79  
688.4   	-37.53  
688.8   	-54.43  
689.2   	-65.5   
689.6   	-71.68  
690     	-75.04  
690.4   	-76.87  
690.8   	-77.88  
691.2   	-78.41  
691.6   	-78.67  
692     	-78.74  
692.4   	-78.7   
692.8   	-78.56  
693.2   	-78.37  
693.6   	-78.13  
694     	-77.86  
694.4   	-77.57  
694.8   	-77.24  
695.2   	-76.9   
695.6   	-76.53  
696     	-76.13  
696.4   	-75.68  
696.8   	-74.94  
697.2   	-72.65  
697.6   	-61.68  
698     	-9.163  
698.4   	43.26   
698.8   	32.12   
699.2   	15.22   
699.6   	-2.62   
700     	-20.3   
700.4   	-39.02  
700.8   	-55.51  
701.2   	-66.1   
701.6   	-71.99  
702     	-75.2   
702.4   	-76.95  
702.8   	-77.91  
703.2   	-78.42  
703.6   	-78.67  
704     	-78.75  
704.4   	-78.72  
704.8   	-78.61  
705.2   	-78.44  
705.6   	-78.22  
706     	-77.94  
706.4   	-77.61  
706.8   	-77.24  
707.2   	-76.83  
707.6   	-76.37  
708     	-75.77  
708.4   	-74.47  
708.8   	-68.91  
709.2   	-44.04  
709.6   	40.64   
710     	38.42   
710.4   	23.19   
710.8   	5.417   
711.2   	-12.19  
711.6   	-30.53  
712     	-48.66  
712.4   	-62.03  
712.8   	-69.75  
713.2   	-73.97  
713.6   	-76.27  
714     	-77.53  
714.4   	-78.22  
714.8   	-78.57  
715.2   	-78.71  
715.6   	-78.72  
716     	-78.64  
716.4   	-78.48  
716.8   	-78.26  
717.2   	-78.01  
717.6   	-77.73  
718     	-77.41  
718.4   	-77.06  
718.8   	-76.69  
719.2   	-76.27  
719.6   	-75.75  
720     	-74.77  
720.4   	-71.1   
720.8   	-53.84  
721.2   	29.51   
721.6   	41.25   
722     	27.52   
722.4   	10.03   
722.8   	-7.677  
723.2   	-25.66  
723.6   	-44.24  
724     	-59.19  
724.4   	-68.17  
724.8   	-73.11  
725.2   	-75.8   
725.6   	-77.28  
726     	-78.1   
726.4   	-78.53  
726.8   	-78.72  
727.2   	-78.78  
727.6   	-78.73  
728     	-78.59  
728.4   	-78.4   
728.8   	-78.15  
729.2   	-77.85  
729.6   	-77.52  
730     	-77.16  
730.4   	-76.76  
730.8   	-76.32  
731.2   	-75.79  
731.6   	-74.81  
732     	-71.23  
732.4   	-54.38  
732.8   	28.04   
733.2   	41.39   
733.6   	27.78   
734     	10.32   
734.4   	-7.394  
734.8   	-25.36  
735.2   	-43.95  
735.6   	-59.01  
736     	-68.08  
736.4   	-73.07  
736.8   	-75.79  
737.2   	-77.28  
737.6   	-78.09  
738     	-78.51  
738.4   	-78.69  
738.8   	-78.73  
739.2   	-78.67  
739.6   	-78.53  
740     	-78.33  
740.4   	-78.08  
740.8   	-77.78  
741.2   	-77.44  
741.6   	-77.07  
742     	-76.67  
742.4   	-76.23  
742.8   	-75.65  
743.2   	-74.34  
743.6   	-68.73  
744     	-43.52  
744.4   	40.91   
744.8   	38.29   
745.2   	23      
745.6   	5.221   
746     	-12.38  
746.4   	-30.74  
746.8   	-48.83  
747.2   	-62.13  
747.6   	-69.8   
748     	-73.98  
748.4   	-76.26  
748.8   	-77.52  
749.2   	-78.2   
749.6   	-78.55  
750     	-78.7   
750.4   	-78.72  
750.8   	-78.63  
751.2   	-78.49  
751.6   	-78.29  
752     	-78.05  
752.4   	-77.77  
752.8   	-77.47  
753.2   	-77.14  
753.6   	-76.78  
754     	-76.37  
754.4   	-75.91  
754.8   	-75.23  
755.2   	-73.35  
755.6   	-64.63  
756     	-25.12  
756.4   	43.54   
756.8   	34.37   
757.2   	17.9    
757.6   	0.01803 
758     	-17.61  
758.4   	-36.3   
758.8   	-53.47  
759.2   	-64.93  
759.6   	-71.37  
760     	-74.88  
760.4   	-76.8   
760.8   	-77.87  
761.2   	-78.45  
761.6   	-78.74  
762     	-78.86  
762.4   	-78.86  
762.8   	-78.78  
763.2   	-78.64  
763.6   	-78.46  
764     	-78.25  
764.4   	-78     
764.8   	-77.74  
765.2   	-77.45  
765.6   	-77.13  
766     	-76.76  
766.4   	-76.34  
766.8   	-75.86  
767.2   	-75.16  
767.6   	-73.13  
768     	-63.45  
768.4   	-18.84  
768.8   	43.57   
769.2   	33.44   
769.6   	16.75   
770     	-1.127  
770.4   	-18.79  
770.8   	-37.53  
771.2   	-54.43  
771.6   	-65.51  
772     	-71.7   
772.4   	-75.08  
772.8   	-76.93  
773.2   	-77.95  
773.6   	-78.51  
774     	-78.78  
774.4   	-78.88  
774.8   	-78.86  
775.2   	-78.76  
775.6   	-78.59  
776     	-78.37  
776.4   	-78.11  
776.8   	-77.81  
777.2   	-77.49  
777.6   	-77.14  
778     	-76.78  
778.4   	-76.4   
778.8   	-75.99  
779.2   	-75.5   
779.6   	-74.52  
780     	-70.48  
780.4   	-51.39  
780.8   	34.39   
781.2   	40.61   
781.6   	26.38   
782     	8.781   
782.4   	-8.92   
782.8   	-27.03  
783.2   	-45.56  
783.6   	-60.11  
784     	-68.72  
784.4   	-73.45  
784.8   	-76.04  
785.2   	-77.46  
785.6   	-78.23  
786     	-78.62  
786.4   	-78.79  
786.8   	-78.81  
787.2   	-78.74  
787.6   	-78.6   
788     	-78.4   
788.4   	-78.16  
788.8   	-77.87  
789.2   	-77.56  
789.6   	-77.22  
790     	-76.86  
790.4   	-76.46  
790.8   	-76.01  
791.2   	-75.37  
791.6   	-73.58  
792     	-65.27  
792.4   	-28     
792.8   	43.46   
793.2   	34.86   
793.6   	18.5    
794     	0.623   
794.4   	-17.01  
794.8   	-35.68  
795.2   	-53     
795.6   	-64.68  
796     	-71.26  
796.4   	-74.85  
796.8   	-76.82  
797.2   	-77.91  
797.6   	-78.51  
798     	-78.81  
798.4   	-78.92  
798.8   	-78.92  
799.2   	-78.82  
799.6   	-78.66  
800     	-78.45  
800.4   	-78.2   
800.8   	-77.92  
801.2   	-77.62  
801.6   	-77.29  
802     	-76.93  
802.4   	-76.55  
802.8   	-76.15  
803.2   	-75.69  
803.6   	-74.96  
804     	-72.39  
804.4   	-59.98  
804.8   	1.886   
805.2   	42.98   
805.6   	31.04   
806     	13.95   
806.4   	-3.887  
806.8   	-21.66  
807.2   	-40.42  
807.6   	-56.58  
808     	-66.73  
808.4   	-72.35  
808.8   	-75.4   
809.2   	-77.06  
809.6   	-77.97  
810     	-78.45  
810.4   	-78.65  
810.8   	-78.7   
811.2   	-78.63  
811.6   	-78.48  
812     	-78.25  
812.4   	-77.98  
812.8   	-77.66  
813.2   	-77.32  
813.6   	-76.96  
814     	-76.57  
814.4   	-76.15  
814.8   	-75.65  
815.2   	-74.74  
815.6   	-71.37  
816     	-55.39  
816.4   	24.75   
816.8   	41.66   
817.2   	28.29   
817.6   	10.88   
818     	-6.84   
818.4   	-24.75  
818.8   	-43.36  
819.2   	-58.59  
819.6   	-67.83  
820     	-72.92  
820.4   	-75.7   
820.8   	-77.22  
821.2   	-78.06  
821.6   	-78.5   
822     	-78.7   
822.4   	-78.75  
822.8   	-78.69  
823.2   	-78.56  
823.6   	-78.38  
824     	-78.15  
824.4   	-77.9   
824.8   	-77.62  
825.2   	-77.3   
825.6   	-76.95  
826     	-76.57  
826.4   	-76.17  
826.8   	-75.73  
827.2   	-75.18  
827.6   	-73.87  
828     	-67.96  
828.4   	-40.88  
828.8   	41.99   
829.2   	37.69   
829.6   	22.13   
830     	4.299   
830.4   	-13.31  
830.8   	-31.77  
831.2   	-49.77  
831.6   	-62.75  
832     	-70.17  
832.4   	-74.21  
832.8   	-76.41  
833.2   	-77.61  
833.6   	-78.27  
834     	-78.59  
834.4   	-78.72  
834.8   	-78.7   
835.2   	-78.59  
835.6   	-78.4   
836     	-78.17  
836.4   	-77.89  
836.8   	-77.59  
837.2   	-77.27  
837.6   	-76.92  
838     	-76.53  
838.4   	-76.1   
838.8   	-75.55  
839.2   	-74.36  
839.6   	-69.35  
840     	-46.43  
840.4   	39.26   
840.8   	39.08   
841.2   	24.1    
841.6   	6.38    
842     	-11.23  
842.4   	-29.48  
842.8   	-47.72  
843.2   	-61.44  
843.6   	-69.43  
844     	-73.8   
844.4   	-76.19  
844.8   	-77.51  
845.2   	-78.22  
845.6   	-78.59  
846     	-78.74  
846.4   	-78.76  
846.8   	-78.68  
847.2   	-78.54  
847.6   	-78.35  
848     	-78.13  
848.4   	-77.88  
848.8   	-77.59  
849.2   	-77.27  
849.6   	-76.92  
850     	-76.53  
850.4   	-76.09  
850.8   	-75.55  
851.2   	-74.45  
851.6   	-69.93  
852     	-48.9   
852.4   	37.36   
852.8   	39.86   
853.2   	25.23   
853.6   	7.55    
854     	-10.1   
854.4   	-28.29  
854.8   	-46.68  
855.2   	-60.8   
855.6   	-69.07  
856     	-73.6   
856.4   	-76.06  
856.8   	-77.41  
857.2   	-78.14  
857.6   	-78.51  
858     	-78.66  
858.4   	-78.67  
858.8   	-78.59  
859.2   	-78.43  
859.6   	-78.21  
860     	-77.95  
860.4   	-77.66  
860.8   	-77.33  
861.2   	-76.98  
861.6   	-76.6   
862     	-76.19  
862.4   	-75.65  
862.8   	-74.55  
863.2   	-70.16  
863.6   	-49.83  
864     	36.28   
864.4   	40.1    
864.8   	25.63   
865.2   	7.983   
865.6   	-9.681  
866     	-27.83  
866.4   	-46.27  
866.8   	-60.55  
867.2   	-68.96  
867.6   	-73.57  
868     	-76.08  
868.4   	-77.46  
868.8   	-78.22  
869.2   	-78.62  
869.6   	-78.79  
870     	-78.82  
870.4   	-78.76  
870.8   	-78.63  
871.2   	-78.44  
871.6   	-78.21  
872     	-77.93  
872.4   	-77.61  
872.8   	-77.27  
873.2   	-76.89  
873.6   	-76.48  
874     	-76.02  
874.4   	-75.4   
874.8   	-73.87  
875.2   	-66.91  
875.6   	-35.69  
876     	42.89   
876.4   	36.4    
876.8   	20.44   
877.2   	2.587   
877.6   	-15     
878     	-33.55  
878.4   	-51.24  
878.8   	-63.62  
879.2   	-70.65  
879.6   	-74.49  
880     	-76.59  
880.4   	-77.75  
880.8   	-78.38  
881.2   	-78.69  
881.6   	-78.81  
882     	-78.8   
882.4   	-78.71  
882.8   	-78.56  
883.2   	-78.36  
883.6   	-78.13  
884     	-77.87  
884.4   	-77.59  
884.8   	-77.29  
885.2   	-76.97  
885.6   	-76.63  
886     	-76.27  
886.4   	-75.87  
886.8   	-75.35  
887.2   	-74.23  
887.6   	-69.36  
888     	-46.69  
888.4   	39.22   
888.8   	39.22   
889.2   	24.26   
889.6   	6.523   
890     	-11.1   
890.4   	-29.37  
890.8   	-47.67  
891.2   	-61.46  
891.6   	-69.49  
892     	-73.89  
892.4   	-76.3   
892.8   	-77.63  
893.2   	-78.35  
893.6   	-78.74  
894     	-78.91  
894.4   	-78.95  
894.8   	-78.89  
895.2   	-78.76  
895.6   	-78.58  
896     	-78.34  
896.4   	-78.06  
896.8   	-77.75  
897.2   	-77.4   
897.6   	-77.03  
898     	-76.64  
898.4   	-76.21  
898.8   	-75.64  
899.2   	-74.2   
899.6   	-67.63  
900     	-38.4   
900.4   	42.51   
900.8   	37.06   
901.2   	21.3    
901.6   	3.457   
902     	-14.16  
902.4   	-32.67  
902.8   	-50.54  
903.2   	-63.22  
903.6   	-70.45  
904     	-74.4   
904.4   	-76.57  
904.8   	-77.77  
905.2   	-78.43  
905.6   	-78.76  
906     	-78.9   
906.4   	-78.91  
906.8   	-78.84  
907.2   	-78.7   
907.6   	-78.52  
908     	-78.3   
908.4   	-78.06  
908.8   	-77.78  
909.2   	-77.47  
909.6   	-77.15  
910     	-76.8   
910.4   	-76.43  
910.8   	-76.03  
911.2   	-75.59  
911.6   	-74.89  
912     	-72.57  
912.4   	-61.25  
912.8   	-6.226  
913.2   	43.26   
913.6   	31.87   
914     	14.9    
914.4   	-2.948  
914.8   	-20.68  
915.2   	-39.45  
915.6   	-55.88  
916     	-66.35  
916.4   	-72.18  
916.8   	-75.35  
917.2   	-77.1   
917.6   	-78.05  
918     	-78.56  
918.4   	-78.81  
918.8   	-78.88  
919.2   	-78.82  
919.6   	-78.67  
920     	-78.44  
920.4   	-78.16  
920.8   	-77.85  
921.2   	-77.52  
921.6   	-77.16  
922     	-76.76  
922.4   	-76.34  
922.8   	-75.85  
923.2   	-75.07  
923.6   	-72.4   
924     	-59.7   
924.4   	3.376   
924.8   	42.83   
925.2   	30.82   
925.6   	13.72   
926     	-4.099  
926.4   	-21.87  
926.8   	-40.61  
927.2   	-56.68  
927.6   	-66.77  
928     	-72.36  
928.4   	-75.39  
928.8   	-77.05  
929.2   	-77.96  
929.6   	-78.43  
930     	-78.65  
930.4   	-78.71  
930.8   	-78.67  
931.2   	-78.54  
931.6   	-78.34  
932     	-78.09  
932.4   	-77.8   
932.8   	-77.47  
933.2   	-77.11  
933.6   	-76.73  
934     	-76.31  
934.4   	-75.83  
934.8   	-75.05  
935.2   	-72.57  
935.6   	-60.76  
936     	-3.436  
936.4   	43.05   
936.8   	31.49   
937.2   	14.49   
937.6   	-3.336  
938     	-21.06  
938.4   	-39.78  
938.8   	-56.06  
939.2   	-66.39  
939.6   	-72.12  
940     	-75.24  
940.4   	-76.95  
940.8   	-77.88  
941.2   	-78.37  
941.6   	-78.6   
942     	-78.65  
942.4   	-78.6   
942.8   	-78.47  
943.2   	-78.28  
943.6   	-78.04  
944     	-77.77  
944.4   	-77.48  
944.8   	-77.17  
945.2   	-76.83  
945.6   	-76.47  
946     	-76.09  
946.4   	-75.67  
946.8   	-75.08  
947.2   	-73.65  
947.6   	-67.16  
948     	-37.5   
948.4   	42.7    
948.8   	36.85   
949.2   	21.01   
949.6   	3.16    
950     	-14.43  
950.4   	-32.94  
950.8   	-50.73  
951.2   	-63.3   
951.6   	-70.45  
952     	-74.35  
952.4   	-76.48  
952.8   	-77.66  
953.2   	-78.29  
953.6   	-78.6   
954     	-78.71  
954.4   	-78.68  
954.8   	-78.57  
955.2   	-78.38  
955.6   	-78.16  
956     	-77.9   
956.4   	-77.62  
956.8   	-77.31  
957.2   	-76.98  
957.6   	-76.62  
958     	-76.23  
958.4   	-75.78  
958.8   	-75.21  
959.2   	-73.92  
959.6   	-68.21  
960     	-42.05  
960.4   	41.59   
960.8   	37.97   
961.2   	22.51   
961.6   	4.7     
962     	-12.91  
962.4   	-31.32  
962.8   	-49.37  
963.2   	-62.49  
963.6   	-70.02  
964     	-74.14  
964.4   	-76.39  
964.8   	-77.62  
965.2   	-78.3   
965.6   	-78.63  
966     	-78.75  
966.4   	-78.74  
966.8   	-78.64  
967.2   	-78.47  
967.6   	-78.25  
968     	-77.99  
968.4   	-77.7   
968.8   	-77.4   
969.2   	-77.07  
969.6   	-76.73  
970     	-76.38  
970.4   	-76     
970.8   	-75.6   
971.2   	-75.09  
971.6   	-73.93  
972     	-68.71  
972.4   	-44.44  
972.8   	40.63   
973.2   	38.61   
973.6   	23.39   
974     	5.61    
974.4   	-12.01  
974.8   	-30.35  
975.2   	-48.53  
975.6   	-61.97  
976     	-69.74  
976.4   	-73.99  
976.8   	-76.32  
977.2   	-77.6   
977.6   	-78.31  
978     	-78.68  
978.4   	-78.84  
978.8   	-78.87  
979.2   	-78.81  
979.6   	-78.67  
980     	-78.49  
980.4   	-78.26  
980.8   	-78     
981.2   	-77.72  
981.6   	-77.42  
982     	-77.1   
982.4   	-76.77  
982.8   	-76.4   
983.2   	-76     
983.6   	-75.52  
984     	-74.53  
984.4   	-70.42  
984.8   	-51.02  
985.2   	34.97   
985.6   	40.53   
986     	26.23   
986.4   	8.605   
986.8   	-9.096  
987.2   	-27.23  
987.6   	-45.76  
988     	-60.27  
988.4   	-68.83  
988.8   	-73.53  
989.2   	-76.1   
989.6   	-77.51  
990     	-78.29  
990.4   	-78.7   
990.8   	-78.88  
991.2   	-78.91  
991.6   	-78.84  
992     	-78.69  
992.4   	-78.49  
992.8   	-78.26  
993.2   	-78     
993.6   	-77.72  
994     	-77.42  
994.4   	-77.09  
994.8   	-76.76  
995.2   	-76.4   
995.6   	-76.01  
996     	-75.55  
996.4   	-74.85  
996.8   	-72.52  
997.2   	-61.18  
997.6   	-5.883  
998     	43.24   
998.4   	31.83   
998.8   	14.85   
999.2   	-2.996  
999.6   	-20.73  
