
SWEPT_VAR_1 = 85.0    // Syn: Source PP \ NetStim \ PARAMETER \ interval (ms)

t	s.v( 0.05 )
ms	mV
0       	-64.65  
0.4     	-65.51  
0.8     	-66.35  
1.2     	-67.15  
1.6     	-67.92  
2       	-68.66  
2.4     	-69.37  
2.8     	-70.05  
3.2     	-70.7   
3.6     	-71.33  
4       	-71.92  
4.4     	-72.49  
4.8     	-73.03  
5.2     	-73.53  
5.6     	-74.01  
6       	-74.46  
6.4     	-74.88  
6.8     	-75.29  
7.2     	-75.68  
7.6     	-76.05  
8       	-76.41  
8.4     	-76.74  
8.8     	-77.05  
9.2     	-77.34  
9.6     	-77.62  
10      	-77.88  
10.4    	-78.13  
10.8    	-78.36  
11.2    	-78.59  
11.6    	-78.81  
12      	-79.01  
12.4    	-79.21  
12.8    	-79.41  
13.2    	-79.59  
13.6    	-79.77  
14      	-79.94  
14.4    	-80.1   
14.8    	-80.26  
15.2    	-80.41  
15.6    	-80.55  
16      	-80.68  
16.4    	-80.8   
16.8    	-80.92  
17.2    	-81.03  
17.6    	-81.14  
18      	-81.24  
18.4    	-81.33  
18.8    	-81.42  
19.2    	-81.5   
19.6    	-81.57  
20      	-81.63  
20.4    	-81.67  
20.8    	-81.72  
21.2    	-81.75  
21.6    	-81.79  
22      	-81.81  
22.4    	-81.84  
22.8    	-81.86  
23.2    	-81.87  
23.6    	-81.89  
24      	-81.9   
24.4    	-81.91  
24.8    	-81.91  
25.2    	-81.91  
25.6    	-81.9   
26      	-81.88  
26.4    	-81.86  
26.8    	-81.84  
27.2    	-81.83  
27.6    	-81.81  
28      	-81.8   
28.4    	-81.78  
28.8    	-81.77  
29.2    	-81.73  
29.6    	-81.54  
30      	-80.97  
30.4    	-79.49  
30.8    	-74.18  
31.2    	-54.2   
31.6    	30.4    
32      	41.39   
32.4    	27.67   
32.8    	10.18   
33.2    	-7.592  
33.6    	-25.72  
34      	-44.46  
34.4    	-59.52  
34.8    	-68.61  
35.2    	-73.69  
35.6    	-76.54  
36      	-78.2   
36.4    	-79.2   
36.8    	-79.85  
37.2    	-80.28  
37.6    	-80.58  
38      	-80.81  
38.4    	-80.98  
38.8    	-81.11  
39.2    	-81.22  
39.6    	-81.3   
40      	-81.37  
40.4    	-81.43  
40.8    	-81.47  
41.2    	-81.5   
41.6    	-81.53  
42      	-81.54  
42.4    	-81.55  
42.8    	-81.55  
43.2    	-81.55  
43.6    	-81.55  
44      	-81.54  
44.4    	-81.54  
44.8    	-81.54  
45.2    	-81.54  
45.6    	-81.53  
46      	-81.53  
46.4    	-81.53  
46.8    	-81.53  
47.2    	-81.53  
47.6    	-81.53  
48      	-81.53  
48.4    	-81.54  
48.8    	-81.54  
49.2    	-81.55  
49.6    	-81.56  
50      	-81.56  
50.4    	-81.57  
50.8    	-81.57  
51.2    	-81.58  
51.6    	-81.58  
52      	-81.57  
52.4    	-81.57  
52.8    	-81.57  
53.2    	-81.57  
53.6    	-81.57  
54      	-81.58  
54.4    	-81.59  
54.8    	-81.61  
55.2    	-81.62  
55.6    	-81.64  
56      	-81.65  
56.4    	-81.66  
56.8    	-81.67  
57.2    	-81.68  
57.6    	-81.68  
58      	-81.68  
58.4    	-81.68  
58.8    	-81.68  
59.2    	-81.68  
59.6    	-81.69  
60      	-81.69  
60.4    	-81.69  
60.8    	-81.68  
61.2    	-81.66  
61.6    	-81.63  
62      	-81.61  
62.4    	-81.58  
62.8    	-81.55  
63.2    	-81.53  
63.6    	-81.5   
64      	-81.46  
64.4    	-81.43  
64.8    	-81.39  
65.2    	-81.36  
65.6    	-81.33  
66      	-81.3   
66.4    	-81.28  
66.8    	-81.27  
67.2    	-81.26  
67.6    	-81.25  
68      	-81.25  
68.4    	-81.26  
68.8    	-81.27  
69.2    	-81.27  
69.6    	-81.28  
70      	-81.29  
70.4    	-81.3   
70.8    	-81.31  
71.2    	-81.32  
71.6    	-81.34  
72      	-81.36  
72.4    	-81.38  
72.8    	-81.39  
73.2    	-81.41  
73.6    	-81.42  
74      	-81.43  
74.4    	-81.44  
74.8    	-81.45  
75.2    	-81.46  
75.6    	-81.47  
76      	-81.48  
76.4    	-81.49  
76.8    	-81.49  
77.2    	-81.48  
77.6    	-81.47  
78      	-81.44  
78.4    	-81.41  
78.8    	-81.38  
79.2    	-81.34  
79.6    	-81.31  
80      	-81.28  
80.4    	-81.26  
80.8    	-81.23  
81.2    	-81.21  
81.6    	-81.18  
82      	-81.17  
82.4    	-81.15  
82.8    	-81.14  
83.2    	-81.13  
83.6    	-81.13  
84      	-81.13  
84.4    	-81.14  
84.8    	-81.15  
85.2    	-81.17  
85.6    	-81.19  
86      	-81.2   
86.4    	-81.22  
86.8    	-81.24  
87.2    	-81.24  
87.6    	-81.25  
88      	-81.26  
88.4    	-81.27  
88.8    	-81.28  
89.2    	-81.29  
89.6    	-81.3   
90      	-81.31  
90.4    	-81.33  
90.8    	-81.35  
91.2    	-81.36  
91.6    	-81.38  
92      	-81.4   
92.4    	-81.42  
92.8    	-81.43  
93.2    	-81.44  
93.6    	-81.44  
94      	-81.45  
94.4    	-81.45  
94.8    	-81.46  
95.2    	-81.46  
95.6    	-81.46  
96      	-81.45  
96.4    	-81.44  
96.8    	-81.42  
97.2    	-81.4   
97.6    	-81.38  
98      	-81.35  
98.4    	-81.32  
98.8    	-81.28  
99.2    	-81.24  
99.6    	-81.19  
100     	-81.15  
100.4   	-81.1   
100.8   	-81.06  
101.2   	-81.02  
101.6   	-80.99  
102     	-80.95  
102.4   	-80.92  
102.8   	-80.89  
103.2   	-80.87  
103.6   	-80.84  
104     	-80.81  
104.4   	-80.79  
104.8   	-80.76  
105.2   	-80.74  
105.6   	-80.72  
106     	-80.7   
106.4   	-80.69  
106.8   	-80.68  
107.2   	-80.68  
107.6   	-80.68  
108     	-80.69  
108.4   	-80.69  
108.8   	-80.71  
109.2   	-80.72  
109.6   	-80.74  
110     	-80.76  
110.4   	-80.79  
110.8   	-80.81  
111.2   	-80.85  
111.6   	-80.88  
112     	-80.92  
112.4   	-80.96  
112.8   	-81     
113.2   	-81.05  
113.6   	-81.1   
114     	-81.15  
114.4   	-81.2   
114.8   	-81.25  
115.2   	-81.3   
115.6   	-81.35  
116     	-81.39  
116.4   	-81.43  
116.8   	-81.47  
117.2   	-81.5   
117.6   	-81.54  
118     	-81.57  
118.4   	-81.61  
118.8   	-81.65  
119.2   	-81.69  
119.6   	-81.73  
120     	-81.77  
120.4   	-81.8   
120.8   	-81.83  
121.2   	-81.86  
121.6   	-81.9   
122     	-81.93  
122.4   	-81.96  
122.8   	-82     
123.2   	-82.03  
123.6   	-82.07  
124     	-82.11  
124.4   	-82.15  
124.8   	-82.19  
125.2   	-82.23  
125.6   	-82.26  
126     	-82.3   
126.4   	-82.33  
126.8   	-82.35  
127.2   	-82.37  
127.6   	-82.37  
128     	-82.37  
128.4   	-82.35  
128.8   	-82.34  
129.2   	-82.32  
129.6   	-82.3   
130     	-82.28  
130.4   	-82.26  
130.8   	-82.23  
131.2   	-82.19  
131.6   	-82.15  
132     	-82.11  
132.4   	-82.07  
132.8   	-82.03  
133.2   	-81.99  
133.6   	-81.95  
134     	-81.91  
134.4   	-81.86  
134.8   	-81.81  
135.2   	-81.77  
135.6   	-81.72  
136     	-81.69  
136.4   	-81.65  
136.8   	-81.62  
137.2   	-81.6   
137.6   	-81.57  
138     	-81.54  
138.4   	-81.5   
138.8   	-81.47  
139.2   	-81.43  
139.6   	-81.4   
140     	-81.36  
140.4   	-81.32  
140.8   	-81.28  
141.2   	-81.24  
141.6   	-81.2   
142     	-81.17  
142.4   	-81.13  
142.8   	-81.1   
143.2   	-81.06  
143.6   	-80.97  
144     	-80.65  
144.4   	-79.81  
144.8   	-77.07  
145.2   	-66.47  
145.6   	-25.87  
146     	43.68   
146.4   	34.76   
146.8   	18.35   
147.2   	0.4465  
147.6   	-17.28  
148     	-36.1   
148.4   	-53.46  
148.8   	-65.13  
149.2   	-71.76  
149.6   	-75.44  
150     	-77.55  
150.4   	-78.79  
150.8   	-79.57  
151.2   	-80.08  
151.6   	-80.42  
152     	-80.67  
152.4   	-80.85  
152.8   	-80.99  
153.2   	-81.09  
153.6   	-81.17  
154     	-81.22  
154.4   	-81.24  
154.8   	-81.25  
155.2   	-81.25  
155.6   	-81.23  
156     	-81.21  
156.4   	-81.19  
156.8   	-81.17  
157.2   	-81.15  
157.6   	-81.13  
158     	-81.11  
158.4   	-81.08  
158.8   	-81.02  
159.2   	-80.77  
159.6   	-80.07  
160     	-77.98  
160.4   	-69.96  
160.8   	-39.86  
161.2   	42.31   
161.6   	37.6    
162     	22      
162.4   	4.151   
162.8   	-13.54  
163.2   	-32.15  
163.6   	-50.24  
164     	-63.22  
164.4   	-70.7   
164.8   	-74.86  
165.2   	-77.22  
165.6   	-78.61  
166     	-79.47  
166.4   	-80.03  
166.8   	-80.41  
167.2   	-80.67  
167.6   	-80.87  
168     	-81.01  
168.4   	-81.11  
168.8   	-81.2   
169.2   	-81.26  
169.6   	-81.31  
170     	-81.35  
170.4   	-81.39  
170.8   	-81.42  
171.2   	-81.44  
171.6   	-81.47  
172     	-81.49  
172.4   	-81.51  
172.8   	-81.52  
173.2   	-81.54  
173.6   	-81.55  
174     	-81.53  
174.4   	-81.41  
174.8   	-80.99  
175.2   	-79.91  
175.6   	-76.31  
176     	-62.57  
176.4   	-6.515  
176.8   	43.31   
177.2   	32.09   
177.6   	15.17   
178     	-2.7    
178.4   	-20.52  
178.8   	-39.4   
179.2   	-55.96  
179.6   	-66.58  
180     	-72.55  
180.4   	-75.89  
180.8   	-77.8   
181.2   	-78.94  
181.6   	-79.66  
182     	-80.13  
182.4   	-80.46  
182.8   	-80.69  
183.2   	-80.86  
183.6   	-80.99  
184     	-81.09  
184.4   	-81.17  
184.8   	-81.24  
185.2   	-81.29  
185.6   	-81.32  
186     	-81.36  
186.4   	-81.38  
186.8   	-81.41  
187.2   	-81.43  
187.6   	-81.46  
188     	-81.48  
188.4   	-81.51  
188.8   	-81.53  
189.2   	-81.56  
189.6   	-81.59  
190     	-81.62  
190.4   	-81.64  
190.8   	-81.67  
191.2   	-81.68  
191.6   	-81.69  
192     	-81.69  
192.4   	-81.7   
192.8   	-81.7   
193.2   	-81.7   
193.6   	-81.69  
194     	-81.68  
194.4   	-81.67  
194.8   	-81.67  
195.2   	-81.66  
195.6   	-81.65  
196     	-81.65  
196.4   	-81.64  
196.8   	-81.64  
197.2   	-81.63  
197.6   	-81.63  
198     	-81.62  
198.4   	-81.61  
198.8   	-81.59  
199.2   	-81.57  
199.6   	-81.55  
200     	-81.52  
200.4   	-81.49  
200.8   	-81.46  
201.2   	-81.43  
201.6   	-81.4   
202     	-81.36  
202.4   	-81.33  
202.8   	-81.3   
203.2   	-81.26  
203.6   	-81.23  
204     	-81.19  
204.4   	-81.16  
204.8   	-81.13  
205.2   	-81.1   
205.6   	-81.07  
206     	-81.05  
206.4   	-81.04  
206.8   	-81.03  
207.2   	-81.02  
207.6   	-81     
208     	-80.98  
208.4   	-80.96  
208.8   	-80.95  
209.2   	-80.93  
209.6   	-80.92  
210     	-80.91  
210.4   	-80.9   
210.8   	-80.9   
211.2   	-80.9   
211.6   	-80.9   
212     	-80.9   
212.4   	-80.9   
212.8   	-80.91  
213.2   	-80.91  
213.6   	-80.9   
214     	-80.88  
214.4   	-80.74  
214.8   	-80.27  
215.2   	-78.97  
215.6   	-74.17  
216     	-55.55  
216.4   	26.82   
216.8   	41.76   
217.2   	28.32   
217.6   	10.89   
218     	-6.9    
218.4   	-24.97  
218.8   	-43.75  
219.2   	-59.05  
219.6   	-68.35  
220     	-73.54  
220.4   	-76.45  
220.8   	-78.13  
221.2   	-79.15  
221.6   	-79.8   
222     	-80.23  
222.4   	-80.52  
222.8   	-80.72  
223.2   	-80.86  
223.6   	-80.95  
224     	-81.02  
224.4   	-81.07  
224.8   	-81.1   
225.2   	-81.11  
225.6   	-81.11  
226     	-81.11  
226.4   	-81.11  
226.8   	-81.1   
227.2   	-81.09  
227.6   	-81.08  
228     	-81.07  
228.4   	-81.06  
228.8   	-81.05  
229.2   	-81.04  
229.6   	-81.02  
230     	-81     
230.4   	-80.99  
230.8   	-80.97  
231.2   	-80.96  
231.6   	-80.95  
232     	-80.94  
232.4   	-80.94  
232.8   	-80.93  
233.2   	-80.93  
233.6   	-80.93  
234     	-80.91  
234.4   	-80.88  
234.8   	-80.84  
235.2   	-80.77  
235.6   	-80.49  
236     	-79.74  
236.4   	-77.37  
236.8   	-68.16  
237.2   	-33.13  
237.6   	43.29   
238     	36.07   
238.4   	20      
238.8   	2.119   
239.2   	-15.55  
239.6   	-34.24  
240     	-51.93  
240.4   	-64.19  
240.8   	-71.2   
241.2   	-75.1   
241.6   	-77.3   
242     	-78.59  
242.4   	-79.39  
242.8   	-79.89  
243.2   	-80.22  
243.6   	-80.45  
244     	-80.61  
244.4   	-80.73  
244.8   	-80.81  
245.2   	-80.87  
245.6   	-80.91  
246     	-80.93  
246.4   	-80.94  
246.8   	-80.94  
247.2   	-80.94  
247.6   	-80.93  
248     	-80.89  
248.4   	-80.7   
248.8   	-80.14  
249.2   	-78.57  
249.6   	-72.64  
250     	-50.03  
250.4   	36.54   
250.8   	40.2    
251.2   	25.76   
251.6   	8.116   
252     	-9.621  
252.4   	-27.92  
252.8   	-46.52  
253.2   	-60.89  
253.6   	-69.39  
254     	-74.12  
254.4   	-76.77  
254.8   	-78.32  
255.2   	-79.25  
255.6   	-79.85  
256     	-80.25  
256.4   	-80.52  
256.8   	-80.72  
257.2   	-80.86  
257.6   	-80.97  
258     	-81.06  
258.4   	-81.12  
258.8   	-81.17  
259.2   	-81.22  
259.6   	-81.25  
260     	-81.28  
260.4   	-81.31  
260.8   	-81.33  
261.2   	-81.35  
261.6   	-81.37  
262     	-81.38  
262.4   	-81.4   
262.8   	-81.41  
263.2   	-81.42  
263.6   	-81.42  
264     	-81.43  
264.4   	-81.43  
264.8   	-81.43  
265.2   	-81.43  
265.6   	-81.43  
266     	-81.42  
266.4   	-81.39  
266.8   	-81.22  
267.2   	-80.68  
267.6   	-79.22  
268     	-73.91  
268.4   	-53.76  
268.8   	31.27   
269.2   	41.28   
269.6   	27.48   
270     	9.963   
270.4   	-7.81   
270.8   	-25.96  
271.2   	-44.69  
271.6   	-59.69  
272     	-68.71  
272.4   	-73.74  
272.8   	-76.57  
273.2   	-78.21  
273.6   	-79.2   
274     	-79.84  
274.4   	-80.26  
274.8   	-80.56  
275.2   	-80.78  
275.6   	-80.94  
276     	-81.07  
276.4   	-81.18  
276.8   	-81.27  
277.2   	-81.33  
277.6   	-81.39  
278     	-81.43  
278.4   	-81.46  
278.8   	-81.48  
279.2   	-81.49  
279.6   	-81.5   
280     	-81.5   
280.4   	-81.5   
280.8   	-81.49  
281.2   	-81.47  
281.6   	-81.45  
282     	-81.4   
282.4   	-81.35  
282.8   	-81.3   
283.2   	-81.25  
283.6   	-81.2   
284     	-81.16  
284.4   	-81.12  
284.8   	-81.08  
285.2   	-81.05  
285.6   	-81.02  
286     	-80.99  
286.4   	-80.96  
286.8   	-80.93  
287.2   	-80.9   
287.6   	-80.87  
288     	-80.82  
288.4   	-80.78  
288.8   	-80.74  
289.2   	-80.71  
289.6   	-80.68  
290     	-80.65  
290.4   	-80.63  
290.8   	-80.61  
291.2   	-80.58  
291.6   	-80.56  
292     	-80.53  
292.4   	-80.5   
292.8   	-80.47  
293.2   	-80.45  
293.6   	-80.43  
294     	-80.41  
294.4   	-80.4   
294.8   	-80.38  
295.2   	-80.36  
295.6   	-80.35  
296     	-80.33  
296.4   	-80.31  
296.8   	-80.3   
297.2   	-80.29  
297.6   	-80.29  
298     	-80.29  
298.4   	-80.3   
298.8   	-80.31  
299.2   	-80.32  
299.6   	-80.34  
300     	-80.37  
300.4   	-80.39  
300.8   	-80.4   
301.2   	-80.39  
301.6   	-80.38  
302     	-80.37  
302.4   	-80.35  
302.8   	-80.34  
303.2   	-80.33  
303.6   	-80.31  
304     	-80.3   
304.4   	-80.3   
304.8   	-80.29  
305.2   	-80.28  
305.6   	-80.26  
306     	-80.24  
306.4   	-80.22  
306.8   	-80.2   
307.2   	-80.19  
307.6   	-80.17  
308     	-80.15  
308.4   	-80.12  
308.8   	-80.09  
309.2   	-80.05  
309.6   	-80.02  
310     	-79.98  
310.4   	-79.95  
310.8   	-79.91  
311.2   	-79.88  
311.6   	-79.85  
312     	-79.83  
312.4   	-79.81  
312.8   	-79.79  
313.2   	-79.76  
313.6   	-79.74  
314     	-79.72  
314.4   	-79.67  
314.8   	-79.45  
315.2   	-78.75  
315.6   	-76.32  
316     	-66.41  
316.4   	-27.16  
316.8   	43.68   
317.2   	34.97   
317.6   	18.59   
318     	0.6743  
318.4   	-17.05  
318.8   	-35.88  
319.2   	-53.31  
319.6   	-65.06  
320     	-71.72  
320.4   	-75.43  
320.8   	-77.53  
321.2   	-78.78  
321.6   	-79.56  
322     	-80.06  
322.4   	-80.4   
322.8   	-80.63  
323.2   	-80.79  
323.6   	-80.91  
324     	-80.99  
324.4   	-81.05  
324.8   	-81.09  
325.2   	-81.12  
325.6   	-81.13  
326     	-81.14  
326.4   	-81.15  
326.8   	-81.15  
327.2   	-81.15  
327.6   	-81.14  
328     	-81.12  
328.4   	-81.1   
328.8   	-81.08  
329.2   	-81.06  
329.6   	-81.04  
330     	-81.01  
330.4   	-80.99  
330.8   	-80.97  
331.2   	-80.96  
331.6   	-80.94  
332     	-80.91  
332.4   	-80.88  
332.8   	-80.85  
333.2   	-80.81  
333.6   	-80.77  
334     	-80.64  
334.4   	-80.22  
334.8   	-79.07  
335.2   	-74.88  
335.6   	-58.48  
336     	15.6    
336.4   	42.55   
336.8   	29.87   
337.2   	12.61   
337.6   	-5.232  
338     	-23.2   
338.4   	-42.07  
338.8   	-57.91  
339.2   	-67.7   
339.6   	-73.18  
340     	-76.24  
340.4   	-78     
340.8   	-79.05  
341.2   	-79.71  
341.6   	-80.14  
342     	-80.43  
342.4   	-80.63  
342.8   	-80.76  
343.2   	-80.86  
343.6   	-80.93  
344     	-80.99  
344.4   	-81.03  
344.8   	-81.06  
345.2   	-81.08  
345.6   	-81.09  
346     	-81.09  
346.4   	-81.09  
346.8   	-81.09  
347.2   	-81.08  
347.6   	-81.08  
348     	-81.08  
348.4   	-81.08  
348.8   	-81.08  
349.2   	-81.08  
349.6   	-81.08  
350     	-81.08  
350.4   	-81.08  
350.8   	-81.07  
351.2   	-81.06  
351.6   	-81.05  
352     	-81.04  
352.4   	-81.03  
352.8   	-81.02  
353.2   	-81.01  
353.6   	-81     
354     	-80.99  
354.4   	-80.99  
354.8   	-80.98  
355.2   	-80.98  
355.6   	-80.98  
356     	-80.98  
356.4   	-80.97  
356.8   	-80.95  
357.2   	-80.94  
357.6   	-80.93  
358     	-80.92  
358.4   	-80.91  
358.8   	-80.9   
359.2   	-80.9   
359.6   	-80.89  
360     	-80.88  
360.4   	-80.88  
360.8   	-80.88  
361.2   	-80.88  
361.6   	-80.89  
362     	-80.9   
362.4   	-80.9   
362.8   	-80.91  
363.2   	-80.91  
363.6   	-80.9   
364     	-80.9   
364.4   	-80.9   
364.8   	-80.9   
365.2   	-80.91  
365.6   	-80.91  
366     	-80.92  
366.4   	-80.92  
366.8   	-80.93  
367.2   	-80.93  
367.6   	-80.93  
368     	-80.94  
368.4   	-80.94  
368.8   	-80.94  
369.2   	-80.95  
369.6   	-80.95  
370     	-80.95  
370.4   	-80.95  
370.8   	-80.94  
371.2   	-80.93  
371.6   	-80.93  
372     	-80.92  
372.4   	-80.92  
372.8   	-80.93  
373.2   	-80.93  
373.6   	-80.93  
374     	-80.92  
374.4   	-80.9   
374.8   	-80.87  
375.2   	-80.85  
375.6   	-80.82  
376     	-80.79  
376.4   	-80.76  
376.8   	-80.74  
377.2   	-80.72  
377.6   	-80.71  
378     	-80.7   
378.4   	-80.7   
378.8   	-80.69  
379.2   	-80.68  
379.6   	-80.67  
380     	-80.66  
380.4   	-80.65  
380.8   	-80.65  
381.2   	-80.64  
381.6   	-80.63  
382     	-80.63  
382.4   	-80.62  
382.8   	-80.61  
383.2   	-80.59  
383.6   	-80.57  
384     	-80.55  
384.4   	-80.52  
384.8   	-80.49  
385.2   	-80.46  
385.6   	-80.44  
386     	-80.41  
386.4   	-80.38  
386.8   	-80.36  
387.2   	-80.34  
387.6   	-80.31  
388     	-80.29  
388.4   	-80.27  
388.8   	-80.26  
389.2   	-80.24  
389.6   	-80.23  
390     	-80.21  
390.4   	-80.19  
390.8   	-80.17  
391.2   	-80.16  
391.6   	-80.15  
392     	-80.14  
392.4   	-80.14  
392.8   	-80.14  
393.2   	-80.15  
393.6   	-80.16  
394     	-80.17  
394.4   	-80.17  
394.8   	-80.18  
395.2   	-80.18  
395.6   	-80.19  
396     	-80.2   
396.4   	-80.21  
396.8   	-80.23  
397.2   	-80.25  
397.6   	-80.28  
398     	-80.31  
398.4   	-80.34  
398.8   	-80.38  
399.2   	-80.42  
399.6   	-80.47  
400     	-80.51  
400.4   	-80.54  
400.8   	-80.56  
401.2   	-80.57  
401.6   	-80.58  
402     	-80.59  
402.4   	-80.6   
402.8   	-80.62  
403.2   	-80.63  
403.6   	-80.65  
404     	-80.67  
404.4   	-80.69  
404.8   	-80.72  
405.2   	-80.75  
405.6   	-80.78  
406     	-80.82  
406.4   	-80.85  
406.8   	-80.88  
407.2   	-80.9   
407.6   	-80.93  
408     	-80.96  
408.4   	-80.98  
408.8   	-80.99  
409.2   	-80.99  
409.6   	-80.99  
410     	-80.98  
410.4   	-80.96  
410.8   	-80.95  
411.2   	-80.94  
411.6   	-80.93  
412     	-80.92  
412.4   	-80.89  
412.8   	-80.86  
413.2   	-80.83  
413.6   	-80.8   
414     	-80.77  
414.4   	-80.75  
414.8   	-80.73  
415.2   	-80.7   
415.6   	-80.67  
416     	-80.64  
416.4   	-80.61  
416.8   	-80.59  
417.2   	-80.58  
417.6   	-80.57  
418     	-80.56  
418.4   	-80.55  
418.8   	-80.55  
419.2   	-80.55  
419.6   	-80.55  
420     	-80.56  
420.4   	-80.57  
420.8   	-80.59  
421.2   	-80.61  
421.6   	-80.64  
422     	-80.67  
422.4   	-80.7   
422.8   	-80.74  
423.2   	-80.77  
423.6   	-80.8   
424     	-80.81  
424.4   	-80.81  
424.8   	-80.81  
425.2   	-80.81  
425.6   	-80.81  
426     	-80.8   
426.4   	-80.81  
426.8   	-80.81  
427.2   	-80.82  
427.6   	-80.83  
428     	-80.84  
428.4   	-80.86  
428.8   	-80.87  
429.2   	-80.89  
429.6   	-80.9   
430     	-80.92  
430.4   	-80.93  
430.8   	-80.94  
431.2   	-80.96  
431.6   	-80.98  
432     	-81     
432.4   	-81.02  
432.8   	-81.03  
433.2   	-81.05  
433.6   	-81.06  
434     	-81.07  
434.4   	-81.07  
434.8   	-81.07  
435.2   	-81.07  
435.6   	-81.06  
436     	-81.05  
436.4   	-81.05  
436.8   	-81.04  
437.2   	-81.03  
437.6   	-81.01  
438     	-80.99  
438.4   	-80.96  
438.8   	-80.93  
439.2   	-80.9   
439.6   	-80.87  
440     	-80.81  
440.4   	-80.62  
440.8   	-80.03  
441.2   	-78.34  
441.6   	-71.82  
442     	-46.98  
442.4   	39.26   
442.8   	39.4    
443.2   	24.5    
443.6   	6.772   
444     	-10.92  
444.4   	-29.29  
444.8   	-47.72  
445.2   	-61.64  
445.6   	-69.8   
446     	-74.35  
446.4   	-76.91  
446.8   	-78.41  
447.2   	-79.33  
447.6   	-79.93  
448     	-80.33  
448.4   	-80.6   
448.8   	-80.8   
449.2   	-80.94  
449.6   	-81.05  
450     	-81.14  
450.4   	-81.2   
450.8   	-81.26  
451.2   	-81.31  
451.6   	-81.35  
452     	-81.38  
452.4   	-81.4   
452.8   	-81.42  
453.2   	-81.43  
453.6   	-81.44  
454     	-81.44  
454.4   	-81.43  
454.8   	-81.42  
455.2   	-81.41  
455.6   	-81.38  
456     	-81.35  
456.4   	-81.32  
456.8   	-81.28  
457.2   	-81.25  
457.6   	-81.22  
458     	-81.19  
458.4   	-81.17  
458.8   	-81.14  
459.2   	-81.13  
459.6   	-81.11  
460     	-81.11  
460.4   	-81.1   
460.8   	-81.11  
461.2   	-81.11  
461.6   	-81.12  
462     	-81.14  
462.4   	-81.16  
462.8   	-81.18  
463.2   	-81.21  
463.6   	-81.24  
464     	-81.27  
464.4   	-81.29  
464.8   	-81.32  
465.2   	-81.33  
465.6   	-81.34  
466     	-81.34  
466.4   	-81.34  
466.8   	-81.33  
467.2   	-81.31  
467.6   	-81.3   
468     	-81.29  
468.4   	-81.27  
468.8   	-81.27  
469.2   	-81.26  
469.6   	-81.26  
470     	-81.27  
470.4   	-81.27  
470.8   	-81.28  
471.2   	-81.3   
471.6   	-81.32  
472     	-81.34  
472.4   	-81.36  
472.8   	-81.39  
473.2   	-81.42  
473.6   	-81.46  
474     	-81.49  
474.4   	-81.52  
474.8   	-81.55  
475.2   	-81.58  
475.6   	-81.61  
476     	-81.64  
476.4   	-81.67  
476.8   	-81.7   
477.2   	-81.73  
477.6   	-81.76  
478     	-81.78  
478.4   	-81.8   
478.8   	-81.81  
479.2   	-81.82  
479.6   	-81.83  
480     	-81.83  
480.4   	-81.84  
480.8   	-81.85  
481.2   	-81.85  
481.6   	-81.86  
482     	-81.86  
482.4   	-81.86  
482.8   	-81.85  
483.2   	-81.84  
483.6   	-81.83  
484     	-81.82  
484.4   	-81.81  
484.8   	-81.8   
485.2   	-81.79  
485.6   	-81.78  
486     	-81.78  
486.4   	-81.77  
486.8   	-81.77  
487.2   	-81.77  
487.6   	-81.76  
488     	-81.75  
488.4   	-81.73  
488.8   	-81.71  
489.2   	-81.69  
489.6   	-81.67  
490     	-81.66  
490.4   	-81.65  
490.8   	-81.64  
491.2   	-81.63  
491.6   	-81.63  
492     	-81.62  
492.4   	-81.62  
492.8   	-81.63  
493.2   	-81.63  
493.6   	-81.64  
494     	-81.65  
494.4   	-81.66  
494.8   	-81.67  
495.2   	-81.68  
495.6   	-81.7   
496     	-81.71  
496.4   	-81.73  
496.8   	-81.75  
497.2   	-81.78  
497.6   	-81.8   
498     	-81.83  
498.4   	-81.86  
498.8   	-81.89  
499.2   	-81.92  
499.6   	-81.94  
500     	-81.96  
500.4   	-81.98  
500.8   	-81.99  
501.2   	-82     
501.6   	-82.01  
502     	-82.02  
502.4   	-82.03  
502.8   	-82.02  
503.2   	-82     
503.6   	-81.97  
504     	-81.94  
504.4   	-81.91  
504.8   	-81.88  
505.2   	-81.86  
505.6   	-81.83  
506     	-81.8   
506.4   	-81.76  
506.8   	-81.73  
507.2   	-81.69  
507.6   	-81.66  
508     	-81.62  
508.4   	-81.58  
508.8   	-81.55  
509.2   	-81.51  
509.6   	-81.49  
510     	-81.46  
510.4   	-81.43  
510.8   	-81.41  
511.2   	-81.39  
511.6   	-81.36  
512     	-81.33  
512.4   	-81.28  
512.8   	-81.23  
513.2   	-81.17  
513.6   	-81.11  
514     	-81.05  
514.4   	-81     
514.8   	-80.94  
515.2   	-80.88  
515.6   	-80.82  
516     	-80.75  
516.4   	-80.69  
516.8   	-80.64  
517.2   	-80.59  
517.6   	-80.53  
518     	-80.48  
518.4   	-80.43  
518.8   	-80.38  
519.2   	-80.34  
519.6   	-80.3   
520     	-80.26  
520.4   	-80.23  
520.8   	-80.19  
521.2   	-80.17  
521.6   	-80.14  
522     	-80.11  
522.4   	-80.07  
522.8   	-80.03  
523.2   	-79.99  
523.6   	-79.95  
524     	-79.91  
524.4   	-79.88  
524.8   	-79.85  
525.2   	-79.83  
525.6   	-79.8   
526     	-79.78  
526.4   	-79.75  
526.8   	-79.73  
527.2   	-79.72  
527.6   	-79.7   
528     	-79.7   
528.4   	-79.7   
528.8   	-79.7   
529.2   	-79.71  
529.6   	-79.72  
530     	-79.73  
530.4   	-79.74  
530.8   	-79.76  
531.2   	-79.78  
531.6   	-79.81  
532     	-79.82  
532.4   	-79.84  
532.8   	-79.86  
533.2   	-79.88  
533.6   	-79.9   
534     	-79.92  
534.4   	-79.94  
534.8   	-79.96  
535.2   	-79.99  
535.6   	-80.01  
536     	-80.04  
536.4   	-80.08  
536.8   	-80.1   
537.2   	-80.13  
537.6   	-80.14  
538     	-80.16  
538.4   	-80.17  
538.8   	-80.17  
539.2   	-80.17  
539.6   	-80.17  
540     	-80.17  
540.4   	-80.17  
540.8   	-80.18  
541.2   	-80.2   
541.6   	-80.21  
542     	-80.22  
542.4   	-80.24  
542.8   	-80.25  
543.2   	-80.27  
543.6   	-80.29  
544     	-80.31  
544.4   	-80.32  
544.8   	-80.33  
545.2   	-80.33  
545.6   	-80.34  
546     	-80.36  
546.4   	-80.37  
546.8   	-80.39  
547.2   	-80.39  
547.6   	-80.39  
548     	-80.38  
548.4   	-80.38  
548.8   	-80.37  
549.2   	-80.36  
549.6   	-80.36  
550     	-80.36  
550.4   	-80.36  
550.8   	-80.37  
551.2   	-80.38  
551.6   	-80.39  
552     	-80.39  
552.4   	-80.4   
552.8   	-80.42  
553.2   	-80.44  
553.6   	-80.46  
554     	-80.48  
554.4   	-80.49  
554.8   	-80.51  
555.2   	-80.54  
555.6   	-80.56  
556     	-80.59  
556.4   	-80.62  
556.8   	-80.66  
557.2   	-80.7   
557.6   	-80.73  
558     	-80.77  
558.4   	-80.8   
558.8   	-80.83  
559.2   	-80.87  
559.6   	-80.9   
560     	-80.94  
560.4   	-80.97  
560.8   	-80.99  
561.2   	-81.02  
561.6   	-81.04  
562     	-81.05  
562.4   	-81.06  
562.8   	-81.06  
563.2   	-81.06  
563.6   	-81.07  
564     	-81.07  
564.4   	-81.07  
564.8   	-81.06  
565.2   	-81.05  
565.6   	-81.03  
566     	-80.99  
566.4   	-80.83  
566.8   	-80.3   
567.2   	-78.85  
567.6   	-73.37  
568     	-52.36  
568.4   	33.73   
568.8   	40.93   
569.2   	26.86   
569.6   	9.282   
570     	-8.481  
570.4   	-26.69  
570.8   	-45.39  
571.2   	-60.16  
571.6   	-68.98  
572     	-73.9   
572.4   	-76.66  
572.8   	-78.27  
573.2   	-79.25  
573.6   	-79.87  
574     	-80.29  
574.4   	-80.59  
574.8   	-80.81  
575.2   	-80.97  
575.6   	-81.09  
576     	-81.19  
576.4   	-81.27  
576.8   	-81.33  
577.2   	-81.38  
577.6   	-81.42  
578     	-81.44  
578.4   	-81.46  
578.8   	-81.47  
579.2   	-81.47  
579.6   	-81.47  
580     	-81.47  
580.4   	-81.46  
580.8   	-81.44  
581.2   	-81.42  
581.6   	-81.4   
582     	-81.37  
582.4   	-81.26  
582.8   	-80.86  
583.2   	-79.84  
583.6   	-76.45  
584     	-63.42  
584.4   	-11.26  
584.8   	43.44   
585.2   	32.61   
585.6   	15.78   
586     	-2.093  
586.4   	-19.87  
586.8   	-38.73  
587.2   	-55.45  
587.6   	-66.28  
588     	-72.39  
588.4   	-75.79  
588.8   	-77.75  
589.2   	-78.91  
589.6   	-79.64  
590     	-80.12  
590.4   	-80.46  
590.8   	-80.69  
591.2   	-80.86  
591.6   	-80.98  
592     	-81.07  
592.4   	-81.13  
592.8   	-81.16  
593.2   	-81.18  
593.6   	-81.19  
594     	-81.19  
594.4   	-81.19  
594.8   	-81.18  
595.2   	-81.16  
595.6   	-81.15  
596     	-81.13  
596.4   	-81.12  
596.8   	-81.1   
597.2   	-81.08  
597.6   	-81.07  
598     	-81.05  
598.4   	-81     
598.8   	-80.8   
599.2   	-80.19  
599.6   	-78.44  
600     	-71.73  
600.4   	-46.37  
600.8   	39.65   
601.2   	39.22   
601.6   	24.26   
602     	6.522   
602.4   	-11.16  
602.8   	-29.56  
603.2   	-47.96  
603.6   	-61.79  
604     	-69.88  
604.4   	-74.39  
604.8   	-76.93  
605.2   	-78.41  
605.6   	-79.32  
606     	-79.9   
606.4   	-80.29  
606.8   	-80.57  
607.2   	-80.77  
607.6   	-80.92  
608     	-81.02  
608.4   	-81.09  
608.8   	-81.14  
609.2   	-81.17  
609.6   	-81.19  
610     	-81.2   
610.4   	-81.2   
610.8   	-81.2   
611.2   	-81.2   
611.6   	-81.2   
612     	-81.2   
612.4   	-81.19  
612.8   	-81.18  
613.2   	-81.17  
613.6   	-81.14  
614     	-81.12  
614.4   	-81.1   
614.8   	-81.08  
615.2   	-81.06  
615.6   	-81.04  
616     	-81.02  
616.4   	-81     
616.8   	-80.99  
617.2   	-80.97  
617.6   	-80.96  
618     	-80.95  
618.4   	-80.94  
618.8   	-80.92  
619.2   	-80.91  
619.6   	-80.9   
620     	-80.89  
620.4   	-80.88  
620.8   	-80.87  
621.2   	-80.86  
621.6   	-80.85  
622     	-80.83  
622.4   	-80.82  
622.8   	-80.8   
623.2   	-80.79  
623.6   	-80.77  
624     	-80.76  
624.4   	-80.75  
624.8   	-80.74  
625.2   	-80.71  
625.6   	-80.59  
626     	-80.15  
626.4   	-78.94  
626.8   	-74.49  
627.2   	-57.07  
627.6   	21.61   
628     	42.17   
628.4   	29.1    
628.8   	11.75   
629.2   	-6.062  
629.6   	-24.07  
630     	-42.9   
630.4   	-58.48  
630.8   	-68.03  
631.2   	-73.37  
631.6   	-76.36  
632     	-78.09  
632.4   	-79.13  
632.8   	-79.79  
633.2   	-80.23  
633.6   	-80.53  
634     	-80.75  
634.4   	-80.91  
634.8   	-81.04  
635.2   	-81.14  
635.6   	-81.23  
636     	-81.3   
636.4   	-81.36  
636.8   	-81.42  
637.2   	-81.47  
637.6   	-81.52  
638     	-81.56  
638.4   	-81.59  
638.8   	-81.62  
639.2   	-81.64  
639.6   	-81.66  
640     	-81.68  
640.4   	-81.69  
640.8   	-81.71  
641.2   	-81.73  
641.6   	-81.74  
642     	-81.76  
642.4   	-81.78  
642.8   	-81.8   
643.2   	-81.82  
643.6   	-81.84  
644     	-81.85  
644.4   	-81.86  
644.8   	-81.87  
645.2   	-81.88  
645.6   	-81.89  
646     	-81.9   
646.4   	-81.92  
646.8   	-81.93  
647.2   	-81.95  
647.6   	-81.97  
648     	-82     
648.4   	-82.02  
648.8   	-82.03  
649.2   	-82.05  
649.6   	-82.07  
650     	-82.08  
650.4   	-82.09  
650.8   	-82.1   
651.2   	-82.12  
651.6   	-82.13  
652     	-82.15  
652.4   	-82.17  
652.8   	-82.18  
653.2   	-82.21  
653.6   	-82.23  
654     	-82.25  
654.4   	-82.28  
654.8   	-82.31  
655.2   	-82.33  
655.6   	-82.35  
656     	-82.36  
656.4   	-82.37  
656.8   	-82.39  
657.2   	-82.4   
657.6   	-82.42  
658     	-82.43  
658.4   	-82.43  
658.8   	-82.43  
659.2   	-82.43  
659.6   	-82.43  
660     	-82.43  
660.4   	-82.43  
660.8   	-82.44  
661.2   	-82.43  
661.6   	-82.42  
662     	-82.4   
662.4   	-82.39  
662.8   	-82.37  
663.2   	-82.36  
663.6   	-82.35  
664     	-82.35  
664.4   	-82.34  
664.8   	-82.34  
665.2   	-82.34  
665.6   	-82.33  
666     	-82.32  
666.4   	-82.31  
666.8   	-82.31  
667.2   	-82.3   
667.6   	-82.27  
668     	-82.24  
668.4   	-82.21  
668.8   	-82.17  
669.2   	-82.13  
669.6   	-82.1   
670     	-82.06  
670.4   	-82.02  
670.8   	-81.98  
671.2   	-81.95  
671.6   	-81.91  
672     	-81.88  
672.4   	-81.85  
672.8   	-81.81  
673.2   	-81.76  
673.6   	-81.71  
674     	-81.67  
674.4   	-81.62  
674.8   	-81.57  
675.2   	-81.52  
675.6   	-81.47  
676     	-81.41  
676.4   	-81.35  
676.8   	-81.29  
677.2   	-81.23  
677.6   	-81.16  
678     	-81.1   
678.4   	-81.05  
678.8   	-80.99  
679.2   	-80.94  
679.6   	-80.89  
680     	-80.84  
680.4   	-80.79  
680.8   	-80.75  
681.2   	-80.72  
681.6   	-80.69  
682     	-80.67  
682.4   	-80.64  
682.8   	-80.63  
683.2   	-80.61  
683.6   	-80.6   
684     	-80.59  
684.4   	-80.59  
684.8   	-80.59  
685.2   	-80.6   
685.6   	-80.61  
686     	-80.62  
686.4   	-80.64  
686.8   	-80.66  
687.2   	-80.68  
687.6   	-80.71  
688     	-80.73  
688.4   	-80.75  
688.8   	-80.77  
689.2   	-80.79  
689.6   	-80.8   
690     	-80.81  
690.4   	-80.81  
690.8   	-80.82  
691.2   	-80.83  
691.6   	-80.84  
692     	-80.85  
692.4   	-80.86  
692.8   	-80.87  
693.2   	-80.89  
693.6   	-80.9   
694     	-80.91  
694.4   	-80.92  
694.8   	-80.94  
695.2   	-80.95  
695.6   	-80.96  
696     	-80.96  
696.4   	-80.96  
696.8   	-80.96  
697.2   	-80.96  
697.6   	-80.96  
698     	-80.97  
698.4   	-80.97  
698.8   	-80.98  
699.2   	-80.99  
699.6   	-81.01  
700     	-81.01  
700.4   	-81.01  
700.8   	-81.02  
701.2   	-81.02  
701.6   	-81.03  
702     	-81.04  
702.4   	-81.05  
702.8   	-81.07  
703.2   	-81.09  
703.6   	-81.11  
704     	-81.12  
704.4   	-81.13  
704.8   	-81.13  
705.2   	-81.12  
705.6   	-81.11  
706     	-81.1   
706.4   	-81.09  
706.8   	-81.08  
707.2   	-81.07  
707.6   	-81.07  
708     	-81.07  
708.4   	-81.08  
708.8   	-81.08  
709.2   	-81.09  
709.6   	-81.09  
710     	-81.1   
710.4   	-81.1   
710.8   	-81.11  
711.2   	-81.12  
711.6   	-81.13  
712     	-81.13  
712.4   	-81.14  
712.8   	-81.14  
713.2   	-81.14  
713.6   	-81.13  
714     	-81.12  
714.4   	-81.1   
714.8   	-81.08  
715.2   	-81.06  
715.6   	-81.03  
716     	-80.99  
716.4   	-80.96  
716.8   	-80.94  
717.2   	-80.92  
717.6   	-80.9   
718     	-80.88  
718.4   	-80.87  
718.8   	-80.86  
719.2   	-80.86  
719.6   	-80.86  
720     	-80.87  
720.4   	-80.87  
720.8   	-80.87  
721.2   	-80.87  
721.6   	-80.86  
722     	-80.84  
722.4   	-80.82  
722.8   	-80.79  
723.2   	-80.77  
723.6   	-80.75  
724     	-80.73  
724.4   	-80.7   
724.8   	-80.68  
725.2   	-80.66  
725.6   	-80.64  
726     	-80.62  
726.4   	-80.61  
726.8   	-80.6   
727.2   	-80.6   
727.6   	-80.6   
728     	-80.6   
728.4   	-80.61  
728.8   	-80.62  
729.2   	-80.63  
729.6   	-80.65  
730     	-80.68  
730.4   	-80.7   
730.8   	-80.71  
731.2   	-80.72  
731.6   	-80.73  
732     	-80.75  
732.4   	-80.75  
732.8   	-80.75  
733.2   	-80.74  
733.6   	-80.74  
734     	-80.73  
734.4   	-80.73  
734.8   	-80.73  
735.2   	-80.73  
735.6   	-80.74  
736     	-80.75  
736.4   	-80.76  
736.8   	-80.78  
737.2   	-80.8   
737.6   	-80.82  
738     	-80.84  
738.4   	-80.86  
738.8   	-80.88  
739.2   	-80.89  
739.6   	-80.88  
740     	-80.86  
740.4   	-80.84  
740.8   	-80.82  
741.2   	-80.81  
741.6   	-80.8   
742     	-80.78  
742.4   	-80.76  
742.8   	-80.74  
743.2   	-80.7   
743.6   	-80.66  
744     	-80.62  
744.4   	-80.58  
744.8   	-80.54  
745.2   	-80.5   
745.6   	-80.47  
746     	-80.44  
746.4   	-80.41  
746.8   	-80.38  
747.2   	-80.36  
747.6   	-80.35  
748     	-80.34  
748.4   	-80.34  
748.8   	-80.35  
749.2   	-80.36  
749.6   	-80.37  
750     	-80.39  
750.4   	-80.42  
750.8   	-80.44  
751.2   	-80.47  
751.6   	-80.5   
752     	-80.53  
752.4   	-80.55  
752.8   	-80.58  
753.2   	-80.61  
753.6   	-80.64  
754     	-80.67  
754.4   	-80.7   
754.8   	-80.73  
755.2   	-80.76  
755.6   	-80.79  
756     	-80.81  
756.4   	-80.84  
756.8   	-80.87  
757.2   	-80.9   
757.6   	-80.92  
758     	-80.94  
758.4   	-80.96  
758.8   	-80.98  
759.2   	-81     
759.6   	-81.03  
760     	-81.05  
760.4   	-81.08  
760.8   	-81.11  
761.2   	-81.15  
761.6   	-81.18  
762     	-81.22  
762.4   	-81.26  
762.8   	-81.31  
763.2   	-81.35  
763.6   	-81.39  
764     	-81.43  
764.4   	-81.47  
764.8   	-81.51  
765.2   	-81.55  
765.6   	-81.58  
766     	-81.62  
766.4   	-81.66  
766.8   	-81.69  
767.2   	-81.72  
767.6   	-81.75  
768     	-81.78  
768.4   	-81.8   
768.8   	-81.83  
769.2   	-81.85  
769.6   	-81.87  
770     	-81.89  
770.4   	-81.9   
770.8   	-81.92  
771.2   	-81.94  
771.6   	-81.96  
772     	-81.98  
772.4   	-81.99  
772.8   	-82.01  
773.2   	-82.01  
773.6   	-82.02  
774     	-82.02  
774.4   	-82.03  
774.8   	-82.03  
775.2   	-82.02  
775.6   	-82.01  
776     	-81.98  
776.4   	-81.95  
776.8   	-81.92  
777.2   	-81.88  
777.6   	-81.83  
778     	-81.79  
778.4   	-81.75  
778.8   	-81.7   
779.2   	-81.65  
779.6   	-81.6   
780     	-81.55  
780.4   	-81.49  
780.8   	-81.45  
781.2   	-81.41  
781.6   	-81.37  
782     	-81.34  
782.4   	-81.31  
782.8   	-81.29  
783.2   	-81.27  
783.6   	-81.26  
784     	-81.25  
784.4   	-81.24  
784.8   	-81.23  
785.2   	-81.23  
785.6   	-81.23  
786     	-81.23  
786.4   	-81.22  
786.8   	-81.22  
787.2   	-81.23  
787.6   	-81.23  
788     	-81.24  
788.4   	-81.25  
788.8   	-81.26  
789.2   	-81.27  
789.6   	-81.27  
790     	-81.27  
790.4   	-81.27  
790.8   	-81.26  
791.2   	-81.24  
791.6   	-81.22  
792     	-81.19  
792.4   	-81.16  
792.8   	-81.12  
793.2   	-81.09  
793.6   	-81.06  
794     	-81.03  
794.4   	-81     
794.8   	-80.97  
795.2   	-80.95  
795.6   	-80.94  
796     	-80.92  
796.4   	-80.92  
796.8   	-80.92  
797.2   	-80.92  
797.6   	-80.93  
798     	-80.95  
798.4   	-80.97  
798.8   	-80.99  
799.2   	-81.01  
799.6   	-81.02  
800     	-81.04  
800.4   	-81.04  
800.8   	-81.05  
801.2   	-81.06  
801.6   	-81.07  
802     	-81.08  
802.4   	-81.07  
802.8   	-81.06  
803.2   	-81.05  
803.6   	-81.03  
804     	-81.01  
804.4   	-80.99  
804.8   	-80.98  
805.2   	-80.96  
805.6   	-80.95  
806     	-80.95  
806.4   	-80.95  
806.8   	-80.95  
807.2   	-80.96  
807.6   	-80.97  
808     	-80.99  
808.4   	-81.01  
808.8   	-81.03  
809.2   	-81.05  
809.6   	-81.07  
810     	-81.1   
810.4   	-81.13  
810.8   	-81.15  
811.2   	-81.17  
811.6   	-81.18  
812     	-81.19  
812.4   	-81.19  
812.8   	-81.19  
813.2   	-81.19  
813.6   	-81.18  
814     	-81.18  
814.4   	-81.19  
814.8   	-81.19  
815.2   	-81.2   
815.6   	-81.21  
816     	-81.23  
816.4   	-81.25  
816.8   	-81.27  
817.2   	-81.29  
817.6   	-81.32  
818     	-81.35  
818.4   	-81.38  
818.8   	-81.41  
819.2   	-81.43  
819.6   	-81.45  
820     	-81.46  
820.4   	-81.47  
820.8   	-81.48  
821.2   	-81.48  
821.6   	-81.48  
822     	-81.49  
822.4   	-81.49  
822.8   	-81.49  
823.2   	-81.49  
823.6   	-81.49  
824     	-81.5   
824.4   	-81.5   
824.8   	-81.51  
825.2   	-81.52  
825.6   	-81.53  
826     	-81.55  
826.4   	-81.56  
826.8   	-81.58  
827.2   	-81.59  
827.6   	-81.6   
828     	-81.6   
828.4   	-81.6   
828.8   	-81.6   
829.2   	-81.58  
829.6   	-81.55  
830     	-81.52  
830.4   	-81.49  
830.8   	-81.44  
831.2   	-81.39  
831.6   	-81.33  
832     	-81.28  
832.4   	-81.22  
832.8   	-81.17  
833.2   	-81.12  
833.6   	-81.07  
834     	-81.02  
834.4   	-80.97  
834.8   	-80.88  
835.2   	-80.61  
835.6   	-79.88  
836     	-77.62  
836.4   	-68.85  
836.8   	-35.69  
837.2   	43.03   
837.6   	36.63   
838     	20.71   
838.4   	2.843   
838.8   	-14.83  
839.2   	-33.5   
839.6   	-51.34  
840     	-63.86  
840.4   	-71.03  
840.8   	-75.02  
841.2   	-77.28  
841.6   	-78.61  
842     	-79.43  
842.4   	-79.96  
842.8   	-80.32  
843.2   	-80.57  
843.6   	-80.76  
844     	-80.89  
844.4   	-80.99  
844.8   	-81.06  
845.2   	-81.12  
845.6   	-81.17  
846     	-81.2   
846.4   	-81.24  
846.8   	-81.26  
847.2   	-81.28  
847.6   	-81.3   
848     	-81.32  
848.4   	-81.34  
848.8   	-81.36  
849.2   	-81.38  
849.6   	-81.39  
850     	-81.41  
850.4   	-81.43  
850.8   	-81.44  
851.2   	-81.46  
851.6   	-81.48  
852     	-81.49  
852.4   	-81.49  
852.8   	-81.5   
853.2   	-81.52  
853.6   	-81.53  
854     	-81.55  
854.4   	-81.56  
854.8   	-81.57  
855.2   	-81.58  
855.6   	-81.6   
856     	-81.61  
856.4   	-81.63  
856.8   	-81.64  
857.2   	-81.66  
857.6   	-81.68  
858     	-81.71  
858.4   	-81.72  
858.8   	-81.73  
859.2   	-81.74  
859.6   	-81.74  
860     	-81.75  
860.4   	-81.75  
860.8   	-81.76  
861.2   	-81.76  
861.6   	-81.77  
862     	-81.78  
862.4   	-81.79  
862.8   	-81.8   
863.2   	-81.81  
863.6   	-81.82  
864     	-81.81  
864.4   	-81.8   
864.8   	-81.77  
865.2   	-81.75  
865.6   	-81.71  
866     	-81.67  
866.4   	-81.63  
866.8   	-81.59  
867.2   	-81.55  
867.6   	-81.5   
868     	-81.47  
868.4   	-81.43  
868.8   	-81.4   
869.2   	-81.38  
869.6   	-81.36  
870     	-81.35  
870.4   	-81.34  
870.8   	-81.34  
871.2   	-81.33  
871.6   	-81.33  
872     	-81.32  
872.4   	-81.31  
872.8   	-81.3   
873.2   	-81.28  
873.6   	-81.27  
874     	-81.25  
874.4   	-81.24  
874.8   	-81.23  
875.2   	-81.22  
875.6   	-81.22  
876     	-81.22  
876.4   	-81.22  
876.8   	-81.21  
877.2   	-81.2   
877.6   	-81.18  
878     	-81.15  
878.4   	-81.13  
878.8   	-81.11  
879.2   	-81.1   
879.6   	-81.08  
880     	-81.07  
880.4   	-81.06  
880.8   	-81.06  
881.2   	-81.05  
881.6   	-81.05  
882     	-81.05  
882.4   	-81.04  
882.8   	-81.04  
883.2   	-81.03  
883.6   	-81.03  
884     	-81.03  
884.4   	-81.03  
884.8   	-81.03  
885.2   	-81.02  
885.6   	-81.02  
886     	-81.02  
886.4   	-81.02  
886.8   	-81.02  
887.2   	-81.02  
887.6   	-81.03  
888     	-81.05  
888.4   	-81.06  
888.8   	-81.08  
889.2   	-81.1   
889.6   	-81.11  
890     	-81.13  
890.4   	-81.15  
890.8   	-81.17  
891.2   	-81.2   
891.6   	-81.23  
892     	-81.26  
892.4   	-81.29  
892.8   	-81.33  
893.2   	-81.36  
893.6   	-81.4   
894     	-81.42  
894.4   	-81.44  
894.8   	-81.46  
895.2   	-81.48  
895.6   	-81.49  
896     	-81.5   
896.4   	-81.52  
896.8   	-81.53  
897.2   	-81.54  
897.6   	-81.54  
898     	-81.55  
898.4   	-81.54  
898.8   	-81.53  
899.2   	-81.52  
899.6   	-81.5   
900     	-81.49  
900.4   	-81.48  
900.8   	-81.47  
901.2   	-81.47  
901.6   	-81.47  
902     	-81.47  
902.4   	-81.47  
902.8   	-81.47  
903.2   	-81.46  
903.6   	-81.46  
904     	-81.47  
904.4   	-81.47  
904.8   	-81.48  
905.2   	-81.49  
905.6   	-81.5   
906     	-81.51  
906.4   	-81.51  
906.8   	-81.5   
907.2   	-81.49  
907.6   	-81.48  
908     	-81.47  
908.4   	-81.46  
908.8   	-81.45  
909.2   	-81.44  
909.6   	-81.43  
910     	-81.42  
910.4   	-81.42  
910.8   	-81.41  
911.2   	-81.4   
911.6   	-81.39  
912     	-81.37  
912.4   	-81.36  
912.8   	-81.36  
913.2   	-81.35  
913.6   	-81.35  
914     	-81.36  
914.4   	-81.36  
914.8   	-81.37  
915.2   	-81.39  
915.6   	-81.4   
916     	-81.42  
916.4   	-81.43  
916.8   	-81.44  
917.2   	-81.44  
917.6   	-81.44  
918     	-81.44  
918.4   	-81.44  
918.8   	-81.42  
919.2   	-81.38  
919.6   	-81.34  
920     	-81.3   
920.4   	-81.25  
920.8   	-81.19  
921.2   	-81.13  
921.6   	-81.05  
922     	-80.83  
922.4   	-80.2   
922.8   	-78.4   
923.2   	-71.49  
923.6   	-45.41  
924     	40.27   
924.4   	38.99   
924.8   	23.92   
925.2   	6.159   
925.6   	-11.53  
926     	-29.96  
926.4   	-48.32  
926.8   	-62.01  
927.2   	-70     
927.6   	-74.45  
928     	-76.95  
928.4   	-78.41  
928.8   	-79.3   
929.2   	-79.87  
929.6   	-80.24  
930     	-80.5   
930.4   	-80.69  
930.8   	-80.81  
931.2   	-80.9   
931.6   	-80.97  
932     	-81.01  
932.4   	-81.03  
932.8   	-81.02  
933.2   	-80.98  
933.6   	-80.78  
934     	-80.22  
934.4   	-78.69  
934.8   	-72.96  
935.2   	-51.23  
935.6   	34.94   
936     	40.46   
936.4   	26.25   
936.8   	8.647   
937.2   	-9.101  
937.6   	-27.36  
938     	-46     
938.4   	-60.55  
938.8   	-69.2   
939.2   	-74.02  
939.6   	-76.72  
940     	-78.3   
940.4   	-79.26  
940.8   	-79.87  
941.2   	-80.28  
941.6   	-80.57  
942     	-80.77  
942.4   	-80.92  
942.8   	-81.03  
943.2   	-81.12  
943.6   	-81.18  
944     	-81.23  
944.4   	-81.27  
944.8   	-81.31  
945.2   	-81.33  
945.6   	-81.36  
946     	-81.38  
946.4   	-81.39  
946.8   	-81.39  
947.2   	-81.4   
947.6   	-81.4   
948     	-81.4   
948.4   	-81.41  
948.8   	-81.41  
949.2   	-81.42  
949.6   	-81.43  
950     	-81.44  
950.4   	-81.45  
950.8   	-81.47  
951.2   	-81.49  
951.6   	-81.51  
952     	-81.53  
952.4   	-81.56  
952.8   	-81.59  
953.2   	-81.62  
953.6   	-81.65  
954     	-81.69  
954.4   	-81.73  
954.8   	-81.76  
955.2   	-81.78  
955.6   	-81.79  
956     	-81.79  
956.4   	-81.78  
956.8   	-81.77  
957.2   	-81.75  
957.6   	-81.72  
958     	-81.69  
958.4   	-81.64  
958.8   	-81.59  
959.2   	-81.52  
959.6   	-81.44  
960     	-81.36  
960.4   	-81.27  
960.8   	-81.19  
961.2   	-81.11  
961.6   	-81.03  
962     	-80.95  
962.4   	-80.88  
962.8   	-80.81  
963.2   	-80.74  
963.6   	-80.67  
964     	-80.6   
964.4   	-80.53  
964.8   	-80.45  
965.2   	-80.37  
965.6   	-80.29  
966     	-80.21  
966.4   	-80.14  
966.8   	-80.07  
967.2   	-80.01  
967.6   	-79.96  
968     	-79.91  
968.4   	-79.87  
968.8   	-79.83  
969.2   	-79.81  
969.6   	-79.79  
970     	-79.78  
970.4   	-79.77  
970.8   	-79.75  
971.2   	-79.74  
971.6   	-79.72  
972     	-79.71  
972.4   	-79.71  
972.8   	-79.71  
973.2   	-79.71  
973.6   	-79.71  
974     	-79.71  
974.4   	-79.71  
974.8   	-79.69  
975.2   	-79.68  
975.6   	-79.67  
976     	-79.66  
976.4   	-79.66  
976.8   	-79.65  
977.2   	-79.66  
977.6   	-79.66  
978     	-79.67  
978.4   	-79.68  
978.8   	-79.69  
979.2   	-79.71  
979.6   	-79.72  
980     	-79.74  
980.4   	-79.76  
980.8   	-79.78  
981.2   	-79.81  
981.6   	-79.83  
982     	-79.86  
982.4   	-79.9   
982.8   	-79.93  
983.2   	-79.97  
983.6   	-80     
984     	-80.03  
984.4   	-80.07  
984.8   	-80.11  
985.2   	-80.15  
985.6   	-80.19  
986     	-80.23  
986.4   	-80.27  
986.8   	-80.32  
987.2   	-80.36  
987.6   	-80.41  
988     	-80.46  
988.4   	-80.51  
988.8   	-80.56  
989.2   	-80.6   
989.6   	-80.64  
990     	-80.67  
990.4   	-80.69  
990.8   	-80.7   
991.2   	-80.71  
991.6   	-80.72  
992     	-80.72  
992.4   	-80.71  
992.8   	-80.71  
993.2   	-80.71  
993.6   	-80.71  
994     	-80.72  
994.4   	-80.73  
994.8   	-80.74  
995.2   	-80.75  
995.6   	-80.77  
996     	-80.8   
996.4   	-80.82  
996.8   	-80.85  
997.2   	-80.88  
997.6   	-80.9   
998     	-80.91  
998.4   	-80.9   
998.8   	-80.88  
999.2   	-80.85  
999.6   	-80.82  
