
SWEPT_VAR_1 = 75.0    // Syn: Source PP \ NetStim \ PARAMETER \ interval (ms)

t	s.v( 0.05 )
ms	mV
0       	-64.65  
0.4     	-65.51  
0.8     	-66.35  
1.2     	-67.15  
1.6     	-67.92  
2       	-68.66  
2.4     	-69.37  
2.8     	-70.05  
3.2     	-70.7   
3.6     	-71.32  
4       	-71.91  
4.4     	-72.46  
4.8     	-72.97  
5.2     	-73.44  
5.6     	-73.88  
6       	-74.29  
6.4     	-74.68  
6.8     	-75.03  
7.2     	-75.36  
7.6     	-75.67  
8       	-75.96  
8.4     	-76.22  
8.8     	-76.46  
9.2     	-76.68  
9.6     	-76.89  
10      	-77.08  
10.4    	-77.27  
10.8    	-77.43  
11.2    	-77.59  
11.6    	-77.74  
12      	-77.88  
12.4    	-78     
12.8    	-78.11  
13.2    	-78.22  
13.6    	-78.32  
14      	-78.42  
14.4    	-78.52  
14.8    	-78.62  
15.2    	-78.71  
15.6    	-78.81  
16      	-78.9   
16.4    	-79     
16.8    	-79.1   
17.2    	-79.2   
17.6    	-79.29  
18      	-79.39  
18.4    	-79.49  
18.8    	-79.57  
19.2    	-79.66  
19.6    	-79.73  
20      	-79.8   
20.4    	-79.87  
20.8    	-79.94  
21.2    	-80.01  
21.6    	-80.08  
22      	-80.15  
22.4    	-80.21  
22.8    	-80.27  
23.2    	-80.33  
23.6    	-80.39  
24      	-80.44  
24.4    	-80.49  
24.8    	-80.54  
25.2    	-80.57  
25.6    	-80.6   
26      	-80.63  
26.4    	-80.65  
26.8    	-80.66  
27.2    	-80.68  
27.6    	-80.69  
28      	-80.7   
28.4    	-80.71  
28.8    	-80.73  
29.2    	-80.74  
29.6    	-80.75  
30      	-80.75  
30.4    	-80.74  
30.8    	-80.73  
31.2    	-80.72  
31.6    	-80.7   
32      	-80.68  
32.4    	-80.66  
32.8    	-80.64  
33.2    	-80.63  
33.6    	-80.63  
34      	-80.62  
34.4    	-80.63  
34.8    	-80.63  
35.2    	-80.64  
35.6    	-80.64  
36      	-80.63  
36.4    	-80.62  
36.8    	-80.61  
37.2    	-80.6   
37.6    	-80.59  
38      	-80.58  
38.4    	-80.57  
38.8    	-80.56  
39.2    	-80.56  
39.6    	-80.55  
40      	-80.54  
40.4    	-80.52  
40.8    	-80.51  
41.2    	-80.49  
41.6    	-80.46  
42      	-80.43  
42.4    	-80.39  
42.8    	-80.36  
43.2    	-80.33  
43.6    	-80.3   
44      	-80.27  
44.4    	-80.24  
44.8    	-80.21  
45.2    	-80.19  
45.6    	-80.16  
46      	-80.14  
46.4    	-80.12  
46.8    	-80.1   
47.2    	-80.08  
47.6    	-80.06  
48      	-80.03  
48.4    	-80     
48.8    	-79.96  
49.2    	-79.85  
49.6    	-79.48  
50      	-78.38  
50.4    	-74.13  
50.8    	-57.06  
51.2    	21.38   
51.6    	42.2    
52      	29.12   
52.4    	11.77   
52.8    	-6.043  
53.2    	-24.05  
53.6    	-42.89  
54      	-58.48  
54.4    	-68.03  
54.8    	-73.36  
55.2    	-76.35  
55.6    	-78.07  
56      	-79.1   
56.4    	-79.76  
56.8    	-80.19  
57.2    	-80.49  
57.6    	-80.71  
58      	-80.87  
58.4    	-80.99  
58.8    	-81.07  
59.2    	-81.14  
59.6    	-81.19  
60      	-81.23  
60.4    	-81.25  
60.8    	-81.27  
61.2    	-81.28  
61.6    	-81.28  
62      	-81.27  
62.4    	-81.25  
62.8    	-81.18  
63.2    	-80.9   
63.6    	-80.14  
64      	-77.87  
64.4    	-69.19  
64.8    	-36.79  
65.2    	42.82   
65.6    	36.84   
66      	21.01   
66.4    	3.148   
66.8    	-14.53  
67.2    	-33.19  
67.6    	-51.1   
68      	-63.72  
68.4    	-70.96  
68.8    	-74.99  
69.2    	-77.26  
69.6    	-78.6   
70      	-79.42  
70.4    	-79.95  
70.8    	-80.3   
71.2    	-80.54  
71.6    	-80.71  
72      	-80.82  
72.4    	-80.9   
72.8    	-80.96  
73.2    	-81     
73.6    	-81.03  
74      	-81.03  
74.4    	-81.03  
74.8    	-81.02  
75.2    	-80.92  
75.6    	-80.57  
76      	-79.66  
76.4    	-76.67  
76.8    	-65.15  
77.2    	-20.58  
77.6    	43.54   
78      	33.79   
78.4    	17.21   
78.8    	-0.6882 
79.2    	-18.44  
79.6    	-37.31  
80      	-54.4   
80.4    	-65.68  
80.8    	-72.05  
81.2    	-75.59  
81.6    	-77.61  
82      	-78.81  
82.4    	-79.55  
82.8    	-80.03  
83.2    	-80.35  
83.6    	-80.56  
84      	-80.7   
84.4    	-80.8   
84.8    	-80.87  
85.2    	-80.91  
85.6    	-80.95  
86      	-80.97  
86.4    	-80.98  
86.8    	-80.99  
87.2    	-81     
87.6    	-80.99  
88      	-80.99  
88.4    	-80.97  
88.8    	-80.96  
89.2    	-80.95  
89.6    	-80.94  
90      	-80.93  
90.4    	-80.92  
90.8    	-80.91  
91.2    	-80.91  
91.6    	-80.9   
92      	-80.9   
92.4    	-80.91  
92.8    	-80.91  
93.2    	-80.91  
93.6    	-80.91  
94      	-80.91  
94.4    	-80.92  
94.8    	-80.91  
95.2    	-80.89  
95.6    	-80.85  
96      	-80.66  
96.4    	-80.07  
96.8    	-78.38  
97.2    	-71.9   
97.6    	-47.21  
98      	39.09   
98.4    	39.46   
98.8    	24.59   
99.2    	6.868   
99.6    	-10.82  
100     	-29.18  
100.4   	-47.62  
100.8   	-61.56  
101.2   	-69.75  
101.6   	-74.31  
102     	-76.87  
102.4   	-78.37  
102.8   	-79.28  
103.2   	-79.86  
103.6   	-80.25  
104     	-80.52  
104.4   	-80.71  
104.8   	-80.85  
105.2   	-80.95  
105.6   	-81.03  
106     	-81.09  
106.4   	-81.13  
106.8   	-81.17  
107.2   	-81.2   
107.6   	-81.22  
108     	-81.24  
108.4   	-81.26  
108.8   	-81.27  
109.2   	-81.27  
109.6   	-81.28  
110     	-81.29  
110.4   	-81.3   
110.8   	-81.31  
111.2   	-81.32  
111.6   	-81.33  
112     	-81.34  
112.4   	-81.35  
112.8   	-81.37  
113.2   	-81.38  
113.6   	-81.4   
114     	-81.42  
114.4   	-81.45  
114.8   	-81.47  
115.2   	-81.49  
115.6   	-81.52  
116     	-81.54  
116.4   	-81.57  
116.8   	-81.59  
117.2   	-81.6   
117.6   	-81.62  
118     	-81.63  
118.4   	-81.65  
118.8   	-81.66  
119.2   	-81.67  
119.6   	-81.68  
120     	-81.69  
120.4   	-81.69  
120.8   	-81.69  
121.2   	-81.68  
121.6   	-81.67  
122     	-81.67  
122.4   	-81.66  
122.8   	-81.66  
123.2   	-81.66  
123.6   	-81.67  
124     	-81.67  
124.4   	-81.68  
124.8   	-81.68  
125.2   	-81.69  
125.6   	-81.7   
126     	-81.7   
126.4   	-81.69  
126.8   	-81.68  
127.2   	-81.67  
127.6   	-81.66  
128     	-81.65  
128.4   	-81.64  
128.8   	-81.63  
129.2   	-81.62  
129.6   	-81.6   
130     	-81.59  
130.4   	-81.57  
130.8   	-81.56  
131.2   	-81.54  
131.6   	-81.53  
132     	-81.51  
132.4   	-81.49  
132.8   	-81.47  
133.2   	-81.44  
133.6   	-81.42  
134     	-81.39  
134.4   	-81.36  
134.8   	-81.33  
135.2   	-81.31  
135.6   	-81.29  
136     	-81.27  
136.4   	-81.25  
136.8   	-81.23  
137.2   	-81.2   
137.6   	-81.18  
138     	-81.15  
138.4   	-81.13  
138.8   	-81.11  
139.2   	-81.09  
139.6   	-81.08  
140     	-81.06  
140.4   	-80.98  
140.8   	-80.68  
141.2   	-79.86  
141.6   	-77.25  
142     	-67.14  
142.4   	-28.7   
142.8   	43.59   
143.2   	35.25   
143.6   	18.96   
144     	1.06    
144.4   	-16.65  
144.8   	-35.43  
145.2   	-52.92  
145.6   	-64.8   
146     	-71.56  
146.4   	-75.32  
146.8   	-77.45  
147.2   	-78.71  
147.6   	-79.49  
148     	-79.99  
148.4   	-80.33  
148.8   	-80.56  
149.2   	-80.73  
149.6   	-80.86  
150     	-80.95  
150.4   	-81.02  
150.8   	-81.07  
151.2   	-81.1   
151.6   	-81.12  
152     	-81.12  
152.4   	-81.12  
152.8   	-81.11  
153.2   	-81.1   
153.6   	-81.08  
154     	-81.06  
154.4   	-81.04  
154.8   	-81.02  
155.2   	-81.01  
155.6   	-81     
156     	-80.99  
156.4   	-80.98  
156.8   	-80.98  
157.2   	-80.98  
157.6   	-80.98  
158     	-80.98  
158.4   	-80.98  
158.8   	-80.98  
159.2   	-80.97  
159.6   	-80.96  
160     	-80.94  
160.4   	-80.92  
160.8   	-80.9   
161.2   	-80.88  
161.6   	-80.86  
162     	-80.84  
162.4   	-80.82  
162.8   	-80.79  
163.2   	-80.65  
163.6   	-80.18  
164     	-78.87  
164.4   	-74     
164.8   	-55.07  
165.2   	28.13   
165.6   	41.64   
166     	28.1    
166.4   	10.64   
166.8   	-7.141  
167.2   	-25.23  
167.6   	-44     
168     	-59.22  
168.4   	-68.44  
168.8   	-73.59  
169.2   	-76.47  
169.6   	-78.14  
170     	-79.14  
170.4   	-79.77  
170.8   	-80.17  
171.2   	-80.45  
171.6   	-80.64  
172     	-80.78  
172.4   	-80.88  
172.8   	-80.94  
173.2   	-80.99  
173.6   	-81.02  
174     	-81.03  
174.4   	-81.04  
174.8   	-81.04  
175.2   	-81.03  
175.6   	-81.01  
176     	-80.99  
176.4   	-80.96  
176.8   	-80.92  
177.2   	-80.89  
177.6   	-80.84  
178     	-80.68  
178.4   	-80.18  
178.8   	-78.81  
179.2   	-73.66  
179.6   	-53.76  
180     	31.13   
180.4   	41.27   
180.8   	27.47   
181.2   	9.954   
181.6   	-7.821  
182     	-25.97  
182.4   	-44.72  
182.8   	-59.71  
183.2   	-68.73  
183.6   	-73.76  
184     	-76.58  
184.4   	-78.22  
184.8   	-79.21  
185.2   	-79.85  
185.6   	-80.28  
186     	-80.58  
186.4   	-80.8   
186.8   	-80.96  
187.2   	-81.09  
187.6   	-81.18  
188     	-81.26  
188.4   	-81.32  
188.8   	-81.37  
189.2   	-81.41  
189.6   	-81.44  
190     	-81.46  
190.4   	-81.47  
190.8   	-81.47  
191.2   	-81.46  
191.6   	-81.45  
192     	-81.42  
192.4   	-81.31  
192.8   	-80.91  
193.2   	-79.89  
193.6   	-76.51  
194     	-63.61  
194.4   	-12.33  
194.8   	43.44   
195.2   	32.72   
195.6   	15.92   
196     	-1.957  
196.4   	-19.73  
196.8   	-38.59  
197.2   	-55.34  
197.6   	-66.21  
198     	-72.34  
198.4   	-75.75  
198.8   	-77.7   
199.2   	-78.86  
199.6   	-79.57  
200     	-80.03  
200.4   	-80.33  
200.8   	-80.54  
201.2   	-80.69  
201.6   	-80.79  
202     	-80.87  
202.4   	-80.92  
202.8   	-80.96  
203.2   	-81     
203.6   	-81.02  
204     	-81.04  
204.4   	-81.06  
204.8   	-81.08  
205.2   	-81.09  
205.6   	-81.11  
206     	-81.12  
206.4   	-81.14  
206.8   	-81.16  
207.2   	-81.18  
207.6   	-81.2   
208     	-81.22  
208.4   	-81.25  
208.8   	-81.27  
209.2   	-81.29  
209.6   	-81.31  
210     	-81.32  
210.4   	-81.34  
210.8   	-81.35  
211.2   	-81.36  
211.6   	-81.37  
212     	-81.38  
212.4   	-81.39  
212.8   	-81.39  
213.2   	-81.39  
213.6   	-81.4   
214     	-81.4   
214.4   	-81.41  
214.8   	-81.41  
215.2   	-81.41  
215.6   	-81.4   
216     	-81.38  
216.4   	-81.36  
216.8   	-81.33  
217.2   	-81.3   
217.6   	-81.27  
218     	-81.24  
218.4   	-81.21  
218.8   	-81.18  
219.2   	-81.15  
219.6   	-81.11  
220     	-81.08  
220.4   	-81.04  
220.8   	-81.01  
221.2   	-80.97  
221.6   	-80.93  
222     	-80.89  
222.4   	-80.85  
222.8   	-80.82  
223.2   	-80.78  
223.6   	-80.75  
224     	-80.73  
224.4   	-80.7   
224.8   	-80.68  
225.2   	-80.66  
225.6   	-80.64  
226     	-80.62  
226.4   	-80.61  
226.8   	-80.61  
227.2   	-80.61  
227.6   	-80.61  
228     	-80.61  
228.4   	-80.62  
228.8   	-80.63  
229.2   	-80.64  
229.6   	-80.64  
230     	-80.63  
230.4   	-80.62  
230.8   	-80.6   
231.2   	-80.52  
231.6   	-80.19  
232     	-79.28  
232.4   	-76.11  
232.8   	-63.6   
233.2   	-12.85  
233.6   	43.52   
234     	32.82   
234.4   	16.01   
234.8   	-1.871  
235.2   	-19.64  
235.6   	-38.51  
236     	-55.3   
236.4   	-66.2   
236.8   	-72.34  
237.2   	-75.77  
237.6   	-77.73  
238     	-78.89  
238.4   	-79.62  
238.8   	-80.1   
239.2   	-80.42  
239.6   	-80.65  
240     	-80.82  
240.4   	-80.94  
240.8   	-81.01  
241.2   	-81.07  
241.6   	-81.11  
242     	-81.15  
242.4   	-81.17  
242.8   	-81.19  
243.2   	-81.2   
243.6   	-81.21  
244     	-81.22  
244.4   	-81.23  
244.8   	-81.24  
245.2   	-81.24  
245.6   	-81.25  
246     	-81.24  
246.4   	-81.24  
246.8   	-81.23  
247.2   	-81.23  
247.6   	-81.23  
248     	-81.23  
248.4   	-81.23  
248.8   	-81.23  
249.2   	-81.24  
249.6   	-81.25  
250     	-81.26  
250.4   	-81.27  
250.8   	-81.27  
251.2   	-81.27  
251.6   	-81.25  
252     	-81.24  
252.4   	-81.22  
252.8   	-81.2   
253.2   	-81.19  
253.6   	-81.17  
254     	-81.14  
254.4   	-81.11  
254.8   	-81.08  
255.2   	-81.05  
255.6   	-81.02  
256     	-81     
256.4   	-80.98  
256.8   	-80.96  
257.2   	-80.94  
257.6   	-80.92  
258     	-80.91  
258.4   	-80.91  
258.8   	-80.9   
259.2   	-80.89  
259.6   	-80.89  
260     	-80.89  
260.4   	-80.89  
260.8   	-80.88  
261.2   	-80.87  
261.6   	-80.85  
262     	-80.83  
262.4   	-80.81  
262.8   	-80.79  
263.2   	-80.77  
263.6   	-80.75  
264     	-80.73  
264.4   	-80.72  
264.8   	-80.7   
265.2   	-80.69  
265.6   	-80.68  
266     	-80.68  
266.4   	-80.67  
266.8   	-80.66  
267.2   	-80.65  
267.6   	-80.65  
268     	-80.65  
268.4   	-80.64  
268.8   	-80.64  
269.2   	-80.64  
269.6   	-80.65  
270     	-80.66  
270.4   	-80.67  
270.8   	-80.68  
271.2   	-80.7   
271.6   	-80.73  
272     	-80.76  
272.4   	-80.79  
272.8   	-80.82  
273.2   	-80.86  
273.6   	-80.9   
274     	-80.93  
274.4   	-80.95  
274.8   	-80.96  
275.2   	-80.98  
275.6   	-80.99  
276     	-81     
276.4   	-81.01  
276.8   	-81.02  
277.2   	-81.03  
277.6   	-81.05  
278     	-81.07  
278.4   	-81.09  
278.8   	-81.12  
279.2   	-81.15  
279.6   	-81.18  
280     	-81.21  
280.4   	-81.23  
280.8   	-81.26  
281.2   	-81.28  
281.6   	-81.31  
282     	-81.33  
282.4   	-81.35  
282.8   	-81.38  
283.2   	-81.41  
283.6   	-81.44  
284     	-81.47  
284.4   	-81.5   
284.8   	-81.52  
285.2   	-81.54  
285.6   	-81.55  
286     	-81.55  
286.4   	-81.54  
286.8   	-81.54  
287.2   	-81.53  
287.6   	-81.52  
288     	-81.52  
288.4   	-81.51  
288.8   	-81.51  
289.2   	-81.5   
289.6   	-81.49  
290     	-81.48  
290.4   	-81.48  
290.8   	-81.47  
291.2   	-81.46  
291.6   	-81.46  
292     	-81.44  
292.4   	-81.42  
292.8   	-81.4   
293.2   	-81.37  
293.6   	-81.35  
294     	-81.33  
294.4   	-81.31  
294.8   	-81.29  
295.2   	-81.27  
295.6   	-81.25  
296     	-81.23  
296.4   	-81.22  
296.8   	-81.21  
297.2   	-81.2   
297.6   	-81.2   
298     	-81.2   
298.4   	-81.2   
298.8   	-81.21  
299.2   	-81.23  
299.6   	-81.25  
300     	-81.26  
300.4   	-81.28  
300.8   	-81.29  
301.2   	-81.31  
301.6   	-81.33  
302     	-81.34  
302.4   	-81.35  
302.8   	-81.35  
303.2   	-81.35  
303.6   	-81.34  
304     	-81.3   
304.4   	-81.1   
304.8   	-80.48  
305.2   	-78.77  
305.6   	-72.31  
306     	-48.05  
306.4   	38.49   
306.8   	39.7    
307.2   	24.95   
307.6   	7.253   
308     	-10.45  
308.4   	-28.79  
308.8   	-47.27  
309.2   	-61.35  
309.6   	-69.64  
310     	-74.26  
310.4   	-76.86  
310.8   	-78.38  
311.2   	-79.31  
311.6   	-79.9   
312     	-80.31  
312.4   	-80.59  
312.8   	-80.8   
313.2   	-80.95  
313.6   	-81.08  
314     	-81.17  
314.4   	-81.24  
314.8   	-81.29  
315.2   	-81.33  
315.6   	-81.35  
316     	-81.37  
316.4   	-81.38  
316.8   	-81.38  
317.2   	-81.39  
317.6   	-81.39  
318     	-81.38  
318.4   	-81.37  
318.8   	-81.36  
319.2   	-81.35  
319.6   	-81.34  
320     	-81.34  
320.4   	-81.33  
320.8   	-81.32  
321.2   	-81.32  
321.6   	-81.32  
322     	-81.33  
322.4   	-81.33  
322.8   	-81.34  
323.2   	-81.36  
323.6   	-81.37  
324     	-81.39  
324.4   	-81.39  
324.8   	-81.39  
325.2   	-81.38  
325.6   	-81.36  
326     	-81.34  
326.4   	-81.32  
326.8   	-81.29  
327.2   	-81.27  
327.6   	-81.24  
328     	-81.22  
328.4   	-81.19  
328.8   	-81.15  
329.2   	-80.96  
329.6   	-80.41  
330     	-78.87  
330.4   	-73.09  
330.8   	-51.12  
331.2   	35.48   
331.6   	40.58   
332     	26.3    
332.4   	8.684   
332.8   	-9.067  
333.2   	-27.32  
333.6   	-45.97  
334     	-60.54  
334.4   	-69.2   
334.8   	-74.02  
335.2   	-76.73  
335.6   	-78.32  
336     	-79.28  
336.4   	-79.9   
336.8   	-80.32  
337.2   	-80.6   
337.6   	-80.8   
338     	-80.94  
338.4   	-81.06  
338.8   	-81.15  
339.2   	-81.22  
339.6   	-81.27  
340     	-81.31  
340.4   	-81.32  
340.8   	-81.33  
341.2   	-81.32  
341.6   	-81.32  
342     	-81.31  
342.4   	-81.3   
342.8   	-81.28  
343.2   	-81.27  
343.6   	-81.26  
344     	-81.25  
344.4   	-81.23  
344.8   	-81.22  
345.2   	-81.18  
345.6   	-81.05  
346     	-80.6   
346.4   	-79.43  
346.8   	-75.33  
347.2   	-59.45  
347.6   	10.83   
348     	42.76   
348.4   	30.38   
348.8   	13.19   
349.2   	-4.661  
349.6   	-22.59  
350     	-41.48  
350.4   	-57.49  
350.8   	-67.46  
351.2   	-73.05  
351.6   	-76.16  
352     	-77.96  
352.4   	-79.04  
352.8   	-79.72  
353.2   	-80.17  
353.6   	-80.48  
354     	-80.7   
354.4   	-80.86  
354.8   	-80.99  
355.2   	-81.08  
355.6   	-81.15  
356     	-81.2   
356.4   	-81.23  
356.8   	-81.24  
357.2   	-81.24  
357.6   	-81.23  
358     	-81.2   
358.4   	-81.18  
358.8   	-81.14  
359.2   	-81.1   
359.6   	-81.03  
360     	-80.81  
360.4   	-80.18  
360.8   	-78.37  
361.2   	-71.45  
361.6   	-45.38  
362     	40.22   
362.4   	38.94   
362.8   	23.87   
363.2   	6.116   
363.6   	-11.57  
364     	-30.02  
364.4   	-48.38  
364.8   	-62.05  
365.2   	-70.04  
365.6   	-74.48  
366     	-76.98  
366.4   	-78.44  
366.8   	-79.32  
367.2   	-79.89  
367.6   	-80.26  
368     	-80.52  
368.4   	-80.71  
368.8   	-80.84  
369.2   	-80.94  
369.6   	-81.02  
370     	-81.08  
370.4   	-81.12  
370.8   	-81.15  
371.2   	-81.16  
371.6   	-81.16  
372     	-81.16  
372.4   	-81.15  
372.8   	-81.15  
373.2   	-81.14  
373.6   	-81.13  
374     	-81.12  
374.4   	-81.1   
374.8   	-81.07  
375.2   	-81.04  
375.6   	-81     
376     	-80.97  
376.4   	-80.94  
376.8   	-80.91  
377.2   	-80.88  
377.6   	-80.86  
378     	-80.83  
378.4   	-80.81  
378.8   	-80.78  
379.2   	-80.75  
379.6   	-80.72  
380     	-80.69  
380.4   	-80.67  
380.8   	-80.64  
381.2   	-80.61  
381.6   	-80.56  
382     	-80.39  
382.4   	-79.83  
382.8   	-78.21  
383.2   	-71.86  
383.6   	-47.48  
384     	38.91   
384.4   	39.54   
384.8   	24.7    
385.2   	6.983   
385.6   	-10.71  
386     	-29.07  
386.4   	-47.53  
386.8   	-61.52  
387.2   	-69.73  
387.6   	-74.31  
388     	-76.88  
388.4   	-78.38  
388.8   	-79.3   
389.2   	-79.89  
389.6   	-80.27  
390     	-80.53  
390.4   	-80.71  
390.8   	-80.85  
391.2   	-80.95  
391.6   	-81.02  
392     	-81.08  
392.4   	-81.13  
392.8   	-81.17  
393.2   	-81.2   
393.6   	-81.23  
394     	-81.26  
394.4   	-81.29  
394.8   	-81.3   
395.2   	-81.31  
395.6   	-81.32  
396     	-81.33  
396.4   	-81.34  
396.8   	-81.34  
397.2   	-81.35  
397.6   	-81.35  
398     	-81.35  
398.4   	-81.35  
398.8   	-81.35  
399.2   	-81.34  
399.6   	-81.33  
400     	-81.31  
400.4   	-81.29  
400.8   	-81.27  
401.2   	-81.25  
401.6   	-81.22  
402     	-81.19  
402.4   	-81.16  
402.8   	-81.12  
403.2   	-81.06  
403.6   	-80.84  
404     	-80.2   
404.4   	-78.35  
404.8   	-71.25  
405.2   	-44.51  
405.6   	40.75   
406     	38.76   
406.4   	23.59   
406.8   	5.813   
407.2   	-11.88  
407.6   	-30.35  
408     	-48.67  
408.4   	-62.24  
408.8   	-70.14  
409.2   	-74.54  
409.6   	-77.03  
410     	-78.48  
410.4   	-79.37  
410.8   	-79.95  
411.2   	-80.34  
411.6   	-80.61  
412     	-80.81  
412.4   	-80.96  
412.8   	-81.07  
413.2   	-81.16  
413.6   	-81.24  
414     	-81.29  
414.4   	-81.34  
414.8   	-81.37  
415.2   	-81.4   
415.6   	-81.43  
416     	-81.45  
416.4   	-81.47  
416.8   	-81.49  
417.2   	-81.5   
417.6   	-81.5   
418     	-81.49  
418.4   	-81.47  
418.8   	-81.46  
419.2   	-81.44  
419.6   	-81.42  
420     	-81.41  
420.4   	-81.39  
420.8   	-81.36  
421.2   	-81.34  
421.6   	-81.32  
422     	-81.3   
422.4   	-81.29  
422.8   	-81.27  
423.2   	-81.26  
423.6   	-81.25  
424     	-81.23  
424.4   	-81.2   
424.8   	-81.16  
425.2   	-81.12  
425.6   	-81.07  
426     	-81.02  
426.4   	-80.98  
426.8   	-80.94  
427.2   	-80.91  
427.6   	-80.88  
428     	-80.85  
428.4   	-80.82  
428.8   	-80.79  
429.2   	-80.77  
429.6   	-80.75  
430     	-80.74  
430.4   	-80.73  
430.8   	-80.71  
431.2   	-80.69  
431.6   	-80.67  
432     	-80.65  
432.4   	-80.62  
432.8   	-80.6   
433.2   	-80.58  
433.6   	-80.56  
434     	-80.55  
434.4   	-80.53  
434.8   	-80.52  
435.2   	-80.51  
435.6   	-80.51  
436     	-80.5   
436.4   	-80.49  
436.8   	-80.48  
437.2   	-80.48  
437.6   	-80.48  
438     	-80.48  
438.4   	-80.49  
438.8   	-80.51  
439.2   	-80.52  
439.6   	-80.54  
440     	-80.56  
440.4   	-80.59  
440.8   	-80.62  
441.2   	-80.65  
441.6   	-80.68  
442     	-80.72  
442.4   	-80.76  
442.8   	-80.81  
443.2   	-80.85  
443.6   	-80.89  
444     	-80.93  
444.4   	-80.96  
444.8   	-80.98  
445.2   	-81.01  
445.6   	-81.03  
446     	-81.06  
446.4   	-81.09  
446.8   	-81.13  
447.2   	-81.16  
447.6   	-81.2   
448     	-81.24  
448.4   	-81.28  
448.8   	-81.32  
449.2   	-81.37  
449.6   	-81.41  
450     	-81.46  
450.4   	-81.5   
450.8   	-81.55  
451.2   	-81.59  
451.6   	-81.63  
452     	-81.68  
452.4   	-81.72  
452.8   	-81.77  
453.2   	-81.81  
453.6   	-81.86  
454     	-81.9   
454.4   	-81.95  
454.8   	-81.99  
455.2   	-82.03  
455.6   	-82.06  
456     	-82.08  
456.4   	-82.11  
456.8   	-82.13  
457.2   	-82.15  
457.6   	-82.17  
458     	-82.18  
458.4   	-82.2   
458.8   	-82.2   
459.2   	-82.2   
459.6   	-82.19  
460     	-82.16  
460.4   	-82.13  
460.8   	-82.1   
461.2   	-82.07  
461.6   	-82.04  
462     	-82.02  
462.4   	-82     
462.8   	-81.98  
463.2   	-81.95  
463.6   	-81.93  
464     	-81.91  
464.4   	-81.9   
464.8   	-81.89  
465.2   	-81.88  
465.6   	-81.88  
466     	-81.87  
466.4   	-81.86  
466.8   	-81.85  
467.2   	-81.84  
467.6   	-81.82  
468     	-81.8   
468.4   	-81.78  
468.8   	-81.74  
469.2   	-81.71  
469.6   	-81.67  
470     	-81.61  
470.4   	-81.56  
470.8   	-81.49  
471.2   	-81.42  
471.6   	-81.29  
472     	-80.94  
472.4   	-80.03  
472.8   	-77.11  
473.2   	-65.96  
473.6   	-23.33  
474     	43.69   
474.4   	34.35   
474.8   	17.85   
475.2   	-0.05203
475.6   	-17.78  
476     	-36.62  
476.4   	-53.86  
476.8   	-65.35  
477.2   	-71.87  
477.6   	-75.49  
478     	-77.55  
478.4   	-78.77  
478.8   	-79.53  
479.2   	-80.02  
479.6   	-80.35  
480     	-80.58  
480.4   	-80.74  
480.8   	-80.85  
481.2   	-80.92  
481.6   	-80.98  
482     	-81.01  
482.4   	-81.04  
482.8   	-81.06  
483.2   	-81.07  
483.6   	-81.07  
484     	-81.08  
484.4   	-81.08  
484.8   	-81.07  
485.2   	-81.07  
485.6   	-81.06  
486     	-81.06  
486.4   	-81.05  
486.8   	-81.05  
487.2   	-81.05  
487.6   	-81.05  
488     	-81.06  
488.4   	-81.06  
488.8   	-81.06  
489.2   	-81.05  
489.6   	-81.03  
490     	-81.01  
490.4   	-81     
490.8   	-80.99  
491.2   	-80.98  
491.6   	-80.97  
492     	-80.97  
492.4   	-80.96  
492.8   	-80.95  
493.2   	-80.93  
493.6   	-80.92  
494     	-80.91  
494.4   	-80.9   
494.8   	-80.89  
495.2   	-80.89  
495.6   	-80.89  
496     	-80.9   
496.4   	-80.9   
496.8   	-80.91  
497.2   	-80.91  
497.6   	-80.9   
498     	-80.9   
498.4   	-80.89  
498.8   	-80.88  
499.2   	-80.87  
499.6   	-80.86  
500     	-80.82  
500.4   	-80.67  
500.8   	-80.2   
501.2   	-78.87  
501.6   	-73.93  
502     	-54.74  
502.4   	29.01   
502.8   	41.55   
503.2   	27.94   
503.6   	10.47   
504     	-7.31   
504.4   	-25.41  
504.8   	-44.17  
505.2   	-59.33  
505.6   	-68.49  
506     	-73.6   
506.4   	-76.46  
506.8   	-78.11  
507.2   	-79.1   
507.6   	-79.72  
508     	-80.12  
508.4   	-80.4   
508.8   	-80.58  
509.2   	-80.71  
509.6   	-80.8   
510     	-80.86  
510.4   	-80.9   
510.8   	-80.92  
511.2   	-80.93  
511.6   	-80.93  
512     	-80.92  
512.4   	-80.92  
512.8   	-80.91  
513.2   	-80.9   
513.6   	-80.88  
514     	-80.86  
514.4   	-80.82  
514.8   	-80.78  
515.2   	-80.74  
515.6   	-80.69  
516     	-80.63  
516.4   	-80.57  
516.8   	-80.52  
517.2   	-80.46  
517.6   	-80.42  
518     	-80.38  
518.4   	-80.34  
518.8   	-80.31  
519.2   	-80.29  
519.6   	-80.28  
520     	-80.27  
520.4   	-80.27  
520.8   	-80.27  
521.2   	-80.28  
521.6   	-80.3   
522     	-80.31  
522.4   	-80.32  
522.8   	-80.33  
523.2   	-80.35  
523.6   	-80.37  
524     	-80.4   
524.4   	-80.43  
524.8   	-80.46  
525.2   	-80.5   
525.6   	-80.53  
526     	-80.55  
526.4   	-80.57  
526.8   	-80.59  
527.2   	-80.6   
527.6   	-80.6   
528     	-80.59  
528.4   	-80.58  
528.8   	-80.58  
529.2   	-80.57  
529.6   	-80.57  
530     	-80.57  
530.4   	-80.58  
530.8   	-80.59  
531.2   	-80.6   
531.6   	-80.62  
532     	-80.65  
532.4   	-80.68  
532.8   	-80.71  
533.2   	-80.75  
533.6   	-80.78  
534     	-80.82  
534.4   	-80.87  
534.8   	-80.91  
535.2   	-80.95  
535.6   	-80.99  
536     	-81.04  
536.4   	-81.09  
536.8   	-81.13  
537.2   	-81.17  
537.6   	-81.2   
538     	-81.23  
538.4   	-81.26  
538.8   	-81.29  
539.2   	-81.32  
539.6   	-81.33  
540     	-81.34  
540.4   	-81.35  
540.8   	-81.34  
541.2   	-81.34  
541.6   	-81.33  
542     	-81.33  
542.4   	-81.33  
542.8   	-81.32  
543.2   	-81.31  
543.6   	-81.29  
544     	-81.27  
544.4   	-81.25  
544.8   	-81.23  
545.2   	-81.2   
545.6   	-81.18  
546     	-81.15  
546.4   	-81.13  
546.8   	-81.11  
547.2   	-81.1   
547.6   	-81.09  
548     	-81.09  
548.4   	-81.09  
548.8   	-81.09  
549.2   	-81.09  
549.6   	-81.1   
550     	-81.11  
550.4   	-81.12  
550.8   	-81.14  
551.2   	-81.15  
551.6   	-81.17  
552     	-81.18  
552.4   	-81.18  
552.8   	-81.18  
553.2   	-81.18  
553.6   	-81.17  
554     	-81.15  
554.4   	-81.12  
554.8   	-81.09  
555.2   	-81.06  
555.6   	-81.02  
556     	-80.98  
556.4   	-80.93  
556.8   	-80.84  
557.2   	-80.53  
557.6   	-79.7   
558     	-77.01  
558.4   	-66.54  
558.8   	-26.32  
559.2   	43.67   
559.6   	34.83   
560     	18.44   
560.4   	0.5365  
560.8   	-17.19  
561.2   	-36     
561.6   	-53.39  
562     	-65.09  
562.4   	-71.73  
562.8   	-75.43  
563.2   	-77.54  
563.6   	-78.79  
564     	-79.56  
564.4   	-80.06  
564.8   	-80.39  
565.2   	-80.63  
565.6   	-80.79  
566     	-80.92  
566.4   	-81.02  
566.8   	-81.1   
567.2   	-81.16  
567.6   	-81.22  
568     	-81.26  
568.4   	-81.29  
568.8   	-81.32  
569.2   	-81.33  
569.6   	-81.35  
570     	-81.36  
570.4   	-81.37  
570.8   	-81.37  
571.2   	-81.37  
571.6   	-81.36  
572     	-81.36  
572.4   	-81.35  
572.8   	-81.35  
573.2   	-81.35  
573.6   	-81.34  
574     	-81.35  
574.4   	-81.35  
574.8   	-81.35  
575.2   	-81.34  
575.6   	-81.34  
576     	-81.32  
576.4   	-81.28  
576.8   	-81.1   
577.2   	-80.53  
577.6   	-78.98  
578     	-73.2   
578.4   	-51.3   
578.8   	35.25   
579.2   	40.63   
579.6   	26.38   
580     	8.768   
580.4   	-8.985  
580.8   	-27.23  
581.2   	-45.89  
581.6   	-60.49  
582     	-69.17  
582.4   	-74.01  
582.8   	-76.74  
583.2   	-78.33  
583.6   	-79.3   
584     	-79.93  
584.4   	-80.35  
584.8   	-80.65  
585.2   	-80.88  
585.6   	-81.05  
586     	-81.19  
586.4   	-81.3   
586.8   	-81.38  
587.2   	-81.45  
587.6   	-81.5   
588     	-81.54  
588.4   	-81.57  
588.8   	-81.58  
589.2   	-81.51  
589.6   	-81.17  
590     	-80.3   
590.4   	-77.67  
590.8   	-67.82  
591.2   	-31.2   
591.6   	43.3    
592     	35.61   
592.4   	19.46   
592.8   	1.577   
593.2   	-16.12  
593.6   	-34.87  
594     	-52.47  
594.4   	-64.54  
594.8   	-71.43  
595.2   	-75.27  
595.6   	-77.46  
596     	-78.76  
596.4   	-79.57  
596.8   	-80.09  
597.2   	-80.45  
597.6   	-80.69  
598     	-80.87  
598.4   	-81     
598.8   	-81.09  
599.2   	-81.17  
599.6   	-81.23  
600     	-81.28  
600.4   	-81.32  
600.8   	-81.36  
601.2   	-81.39  
601.6   	-81.41  
602     	-81.42  
602.4   	-81.43  
602.8   	-81.44  
603.2   	-81.44  
603.6   	-81.43  
604     	-81.42  
604.4   	-81.41  
604.8   	-81.4   
605.2   	-81.39  
605.6   	-81.38  
606     	-81.38  
606.4   	-81.38  
606.8   	-81.38  
607.2   	-81.39  
607.6   	-81.4   
608     	-81.41  
608.4   	-81.42  
608.8   	-81.42  
609.2   	-81.41  
609.6   	-81.4   
610     	-81.4   
610.4   	-81.39  
610.8   	-81.39  
611.2   	-81.4   
611.6   	-81.4   
612     	-81.41  
612.4   	-81.42  
612.8   	-81.43  
613.2   	-81.45  
613.6   	-81.46  
614     	-81.46  
614.4   	-81.47  
614.8   	-81.48  
615.2   	-81.49  
615.6   	-81.49  
616     	-81.5   
616.4   	-81.49  
616.8   	-81.47  
617.2   	-81.45  
617.6   	-81.43  
618     	-81.41  
618.4   	-81.39  
618.8   	-81.36  
619.2   	-81.31  
619.6   	-81.26  
620     	-81.21  
620.4   	-81.17  
620.8   	-81.12  
621.2   	-81.07  
621.6   	-81.03  
622     	-80.99  
622.4   	-80.95  
622.8   	-80.86  
623.2   	-80.53  
623.6   	-79.68  
624     	-76.88  
624.4   	-66.01  
624.8   	-24.04  
625.2   	43.7    
625.6   	34.46   
626     	17.98   
626.4   	0.06934 
626.8   	-17.67  
627.2   	-36.51  
627.6   	-53.8   
628     	-65.33  
628.4   	-71.87  
628.8   	-75.51  
629.2   	-77.59  
629.6   	-78.82  
630     	-79.59  
630.4   	-80.1   
630.8   	-80.44  
631.2   	-80.68  
631.6   	-80.85  
632     	-80.97  
632.4   	-81.06  
632.8   	-81.13  
633.2   	-81.18  
633.6   	-81.23  
634     	-81.26  
634.4   	-81.29  
634.8   	-81.32  
635.2   	-81.34  
635.6   	-81.36  
636     	-81.37  
636.4   	-81.39  
636.8   	-81.39  
637.2   	-81.39  
637.6   	-81.4   
638     	-81.4   
638.4   	-81.4   
638.8   	-81.39  
639.2   	-81.39  
639.6   	-81.38  
640     	-81.36  
640.4   	-81.35  
640.8   	-81.33  
641.2   	-81.31  
641.6   	-81.3   
642     	-81.28  
642.4   	-81.28  
642.8   	-81.27  
643.2   	-81.26  
643.6   	-81.25  
644     	-81.24  
644.4   	-81.23  
644.8   	-81.22  
645.2   	-81.21  
645.6   	-81.2   
646     	-81.19  
646.4   	-81.11  
646.8   	-80.78  
647.2   	-79.91  
647.6   	-77.1   
648     	-66.29  
648.4   	-24.93  
648.8   	43.69   
649.2   	34.61   
649.6   	18.16   
650     	0.2564  
650.4   	-17.48  
650.8   	-36.31  
651.2   	-53.63  
651.6   	-65.23  
652     	-71.81  
652.4   	-75.48  
652.8   	-77.56  
653.2   	-78.8   
653.6   	-79.58  
654     	-80.08  
654.4   	-80.42  
654.8   	-80.66  
655.2   	-80.84  
655.6   	-80.98  
656     	-81.09  
656.4   	-81.18  
656.8   	-81.26  
657.2   	-81.32  
657.6   	-81.38  
658     	-81.44  
658.4   	-81.49  
658.8   	-81.54  
659.2   	-81.58  
659.6   	-81.63  
660     	-81.67  
660.4   	-81.72  
660.8   	-81.76  
661.2   	-81.81  
661.6   	-81.85  
662     	-81.9   
662.4   	-81.94  
662.8   	-81.98  
663.2   	-82.02  
663.6   	-82.05  
664     	-82.07  
664.4   	-82.09  
664.8   	-82.11  
665.2   	-82.13  
665.6   	-82.15  
666     	-82.17  
666.4   	-82.18  
666.8   	-82.19  
667.2   	-82.19  
667.6   	-82.19  
668     	-82.19  
668.4   	-82.19  
668.8   	-82.19  
669.2   	-82.19  
669.6   	-82.2   
670     	-82.2   
670.4   	-82.21  
670.8   	-82.22  
671.2   	-82.23  
671.6   	-82.24  
672     	-82.25  
672.4   	-82.26  
672.8   	-82.27  
673.2   	-82.27  
673.6   	-82.27  
674     	-82.26  
674.4   	-82.26  
674.8   	-82.25  
675.2   	-82.24  
675.6   	-82.23  
676     	-82.23  
676.4   	-82.22  
676.8   	-82.22  
677.2   	-82.21  
677.6   	-82.2   
678     	-82.19  
678.4   	-82.19  
678.8   	-82.18  
679.2   	-82.18  
679.6   	-82.17  
680     	-82.16  
680.4   	-82.15  
680.8   	-82.14  
681.2   	-82.14  
681.6   	-82.13  
682     	-82.12  
682.4   	-82.11  
682.8   	-82.1   
683.2   	-82.08  
683.6   	-82.06  
684     	-82.03  
684.4   	-81.99  
684.8   	-81.95  
685.2   	-81.9   
685.6   	-81.85  
686     	-81.8   
686.4   	-81.74  
686.8   	-81.69  
687.2   	-81.65  
687.6   	-81.61  
688     	-81.57  
688.4   	-81.54  
688.8   	-81.5   
689.2   	-81.46  
689.6   	-81.42  
690     	-81.38  
690.4   	-81.34  
690.8   	-81.29  
691.2   	-81.24  
691.6   	-81.19  
692     	-81.13  
692.4   	-81.08  
692.8   	-81.03  
693.2   	-80.98  
693.6   	-80.93  
694     	-80.88  
694.4   	-80.84  
694.8   	-80.8   
695.2   	-80.77  
695.6   	-80.74  
696     	-80.71  
696.4   	-80.68  
696.8   	-80.64  
697.2   	-80.61  
697.6   	-80.57  
698     	-80.54  
698.4   	-80.51  
698.8   	-80.49  
699.2   	-80.47  
699.6   	-80.46  
700     	-80.45  
700.4   	-80.44  
700.8   	-80.43  
701.2   	-80.43  
701.6   	-80.42  
702     	-80.4   
702.4   	-80.39  
702.8   	-80.37  
703.2   	-80.35  
703.6   	-80.31  
704     	-80.12  
704.4   	-79.54  
704.8   	-77.72  
705.2   	-70.54  
705.6   	-42.91  
706     	41.46   
706.4   	38.37   
706.8   	23.02   
707.2   	5.207   
707.6   	-12.49  
708     	-31.01  
708.4   	-49.27  
708.8   	-62.62  
709.2   	-70.35  
709.6   	-74.65  
710     	-77.07  
710.4   	-78.49  
710.8   	-79.36  
711.2   	-79.91  
711.6   	-80.29  
712     	-80.54  
712.4   	-80.71  
712.8   	-80.83  
713.2   	-80.91  
713.6   	-80.98  
714     	-81.02  
714.4   	-81.06  
714.8   	-81.09  
715.2   	-81.11  
715.6   	-81.14  
716     	-81.15  
716.4   	-81.17  
716.8   	-81.18  
717.2   	-81.19  
717.6   	-81.2   
718     	-81.22  
718.4   	-81.23  
718.8   	-81.24  
719.2   	-81.25  
719.6   	-81.27  
720     	-81.28  
720.4   	-81.3   
720.8   	-81.31  
721.2   	-81.32  
721.6   	-81.33  
722     	-81.35  
722.4   	-81.36  
722.8   	-81.38  
723.2   	-81.39  
723.6   	-81.41  
724     	-81.41  
724.4   	-81.41  
724.8   	-81.41  
725.2   	-81.4   
725.6   	-81.38  
726     	-81.36  
726.4   	-81.33  
726.8   	-81.31  
727.2   	-81.28  
727.6   	-81.26  
728     	-81.24  
728.4   	-81.22  
728.8   	-81.2   
729.2   	-81.18  
729.6   	-81.16  
730     	-81.14  
730.4   	-81.13  
730.8   	-81.12  
731.2   	-81.11  
731.6   	-81.11  
732     	-81.1   
732.4   	-81.09  
732.8   	-81.08  
733.2   	-81.07  
733.6   	-81.05  
734     	-81.04  
734.4   	-81.03  
734.8   	-81.02  
735.2   	-81.01  
735.6   	-81     
736     	-81     
736.4   	-80.99  
736.8   	-80.99  
737.2   	-80.99  
737.6   	-81     
738     	-81.01  
738.4   	-81.02  
738.8   	-81.03  
739.2   	-81.05  
739.6   	-81.06  
740     	-81.07  
740.4   	-81.08  
740.8   	-81.09  
741.2   	-81.1   
741.6   	-81.1   
742     	-81.09  
742.4   	-81.08  
742.8   	-81.06  
743.2   	-81.03  
743.6   	-81.01  
744     	-80.98  
744.4   	-80.95  
744.8   	-80.93  
745.2   	-80.91  
745.6   	-80.89  
746     	-80.88  
746.4   	-80.86  
746.8   	-80.85  
747.2   	-80.84  
747.6   	-80.84  
748     	-80.84  
748.4   	-80.83  
748.8   	-80.83  
749.2   	-80.83  
749.6   	-80.83  
750     	-80.83  
750.4   	-80.84  
750.8   	-80.85  
751.2   	-80.87  
751.6   	-80.89  
752     	-80.91  
752.4   	-80.94  
752.8   	-80.97  
753.2   	-80.99  
753.6   	-81.02  
754     	-81.05  
754.4   	-81.07  
754.8   	-81.1   
755.2   	-81.12  
755.6   	-81.14  
756     	-81.16  
756.4   	-81.17  
756.8   	-81.17  
757.2   	-81.18  
757.6   	-81.18  
758     	-81.18  
758.4   	-81.18  
758.8   	-81.18  
759.2   	-81.18  
759.6   	-81.18  
760     	-81.17  
760.4   	-81.1   
760.8   	-80.79  
761.2   	-79.97  
761.6   	-77.38  
762     	-67.42  
762.4   	-29.72  
762.8   	43.54   
763.2   	35.43   
763.6   	19.19   
764     	1.294   
764.4   	-16.41  
764.8   	-35.18  
765.2   	-52.72  
765.6   	-64.69  
766     	-71.51  
766.4   	-75.31  
766.8   	-77.46  
767.2   	-78.73  
767.6   	-79.51  
768     	-80.02  
768.4   	-80.35  
768.8   	-80.59  
769.2   	-80.76  
769.6   	-80.87  
770     	-80.95  
770.4   	-81.01  
770.8   	-81.05  
771.2   	-81.07  
771.6   	-81.09  
772     	-81.11  
772.4   	-81.12  
772.8   	-81.13  
773.2   	-81.13  
773.6   	-81.13  
774     	-81.12  
774.4   	-81.11  
774.8   	-81.1   
775.2   	-81.09  
775.6   	-81.08  
776     	-81.06  
776.4   	-81.05  
776.8   	-81.03  
777.2   	-81.01  
777.6   	-80.99  
778     	-80.98  
778.4   	-80.97  
778.8   	-80.97  
779.2   	-80.97  
779.6   	-80.97  
780     	-80.97  
780.4   	-80.99  
780.8   	-81     
781.2   	-81.01  
781.6   	-81.03  
782     	-81.04  
782.4   	-81.05  
782.8   	-81.07  
783.2   	-81.07  
783.6   	-81.08  
784     	-81.07  
784.4   	-81.07  
784.8   	-81.06  
785.2   	-81.06  
785.6   	-81.06  
786     	-81.05  
786.4   	-81.05  
786.8   	-81.04  
787.2   	-81.03  
787.6   	-81.02  
788     	-81     
788.4   	-80.97  
788.8   	-80.93  
789.2   	-80.9   
789.6   	-80.86  
790     	-80.83  
790.4   	-80.81  
790.8   	-80.79  
791.2   	-80.77  
791.6   	-80.76  
792     	-80.76  
792.4   	-80.76  
792.8   	-80.76  
793.2   	-80.76  
793.6   	-80.77  
794     	-80.79  
794.4   	-80.8   
794.8   	-80.8   
795.2   	-80.79  
795.6   	-80.77  
796     	-80.74  
796.4   	-80.7   
796.8   	-80.66  
797.2   	-80.63  
797.6   	-80.6   
798     	-80.57  
798.4   	-80.55  
798.8   	-80.54  
799.2   	-80.53  
799.6   	-80.51  
800     	-80.49  
800.4   	-80.46  
800.8   	-80.43  
801.2   	-80.39  
801.6   	-80.36  
802     	-80.34  
802.4   	-80.32  
802.8   	-80.3   
803.2   	-80.29  
803.6   	-80.27  
804     	-80.25  
804.4   	-80.23  
804.8   	-80.22  
805.2   	-80.21  
805.6   	-80.2   
806     	-80.2   
806.4   	-80.2   
806.8   	-80.21  
807.2   	-80.22  
807.6   	-80.23  
808     	-80.24  
808.4   	-80.26  
808.8   	-80.27  
809.2   	-80.28  
809.6   	-80.29  
810     	-80.3   
810.4   	-80.3   
810.8   	-80.31  
811.2   	-80.31  
811.6   	-80.32  
812     	-80.33  
812.4   	-80.33  
812.8   	-80.34  
813.2   	-80.36  
813.6   	-80.37  
814     	-80.38  
814.4   	-80.4   
814.8   	-80.41  
815.2   	-80.42  
815.6   	-80.43  
816     	-80.45  
816.4   	-80.46  
816.8   	-80.47  
817.2   	-80.49  
817.6   	-80.5   
818     	-80.51  
818.4   	-80.51  
818.8   	-80.52  
819.2   	-80.53  
819.6   	-80.53  
820     	-80.42  
820.4   	-80     
820.8   	-78.8   
821.2   	-74.31  
821.6   	-56.69  
822     	22.95   
822.4   	42.07   
822.8   	28.9    
823.2   	11.52   
823.6   	-6.279  
824     	-24.3   
824.4   	-43.12  
824.8   	-58.63  
825.2   	-68.12  
825.6   	-73.43  
826     	-76.41  
826.4   	-78.13  
826.8   	-79.17  
827.2   	-79.84  
827.6   	-80.28  
828     	-80.6   
828.4   	-80.83  
828.8   	-81     
829.2   	-81.13  
829.6   	-81.24  
830     	-81.32  
830.4   	-81.39  
830.8   	-81.44  
831.2   	-81.47  
831.6   	-81.5   
832     	-81.51  
832.4   	-81.52  
832.8   	-81.53  
833.2   	-81.52  
833.6   	-81.5   
834     	-81.47  
834.4   	-81.43  
834.8   	-81.4   
835.2   	-81.36  
835.6   	-81.32  
836     	-81.29  
836.4   	-81.26  
836.8   	-81.24  
837.2   	-81.22  
837.6   	-81.2   
838     	-81.19  
838.4   	-81.17  
838.8   	-81.15  
839.2   	-81.13  
839.6   	-81.11  
840     	-81.09  
840.4   	-81.07  
840.8   	-81.05  
841.2   	-81     
841.6   	-80.82  
842     	-80.26  
842.4   	-78.68  
842.8   	-72.71  
843.2   	-49.94  
843.6   	36.82   
844     	40.25   
844.4   	25.78   
844.8   	8.126   
845.2   	-9.609  
845.6   	-27.9   
846     	-46.5   
846.4   	-60.88  
846.8   	-69.38  
847.2   	-74.12  
847.6   	-76.78  
848     	-78.34  
848.4   	-79.28  
848.8   	-79.88  
849.2   	-80.27  
849.6   	-80.54  
850     	-80.72  
850.4   	-80.85  
850.8   	-80.94  
851.2   	-81.01  
851.6   	-81.05  
852     	-81.09  
852.4   	-81.12  
852.8   	-81.14  
853.2   	-81.15  
853.6   	-81.15  
854     	-81.15  
854.4   	-81.14  
854.8   	-81.12  
855.2   	-81.11  
855.6   	-81.09  
856     	-81.08  
856.4   	-81.06  
856.8   	-81.04  
857.2   	-81.03  
857.6   	-81.02  
858     	-81.02  
858.4   	-81.02  
858.8   	-81.02  
859.2   	-81.02  
859.6   	-81.02  
860     	-81.02  
860.4   	-81.02  
860.8   	-81.03  
861.2   	-81.04  
861.6   	-81.05  
862     	-81.06  
862.4   	-81.08  
862.8   	-81.09  
863.2   	-81.11  
863.6   	-81.12  
864     	-81.14  
864.4   	-81.14  
864.8   	-81.14  
865.2   	-81.13  
865.6   	-81.12  
866     	-81.1   
866.4   	-81.08  
866.8   	-81.07  
867.2   	-81.05  
867.6   	-81.04  
868     	-81.03  
868.4   	-81.03  
868.8   	-81.03  
869.2   	-81.02  
869.6   	-81.02  
870     	-81.02  
870.4   	-81.02  
870.8   	-81.01  
871.2   	-81.01  
871.6   	-81     
872     	-81     
872.4   	-81     
872.8   	-81     
873.2   	-81     
873.6   	-81.01  
874     	-81.02  
874.4   	-81.03  
874.8   	-81.04  
875.2   	-81.06  
875.6   	-81.07  
876     	-81.1   
876.4   	-81.12  
876.8   	-81.13  
877.2   	-81.14  
877.6   	-81.14  
878     	-81.14  
878.4   	-81.13  
878.8   	-81.12  
879.2   	-81.11  
879.6   	-81.1   
880     	-81.08  
880.4   	-81.06  
880.8   	-81.05  
881.2   	-81.03  
881.6   	-81.02  
882     	-81     
882.4   	-80.99  
882.8   	-80.98  
883.2   	-80.97  
883.6   	-80.96  
884     	-80.95  
884.4   	-80.94  
884.8   	-80.93  
885.2   	-80.92  
885.6   	-80.92  
886     	-80.92  
886.4   	-80.91  
886.8   	-80.91  
887.2   	-80.9   
887.6   	-80.89  
888     	-80.88  
888.4   	-80.88  
888.8   	-80.87  
889.2   	-80.87  
889.6   	-80.88  
890     	-80.88  
890.4   	-80.89  
890.8   	-80.9   
891.2   	-80.91  
891.6   	-80.92  
892     	-80.93  
892.4   	-80.93  
892.8   	-80.94  
893.2   	-80.94  
893.6   	-80.95  
894     	-80.95  
894.4   	-80.95  
894.8   	-80.95  
895.2   	-80.95  
895.6   	-80.95  
896     	-80.96  
896.4   	-80.96  
896.8   	-80.97  
897.2   	-80.98  
897.6   	-80.99  
898     	-81.01  
898.4   	-81.03  
898.8   	-81.04  
899.2   	-81.06  
899.6   	-81.08  
900     	-81.09  
900.4   	-81.1   
900.8   	-81.11  
901.2   	-81.11  
901.6   	-81.11  
902     	-81.1   
902.4   	-81.08  
902.8   	-81.07  
903.2   	-81.03  
903.6   	-80.85  
904     	-80.3   
904.4   	-78.74  
904.8   	-72.82  
905.2   	-50.29  
905.6   	36.44   
906     	40.36   
906.4   	25.94   
906.8   	8.293   
907.2   	-9.444  
907.6   	-27.72  
908     	-46.32  
908.4   	-60.76  
908.8   	-69.3   
909.2   	-74.06  
909.6   	-76.73  
910     	-78.28  
910.4   	-79.22  
910.8   	-79.82  
911.2   	-80.22  
911.6   	-80.49  
912     	-80.68  
912.4   	-80.81  
912.8   	-80.91  
913.2   	-80.98  
913.6   	-81.03  
914     	-81.07  
914.4   	-81.1   
914.8   	-81.11  
915.2   	-81.11  
915.6   	-81.11  
916     	-81.1   
916.4   	-81.1   
916.8   	-81.08  
917.2   	-81.06  
917.6   	-81.03  
918     	-80.96  
918.4   	-80.7   
918.8   	-79.97  
919.2   	-77.76  
919.6   	-69.22  
920     	-37.14  
920.4   	42.8    
920.8   	36.94   
921.2   	21.13   
921.6   	3.265   
922     	-14.42  
922.4   	-33.08  
922.8   	-51.01  
923.2   	-63.68  
923.6   	-70.95  
924     	-74.99  
924.4   	-77.28  
924.8   	-78.63  
925.2   	-79.46  
925.6   	-79.99  
926     	-80.35  
926.4   	-80.61  
926.8   	-80.79  
927.2   	-80.93  
927.6   	-81.03  
928     	-81.1   
928.4   	-81.16  
928.8   	-81.2   
929.2   	-81.22  
929.6   	-81.24  
930     	-81.25  
930.4   	-81.26  
930.8   	-81.27  
931.2   	-81.27  
931.6   	-81.27  
932     	-81.26  
932.4   	-81.24  
932.8   	-81.22  
933.2   	-81.2   
933.6   	-81.18  
934     	-81.16  
934.4   	-81.14  
934.8   	-81.12  
935.2   	-81.11  
935.6   	-81.09  
936     	-81.08  
936.4   	-81.07  
936.8   	-81.05  
937.2   	-81.03  
937.6   	-81     
938     	-80.97  
938.4   	-80.93  
938.8   	-80.86  
939.2   	-80.63  
939.6   	-79.98  
940     	-78.01  
940.4   	-70.41  
940.8   	-41.68  
941.2   	41.87   
941.6   	38.06   
942     	22.61   
942.4   	4.784   
942.8   	-12.91  
943.2   	-31.47  
943.6   	-49.66  
944     	-62.86  
944.4   	-70.49  
944.8   	-74.74  
945.2   	-77.14  
945.6   	-78.54  
946     	-79.4   
946.4   	-79.95  
946.8   	-80.31  
947.2   	-80.55  
947.6   	-80.72  
948     	-80.83  
948.4   	-80.92  
948.8   	-80.98  
949.2   	-81.02  
949.6   	-81.05  
950     	-81.07  
950.4   	-81.08  
950.8   	-81.07  
951.2   	-81.06  
951.6   	-81.04  
952     	-81.01  
952.4   	-80.97  
952.8   	-80.92  
953.2   	-80.87  
953.6   	-80.81  
954     	-80.76  
954.4   	-80.71  
954.8   	-80.65  
955.2   	-80.6   
955.6   	-80.56  
956     	-80.52  
956.4   	-80.47  
956.8   	-80.41  
957.2   	-80.35  
957.6   	-80.23  
958     	-79.85  
958.4   	-78.79  
958.8   	-74.87  
959.2   	-59.28  
959.6   	11.27   
960     	42.76   
960.4   	30.33   
960.8   	13.13   
961.2   	-4.727  
961.6   	-22.67  
962     	-41.56  
962.4   	-57.55  
962.8   	-67.49  
963.2   	-73.05  
963.6   	-76.14  
964     	-77.92  
964.4   	-78.99  
964.8   	-79.66  
965.2   	-80.09  
965.6   	-80.38  
966     	-80.58  
966.4   	-80.71  
966.8   	-80.81  
967.2   	-80.88  
967.6   	-80.93  
968     	-80.97  
968.4   	-80.99  
968.8   	-81.01  
969.2   	-81.02  
969.6   	-81.02  
970     	-81     
970.4   	-80.98  
970.8   	-80.96  
971.2   	-80.93  
971.6   	-80.89  
972     	-80.82  
972.4   	-80.57  
972.8   	-79.87  
973.2   	-77.77  
973.6   	-69.6   
974     	-38.79  
974.4   	42.53   
974.8   	37.33   
975.2   	21.64   
975.6   	3.786   
976     	-13.9   
976.4   	-32.53  
976.8   	-50.56  
977.2   	-63.41  
977.6   	-70.79  
978     	-74.9   
978.4   	-77.22  
978.8   	-78.58  
979.2   	-79.41  
979.6   	-79.94  
980     	-80.28  
980.4   	-80.51  
980.8   	-80.67  
981.2   	-80.77  
981.6   	-80.83  
982     	-80.86  
982.4   	-80.87  
982.8   	-80.86  
983.2   	-80.84  
983.6   	-80.82  
984     	-80.78  
984.4   	-80.75  
984.8   	-80.7   
985.2   	-80.65  
985.6   	-80.59  
986     	-80.52  
986.4   	-80.45  
986.8   	-80.37  
987.2   	-80.29  
987.6   	-80.17  
988     	-79.83  
988.4   	-78.89  
988.8   	-75.48  
989.2   	-61.87  
989.6   	-3.75   
990     	43.26   
990.4   	31.79   
990.8   	14.81   
991.2   	-3.065  
991.6   	-20.91  
992     	-39.81  
992.4   	-56.29  
992.8   	-66.77  
993.2   	-72.67  
993.6   	-75.96  
994     	-77.84  
994.4   	-78.96  
994.8   	-79.67  
995.2   	-80.13  
995.6   	-80.44  
996     	-80.66  
996.4   	-80.82  
996.8   	-80.95  
997.2   	-81.04  
997.6   	-81.11  
998     	-81.16  
998.4   	-81.2   
998.8   	-81.23  
999.2   	-81.24  
999.6   	-81.25  
