
SWEPT_VAR_1 = 35.0    // Syn: Source PP \ NetStim \ PARAMETER \ interval (ms)

t	s.v( 0.05 )
ms	mV
0       	-64.65  
0.4     	-65.51  
0.8     	-66.35  
1.2     	-67.15  
1.6     	-67.92  
2       	-68.66  
2.4     	-69.37  
2.8     	-70.05  
3.2     	-70.7   
3.6     	-71.33  
4       	-71.92  
4.4     	-72.48  
4.8     	-72.99  
5.2     	-73.45  
5.6     	-73.87  
6       	-74.25  
6.4     	-74.6   
6.8     	-74.92  
7.2     	-75.22  
7.6     	-75.49  
8       	-75.74  
8.4     	-75.97  
8.8     	-76.18  
9.2     	-76.35  
9.6     	-76.37  
10      	-75.89  
10.4    	-73.55  
10.8    	-62.51  
11.2    	-11.81  
11.6    	43.58   
12      	32.63   
12.4    	15.74   
12.8    	-2.168  
13.2    	-19.97  
13.6    	-38.89  
14      	-55.66  
14.4    	-66.45  
14.8    	-72.49  
15.2    	-75.84  
15.6    	-77.75  
16      	-78.88  
16.4    	-79.57  
16.8    	-80.01  
17.2    	-80.3   
17.6    	-80.49  
18      	-80.62  
18.4    	-80.71  
18.8    	-80.76  
19.2    	-80.77  
19.6    	-80.76  
20      	-80.74  
20.4    	-80.7   
20.8    	-80.65  
21.2    	-80.59  
21.6    	-80.53  
22      	-80.47  
22.4    	-80.37  
22.8    	-80.08  
23.2    	-79.29  
23.6    	-76.68  
24      	-66.37  
24.4    	-26.43  
24.8    	43.58   
25.2    	34.77   
25.6    	18.38   
26      	0.4814  
26.4    	-17.24  
26.8    	-36.06  
27.2    	-53.43  
27.6    	-65.1   
28      	-71.72  
28.4    	-75.39  
28.8    	-77.48  
29.2    	-78.71  
29.6    	-79.46  
30      	-79.95  
30.4    	-80.26  
30.8    	-80.47  
31.2    	-80.61  
31.6    	-80.71  
32      	-80.76  
32.4    	-80.78  
32.8    	-80.68  
33.2    	-80.31  
33.6    	-79.38  
34      	-76.26  
34.4    	-64.3   
34.8    	-17.92  
35.2    	43.22   
35.6    	33.17   
36      	16.52   
36.4    	-1.352  
36.8    	-19.12  
37.2    	-37.97  
37.6    	-54.88  
38      	-65.94  
38.4    	-72.18  
38.8    	-75.66  
39.2    	-77.65  
39.6    	-78.83  
40      	-79.56  
40.4    	-80.03  
40.8    	-80.35  
41.2    	-80.57  
41.6    	-80.72  
42      	-80.81  
42.4    	-80.87  
42.8    	-80.9   
43.2    	-80.86  
43.6    	-80.62  
44      	-79.98  
44.4    	-78.17  
44.8    	-71.28  
45.2    	-45.59  
45.6    	39.64   
46      	38.75   
46.4    	23.76   
46.8    	6.033   
47.2    	-11.64  
47.6    	-30.07  
48      	-48.38  
48.4    	-62.02  
48.8    	-69.99  
49.2    	-74.41  
49.6    	-76.9   
50      	-78.34  
50.4    	-79.22  
50.8    	-79.77  
51.2    	-80.12  
51.6    	-80.36  
52      	-80.51  
52.4    	-80.62  
52.8    	-80.68  
53.2    	-80.72  
53.6    	-80.74  
54      	-80.75  
54.4    	-80.75  
54.8    	-80.72  
55.2    	-80.68  
55.6    	-80.54  
56      	-80.14  
56.4    	-79.13  
56.8    	-75.53  
57.2    	-61.44  
57.6    	-1.6    
58      	43.05   
58.4    	31.47   
58.8    	14.47   
59.2    	-3.393  
59.6    	-21.24  
60      	-40.12  
60.4    	-56.48  
60.8    	-66.85  
61.2    	-72.67  
61.6    	-75.91  
62      	-77.76  
62.4    	-78.86  
62.8    	-79.54  
63.2    	-79.96  
63.6    	-80.23  
64      	-80.4   
64.4    	-80.5   
64.8    	-80.56  
65.2    	-80.58  
65.6    	-80.57  
66      	-80.54  
66.4    	-80.49  
66.8    	-80.43  
67.2    	-80.35  
67.6    	-80.14  
68      	-79.58  
68.4    	-77.93  
68.8    	-71.45  
69.2    	-46.63  
69.6    	39.22   
70      	39.16   
70.4    	24.25   
70.8    	6.526   
71.2    	-11.16  
71.6    	-29.55  
72      	-47.93  
72.4    	-61.76  
72.8    	-69.85  
73.2    	-74.34  
73.6    	-76.87  
74      	-78.34  
74.4    	-79.23  
74.8    	-79.79  
75.2    	-80.15  
75.6    	-80.39  
76      	-80.55  
76.4    	-80.65  
76.8    	-80.71  
77.2    	-80.74  
77.6    	-80.74  
78      	-80.73  
78.4    	-80.71  
78.8    	-80.68  
79.2    	-80.64  
79.6    	-80.6   
80      	-80.56  
80.4    	-80.51  
80.8    	-80.47  
81.2    	-80.43  
81.6    	-80.4   
82      	-80.37  
82.4    	-80.34  
82.8    	-80.31  
83.2    	-80.29  
83.6    	-80.26  
84      	-80.22  
84.4    	-80.1   
84.8    	-79.65  
85.2    	-78.36  
85.6    	-73.32  
86      	-53.48  
86.4    	31.67   
86.8    	41.23   
87.2    	27.37   
87.6    	9.834   
88      	-7.94   
88.4    	-26.1   
88.8    	-44.84  
89.2    	-59.79  
89.6    	-68.76  
90      	-73.76  
90.4    	-76.55  
90.8    	-78.16  
91.2    	-79.13  
91.6    	-79.74  
92      	-80.14  
92.4    	-80.4   
92.8    	-80.58  
93.2    	-80.69  
93.6    	-80.76  
94      	-80.75  
94.4    	-80.55  
94.8    	-79.99  
95.2    	-78.5   
95.6    	-72.89  
96      	-51.77  
96.4    	33.5    
96.8    	40.39   
97.2    	26.35   
97.6    	8.792   
98      	-8.945  
98.4    	-27.18  
98.8    	-45.8   
99.2    	-60.39  
99.6    	-69.08  
100     	-73.91  
100.4   	-76.62  
100.8   	-78.18  
101.2   	-79.12  
101.6   	-79.71  
102     	-80.09  
102.4   	-80.34  
102.8   	-80.51  
103.2   	-80.62  
103.6   	-80.69  
104     	-80.72  
104.4   	-80.72  
104.8   	-80.69  
105.2   	-80.63  
105.6   	-80.53  
106     	-80.29  
106.4   	-79.67  
106.8   	-77.85  
107.2   	-70.72  
107.6   	-43.73  
108     	40.82   
108.4   	38.39   
108.8   	23.17   
109.2   	5.391   
109.6   	-12.29  
110     	-30.78  
110.4   	-49.02  
110.8   	-62.42  
111.2   	-70.21  
111.6   	-74.52  
112     	-76.95  
112.4   	-78.36  
112.8   	-79.2   
113.2   	-79.73  
113.6   	-80.06  
114     	-80.27  
114.4   	-80.41  
114.8   	-80.48  
115.2   	-80.5   
115.6   	-80.49  
116     	-80.45  
116.4   	-80.39  
116.8   	-80.26  
117.2   	-79.91  
117.6   	-79.04  
118     	-76.03  
118.4   	-64.17  
118.8   	-17.2   
119.2   	43.33   
119.6   	33.16   
120     	16.48   
120.4   	-1.395  
120.8   	-19.15  
121.2   	-38     
121.6   	-54.88  
122     	-65.92  
122.4   	-72.13  
122.8   	-75.58  
123.2   	-77.52  
123.6   	-78.66  
124     	-79.35  
124.4   	-79.78  
124.8   	-80.05  
125.2   	-80.22  
125.6   	-80.32  
126     	-80.37  
126.4   	-80.4   
126.8   	-80.4   
127.2   	-80.39  
127.6   	-80.35  
128     	-80.3   
128.4   	-80.22  
128.8   	-80.05  
129.2   	-79.58  
129.6   	-78.29  
130     	-73.32  
130.4   	-53.82  
130.8   	30.51   
131.2   	41.18   
131.6   	27.43   
132     	9.936   
132.4   	-7.831  
132.8   	-25.98  
133.2   	-44.7   
133.6   	-59.69  
134     	-68.69  
134.4   	-73.7   
134.8   	-76.49  
135.2   	-78.1   
135.6   	-79.06  
136     	-79.65  
136.4   	-80.04  
136.8   	-80.3   
137.2   	-80.47  
137.6   	-80.58  
138     	-80.66  
138.4   	-80.71  
138.8   	-80.73  
139.2   	-80.74  
139.6   	-80.73  
140     	-80.71  
140.4   	-80.68  
140.8   	-80.65  
141.2   	-80.59  
141.6   	-80.47  
142     	-80.09  
142.4   	-79.1   
142.8   	-75.62  
143.2   	-61.89  
143.6   	-3.983  
144     	43.18   
144.4   	31.75   
144.8   	14.78   
145.2   	-3.086  
145.6   	-20.92  
146     	-39.8   
146.4   	-56.25  
146.8   	-66.72  
147.2   	-72.6   
147.6   	-75.87  
148     	-77.73  
148.4   	-78.82  
148.8   	-79.49  
149.2   	-79.91  
149.6   	-80.18  
150     	-80.36  
150.4   	-80.47  
150.8   	-80.55  
151.2   	-80.59  
151.6   	-80.6   
152     	-80.6   
152.4   	-80.58  
152.8   	-80.55  
153.2   	-80.51  
153.6   	-80.45  
154     	-80.29  
154.4   	-79.82  
154.8   	-78.53  
155.2   	-73.64  
155.6   	-54.56  
156     	28.95   
156.4   	41.4    
156.8   	27.79   
157.2   	10.33   
157.6   	-7.447  
158     	-25.56  
158.4   	-44.29  
158.8   	-59.4   
159.2   	-68.52  
159.6   	-73.6   
160     	-76.43  
160.4   	-78.07  
160.8   	-79.05  
161.2   	-79.66  
161.6   	-80.05  
162     	-80.3   
162.4   	-80.47  
162.8   	-80.57  
163.2   	-80.63  
163.6   	-80.66  
164     	-80.67  
164.4   	-80.66  
164.8   	-80.6   
165.2   	-80.39  
165.6   	-79.8   
166     	-78.1   
166.4   	-71.56  
166.8   	-46.81  
167.2   	38.96   
167.6   	39.14   
168     	24.27   
168.4   	6.558   
168.8   	-11.12  
169.2   	-29.51  
169.6   	-47.89  
170     	-61.72  
170.4   	-69.83  
170.8   	-74.33  
171.2   	-76.85  
171.6   	-78.31  
172     	-79.18  
172.4   	-79.72  
172.8   	-80.06  
173.2   	-80.27  
173.6   	-80.4   
174     	-80.48  
174.4   	-80.52  
174.8   	-80.54  
175.2   	-80.53  
175.6   	-80.52  
176     	-80.49  
176.4   	-80.43  
176.8   	-80.26  
177.2   	-79.74  
177.6   	-78.3   
178     	-72.73  
178.4   	-51.24  
178.8   	34.88   
179.2   	40.47   
179.6   	26.25   
180     	8.652   
180.4   	-9.094  
180.8   	-27.35  
181.2   	-45.99  
181.6   	-60.54  
182     	-69.18  
182.4   	-73.98  
182.8   	-76.67  
183.2   	-78.22  
183.6   	-79.16  
184     	-79.74  
184.4   	-80.11  
184.8   	-80.36  
185.2   	-80.53  
185.6   	-80.63  
186     	-80.69  
186.4   	-80.73  
186.8   	-80.75  
187.2   	-80.75  
187.6   	-80.73  
188     	-80.7   
188.4   	-80.66  
188.8   	-80.62  
189.2   	-80.57  
189.6   	-80.52  
190     	-80.44  
190.4   	-80.25  
190.8   	-79.7   
191.2   	-78.13  
191.6   	-72     
192     	-48.32  
192.4   	38.17   
192.8   	39.73   
193.2   	25.02   
193.6   	7.332   
194     	-10.37  
194.4   	-28.71  
194.8   	-47.2   
195.2   	-61.3   
195.6   	-69.58  
196     	-74.19  
196.4   	-76.77  
196.8   	-78.27  
197.2   	-79.17  
197.6   	-79.74  
198     	-80.1   
198.4   	-80.33  
198.8   	-80.48  
199.2   	-80.56  
199.6   	-80.6   
200     	-80.6   
200.4   	-80.58  
200.8   	-80.55  
201.2   	-80.51  
201.6   	-80.46  
202     	-80.41  
202.4   	-80.35  
202.8   	-80.26  
203.2   	-80.03  
203.6   	-79.41  
204     	-77.5   
204.4   	-69.91  
204.8   	-40.84  
205.2   	41.98   
205.6   	37.76   
206     	22.24   
206.4   	4.413   
206.8   	-13.27  
207.2   	-31.85  
207.6   	-49.97  
208     	-63.02  
208.4   	-70.54  
208.8   	-74.71  
209.2   	-77.05  
209.6   	-78.41  
210     	-79.22  
210.4   	-79.72  
210.8   	-80.04  
211.2   	-80.24  
211.6   	-80.36  
212     	-80.43  
212.4   	-80.46  
212.8   	-80.47  
213.2   	-80.44  
213.6   	-80.37  
214     	-80.12  
214.4   	-79.47  
214.8   	-77.48  
215.2   	-69.68  
215.6   	-40.29  
216     	41.86   
216.4   	37.46   
216.8   	21.93   
217.2   	4.107   
217.6   	-13.57  
218     	-32.15  
218.4   	-50.2   
218.8   	-63.14  
219.2   	-70.6   
219.6   	-74.73  
220     	-77.06  
220.4   	-78.41  
220.8   	-79.22  
221.2   	-79.72  
221.6   	-80.04  
222     	-80.24  
222.4   	-80.37  
222.8   	-80.45  
223.2   	-80.49  
223.6   	-80.51  
224     	-80.51  
224.4   	-80.5   
224.8   	-80.48  
225.2   	-80.44  
225.6   	-80.41  
226     	-80.36  
226.4   	-80.31  
226.8   	-80.25  
227.2   	-80.17  
227.6   	-80.09  
228     	-80.01  
228.4   	-79.9   
228.8   	-79.7   
229.2   	-79.14  
229.6   	-77.41  
230     	-70.41  
230.4   	-43.15  
230.8   	41.32   
231.2   	38.39   
231.6   	23.07   
232     	5.264   
232.4   	-12.43  
232.8   	-30.94  
233.2   	-49.19  
233.6   	-62.55  
234     	-70.3   
234.4   	-74.59  
234.8   	-77     
235.2   	-78.4   
235.6   	-79.25  
236     	-79.78  
236.4   	-80.11  
236.8   	-80.32  
237.2   	-80.44  
237.6   	-80.49  
238     	-80.51  
238.4   	-80.49  
238.8   	-80.46  
239.2   	-80.4   
239.6   	-80.32  
240     	-80.23  
240.4   	-80.06  
240.8   	-79.63  
241.2   	-78.47  
241.6   	-74.09  
242     	-56.75  
242.4   	21.85   
242.8   	41.94   
243.2   	28.86   
243.6   	11.51   
244     	-6.28   
244.4   	-24.29  
244.8   	-43.09  
245.2   	-58.58  
245.6   	-68.05  
246     	-73.33  
246.4   	-76.27  
246.8   	-77.95  
247.2   	-78.95  
247.6   	-79.55  
248     	-79.93  
248.4   	-80.16  
248.8   	-80.3   
249.2   	-80.38  
249.6   	-80.42  
250     	-80.43  
250.4   	-80.43  
250.8   	-80.41  
251.2   	-80.37  
251.6   	-80.32  
252     	-80.26  
252.4   	-80.16  
252.8   	-79.83  
253.2   	-78.99  
253.6   	-76.1   
254     	-64.61  
254.4   	-19     
254.8   	43.5    
255.2   	33.53   
255.6   	16.89   
256     	-1.008  
256.4   	-18.77  
256.8   	-37.64  
257.2   	-54.65  
257.6   	-65.82  
258     	-72.12  
258.4   	-75.62  
258.8   	-77.61  
259.2   	-78.78  
259.6   	-79.49  
260     	-79.95  
260.4   	-80.25  
260.8   	-80.46  
261.2   	-80.6   
261.6   	-80.7   
262     	-80.76  
262.4   	-80.8   
262.8   	-80.82  
263.2   	-80.82  
263.6   	-80.8   
264     	-80.75  
264.4   	-80.69  
264.8   	-80.62  
265.2   	-80.54  
265.6   	-80.45  
266     	-80.35  
266.4   	-80.12  
266.8   	-79.52  
267.2   	-77.77  
267.6   	-70.81  
268     	-44.09  
268.4   	40.87   
268.8   	38.6    
269.2   	23.39   
269.6   	5.604   
270     	-12.09  
270.4   	-30.57  
270.8   	-48.87  
271.2   	-62.36  
271.6   	-70.2   
272     	-74.55  
272.4   	-77     
272.8   	-78.43  
273.2   	-79.29  
273.6   	-79.83  
274     	-80.18  
274.4   	-80.41  
274.8   	-80.56  
275.2   	-80.67  
275.6   	-80.74  
276     	-80.76  
276.4   	-80.76  
276.8   	-80.73  
277.2   	-80.69  
277.6   	-80.63  
278     	-80.57  
278.4   	-80.5   
278.8   	-80.41  
279.2   	-80.28  
279.6   	-79.91  
280     	-78.92  
280.4   	-75.41  
280.8   	-61.43  
281.2   	-1.47   
281.6   	43.11   
282     	31.5    
282.4   	14.49   
282.8   	-3.376  
283.2   	-21.23  
283.6   	-40.12  
284     	-56.49  
284.4   	-66.87  
284.8   	-72.7   
285.2   	-75.94  
285.6   	-77.8   
286     	-78.9   
286.4   	-79.58  
286.8   	-80.02  
287.2   	-80.31  
287.6   	-80.51  
288     	-80.64  
288.4   	-80.73  
288.8   	-80.8   
289.2   	-80.85  
289.6   	-80.88  
290     	-80.89  
290.4   	-80.9   
290.8   	-80.89  
291.2   	-80.87  
291.6   	-80.85  
292     	-80.81  
292.4   	-80.77  
292.8   	-80.7   
293.2   	-80.59  
293.6   	-80.26  
294     	-79.41  
294.4   	-76.58  
294.8   	-65.44  
295.2   	-21.99  
295.6   	43.64   
296     	34.08   
296.4   	17.53   
296.8   	-0.3755 
297.2   	-18.12  
297.6   	-36.98  
298     	-54.15  
298.4   	-65.54  
298.8   	-71.97  
299.2   	-75.55  
299.6   	-77.59  
300     	-78.78  
300.4   	-79.51  
300.8   	-79.97  
301.2   	-80.26  
301.6   	-80.45  
302     	-80.57  
302.4   	-80.65  
302.8   	-80.69  
303.2   	-80.72  
303.6   	-80.72  
304     	-80.72  
304.4   	-80.71  
304.8   	-80.7   
305.2   	-80.68  
305.6   	-80.65  
306     	-80.62  
306.4   	-80.57  
306.8   	-80.47  
307.2   	-80.13  
307.6   	-79.21  
308     	-76.01  
308.4   	-63.42  
308.8   	-12.32  
309.2   	43.42   
309.6   	32.68   
310     	15.87   
310.4   	-2.006  
310.8   	-19.78  
311.2   	-38.64  
311.6   	-55.38  
312     	-66.22  
312.4   	-72.33  
312.8   	-75.73  
313.2   	-77.67  
313.6   	-78.82  
314     	-79.53  
314.4   	-79.96  
314.8   	-80.23  
315.2   	-80.39  
315.6   	-80.48  
316     	-80.53  
316.4   	-80.55  
316.8   	-80.55  
317.2   	-80.54  
317.6   	-80.51  
318     	-80.47  
318.4   	-80.43  
318.8   	-80.37  
319.2   	-80.31  
319.6   	-80.25  
320     	-80.19  
320.4   	-80.13  
320.8   	-80.07  
321.2   	-80.01  
321.6   	-79.93  
322     	-79.68  
322.4   	-78.98  
322.8   	-76.63  
323.2   	-67.15  
323.6   	-30.14  
324     	43.5    
324.4   	35.46   
324.8   	19.23   
325.2   	1.329   
325.6   	-16.37  
326     	-35.13  
326.4   	-52.68  
326.8   	-64.66  
327.2   	-71.46  
327.6   	-75.24  
328     	-77.38  
328.4   	-78.63  
328.8   	-79.4   
329.2   	-79.88  
329.6   	-80.2   
330     	-80.41  
330.4   	-80.56  
330.8   	-80.66  
331.2   	-80.73  
331.6   	-80.78  
332     	-80.8   
332.4   	-80.82  
332.8   	-80.83  
333.2   	-80.83  
333.6   	-80.81  
334     	-80.79  
334.4   	-80.77  
334.8   	-80.74  
335.2   	-80.71  
335.6   	-80.67  
336     	-80.62  
336.4   	-80.57  
336.8   	-80.51  
337.2   	-80.39  
337.6   	-80.02  
338     	-79.02  
338.4   	-75.43  
338.8   	-61.19  
339.2   	0.4257  
339.6   	43.13   
340     	31.39   
340.4   	14.34   
340.8   	-3.527  
341.2   	-21.39  
341.6   	-40.28  
342     	-56.61  
342.4   	-66.95  
342.8   	-72.74  
343.2   	-75.97  
343.6   	-77.81  
344     	-78.9   
344.4   	-79.57  
344.8   	-79.99  
345.2   	-80.25  
345.6   	-80.42  
346     	-80.52  
346.4   	-80.58  
346.8   	-80.61  
347.2   	-80.61  
347.6   	-80.6   
348     	-80.57  
348.4   	-80.51  
348.8   	-80.31  
349.2   	-79.75  
349.6   	-78.2   
350     	-72.17  
350.4   	-49.11  
350.8   	37.22   
351.2   	39.84   
351.6   	25.29   
352     	7.631   
352.4   	-10.08  
352.8   	-28.4   
353.2   	-46.92  
353.6   	-61.12  
354     	-69.48  
354.4   	-74.13  
354.8   	-76.73  
355.2   	-78.24  
355.6   	-79.14  
356     	-79.69  
356.4   	-80.04  
356.8   	-80.27  
357.2   	-80.42  
357.6   	-80.51  
358     	-80.57  
358.4   	-80.6   
358.8   	-80.6   
359.2   	-80.58  
359.6   	-80.52  
360     	-80.28  
360.4   	-79.65  
360.8   	-77.79  
361.2   	-70.55  
361.6   	-43.21  
362     	40.97   
362.4   	38.22   
362.8   	22.96   
363.2   	5.171   
363.6   	-12.51  
364     	-31.02  
364.4   	-49.24  
364.8   	-62.56  
365.2   	-70.29  
365.6   	-74.57  
366     	-76.98  
366.4   	-78.37  
366.8   	-79.21  
367.2   	-79.72  
367.6   	-80.04  
368     	-80.23  
368.4   	-80.35  
368.8   	-80.41  
369.2   	-80.43  
369.6   	-80.42  
370     	-80.39  
370.4   	-80.34  
370.8   	-80.2   
371.2   	-79.82  
371.6   	-78.86  
372     	-75.42  
372.4   	-61.85  
372.8   	-4.976  
373.2   	43.01   
373.6   	31.68   
374     	14.74   
374.4   	-3.115  
374.8   	-20.94  
375.2   	-39.81  
375.6   	-56.24  
376     	-66.71  
376.4   	-72.58  
376.8   	-75.85  
377.2   	-77.71  
377.6   	-78.8   
378     	-79.46  
378.4   	-79.87  
378.8   	-80.14  
379.2   	-80.31  
379.6   	-80.42  
380     	-80.49  
380.4   	-80.53  
380.8   	-80.55  
381.2   	-80.55  
381.6   	-80.53  
382     	-80.48  
382.4   	-80.41  
382.8   	-80.31  
383.2   	-80.15  
383.6   	-79.74  
384     	-78.63  
384.4   	-74.49  
384.8   	-58.09  
385.2   	16.47   
385.6   	42.35   
386     	29.62   
386.4   	12.36   
386.8   	-5.468  
387.2   	-23.44  
387.6   	-42.28  
388     	-58.03  
388.4   	-67.74  
388.8   	-73.15  
389.2   	-76.17  
389.6   	-77.89  
390     	-78.91  
390.4   	-79.54  
390.8   	-79.94  
391.2   	-80.2   
391.6   	-80.37  
392     	-80.48  
392.4   	-80.55  
392.8   	-80.57  
393.2   	-80.56  
393.6   	-80.53  
394     	-80.48  
394.4   	-80.42  
394.8   	-80.34  
395.2   	-80.21  
395.6   	-79.85  
396     	-78.91  
396.4   	-75.52  
396.8   	-62.08  
397.2   	-5.654  
397.6   	43.16   
398     	31.86   
398.4   	14.92   
398.8   	-2.941  
399.2   	-20.76  
399.6   	-39.64  
400     	-56.12  
400.4   	-66.65  
400.8   	-72.56  
401.2   	-75.85  
401.6   	-77.72  
402     	-78.83  
402.4   	-79.5   
402.8   	-79.93  
403.2   	-80.21  
403.6   	-80.4   
404     	-80.52  
404.4   	-80.6   
404.8   	-80.63  
405.2   	-80.64  
405.6   	-80.61  
406     	-80.53  
406.4   	-80.24  
406.8   	-79.49  
407.2   	-77.06  
407.6   	-67.66  
408     	-32.19  
408.4   	43.03   
408.8   	35.63   
409.2   	19.53   
409.6   	1.671   
410     	-16.01  
410.4   	-34.72  
410.8   	-52.31  
411.2   	-64.4   
411.6   	-71.3   
412     	-75.13  
412.4   	-77.29  
412.8   	-78.54  
413.2   	-79.29  
413.6   	-79.76  
414     	-80.05  
414.4   	-80.23  
414.8   	-80.35  
415.2   	-80.4   
415.6   	-80.41  
416     	-80.38  
416.4   	-80.33  
416.8   	-80.26  
417.2   	-80.15  
417.6   	-79.87  
418     	-79.16  
418.4   	-76.89  
418.8   	-67.91  
419.2   	-33.56  
419.6   	42.95   
420     	35.93   
420.4   	19.9    
420.8   	2.04    
421.2   	-15.62  
421.6   	-34.31  
422     	-51.97  
422.4   	-64.19  
422.8   	-71.17  
423.2   	-75.03  
423.6   	-77.2   
424     	-78.46  
424.4   	-79.22  
424.8   	-79.69  
425.2   	-79.98  
425.6   	-80.16  
426     	-80.28  
426.4   	-80.34  
426.8   	-80.37  
427.2   	-80.37  
427.6   	-80.33  
428     	-80.19  
428.4   	-79.77  
428.8   	-78.69  
429.2   	-74.73  
429.6   	-59.2   
430     	9.802   
430.4   	42.45   
430.8   	30.16   
431.2   	12.99   
431.6   	-4.837  
432     	-22.77  
432.4   	-41.62  
432.8   	-57.55  
433.2   	-67.46  
433.6   	-73     
434     	-76.09  
434.4   	-77.85  
434.8   	-78.89  
435.2   	-79.53  
435.6   	-79.93  
436     	-80.19  
436.4   	-80.36  
436.8   	-80.46  
437.2   	-80.52  
437.6   	-80.54  
438     	-80.47  
438.4   	-80.19  
438.8   	-79.52  
439.2   	-77.53  
439.6   	-69.83  
440     	-41.03  
440.4   	41.5    
440.8   	37.55   
441.2   	22.1    
441.6   	4.293   
442     	-13.38  
442.4   	-31.95  
442.8   	-50.03  
443.2   	-63.04  
443.6   	-70.55  
444     	-74.72  
444.4   	-77.07  
444.8   	-78.44  
445.2   	-79.27  
445.6   	-79.79  
446     	-80.13  
446.4   	-80.35  
446.8   	-80.49  
447.2   	-80.58  
447.6   	-80.62  
448     	-80.64  
448.4   	-80.61  
448.8   	-80.48  
449.2   	-80.09  
449.6   	-79.15  
450     	-75.95  
450.4   	-63.5   
450.8   	-13.94  
451.2   	43.18   
451.6   	32.66   
452     	15.9    
452.4   	-1.958  
452.8   	-19.72  
453.2   	-38.57  
453.6   	-55.31  
454     	-66.17  
454.4   	-72.29  
454.8   	-75.7   
455.2   	-77.64  
455.6   	-78.78  
456     	-79.49  
456.4   	-79.94  
456.8   	-80.23  
457.2   	-80.43  
457.6   	-80.56  
458     	-80.65  
458.4   	-80.71  
458.8   	-80.75  
459.2   	-80.76  
459.6   	-80.74  
460     	-80.65  
460.4   	-80.35  
460.8   	-79.6   
461.2   	-77.24  
461.6   	-68.09  
462     	-33.64  
462.4   	42.95   
462.8   	35.96   
463.2   	19.94   
463.6   	2.086   
464     	-15.58  
464.4   	-34.28  
464.8   	-51.95  
465.2   	-64.19  
465.6   	-71.18  
466     	-75.06  
466.4   	-77.25  
466.8   	-78.52  
467.2   	-79.29  
467.6   	-79.77  
468     	-80.06  
468.4   	-80.25  
468.8   	-80.36  
469.2   	-80.43  
469.6   	-80.46  
470     	-80.46  
470.4   	-80.44  
470.8   	-80.39  
471.2   	-80.33  
471.6   	-80.27  
472     	-80.19  
472.4   	-80.12  
472.8   	-80.04  
473.2   	-79.95  
473.6   	-79.71  
474     	-79.06  
474.4   	-76.94  
474.8   	-68.39  
475.2   	-35.32  
475.6   	42.99   
476     	36.46   
476.4   	20.51   
476.8   	2.646   
477.2   	-15.02  
477.6   	-33.69  
478     	-51.48  
478.4   	-63.92  
478.8   	-71.04  
479.2   	-74.98  
479.6   	-77.19  
480     	-78.48  
480.4   	-79.25  
480.8   	-79.72  
481.2   	-80.01  
481.6   	-80.19  
482     	-80.29  
482.4   	-80.33  
482.8   	-80.33  
483.2   	-80.31  
483.6   	-80.26  
484     	-80.2   
484.4   	-80.11  
484.8   	-79.92  
485.2   	-79.39  
485.6   	-77.87  
486     	-71.84  
486.4   	-48.51  
486.8   	37.72   
487.2   	39.65   
487.6   	25.01   
488     	7.335   
488.4   	-10.37  
488.8   	-28.7   
489.2   	-47.19  
489.6   	-61.28  
490     	-69.56  
490.4   	-74.15  
490.8   	-76.71  
491.2   	-78.18  
491.6   	-79.05  
492     	-79.58  
492.4   	-79.9   
492.8   	-80.1   
493.2   	-80.22  
493.6   	-80.27  
494     	-80.28  
494.4   	-80.16  
494.8   	-79.79  
495.2   	-78.88  
495.6   	-75.73  
496     	-63.48  
496.4   	-15.15  
496.8   	42.99   
497.2   	32.63   
497.6   	15.92   
498     	-1.932  
498.4   	-19.69  
498.8   	-38.52  
499.2   	-55.25  
499.6   	-66.12  
500     	-72.25  
500.4   	-75.66  
500.8   	-77.59  
501.2   	-78.73  
501.6   	-79.42  
502     	-79.86  
502.4   	-80.13  
502.8   	-80.3   
503.2   	-80.41  
503.6   	-80.46  
504     	-80.47  
504.4   	-80.38  
504.8   	-80.04  
505.2   	-79.24  
505.6   	-76.67  
506     	-66.7   
506.4   	-29.04  
506.8   	43.05   
507.2   	34.89   
507.6   	18.66   
508     	0.791   
508.4   	-16.9   
508.8   	-35.66  
509.2   	-53.06  
509.6   	-64.84  
510     	-71.55  
510.4   	-75.28  
510.8   	-77.39  
511.2   	-78.62  
511.6   	-79.37  
512     	-79.83  
512.4   	-80.13  
512.8   	-80.31  
513.2   	-80.43  
513.6   	-80.49  
514     	-80.53  
514.4   	-80.53  
514.8   	-80.52  
515.2   	-80.49  
515.6   	-80.45  
516     	-80.39  
516.4   	-80.25  
516.8   	-79.84  
517.2   	-78.77  
517.6   	-74.84  
518     	-59.33  
518.4   	10.08   
518.8   	42.62   
519.2   	30.29   
519.6   	13.11   
520     	-4.731  
520.4   	-22.66  
520.8   	-41.54  
521.2   	-57.52  
521.6   	-67.46  
522     	-73.03  
522.4   	-76.13  
522.8   	-77.91  
523.2   	-78.97  
523.6   	-79.63  
524     	-80.06  
524.4   	-80.34  
524.8   	-80.53  
525.2   	-80.65  
525.6   	-80.73  
526     	-80.78  
526.4   	-80.81  
526.8   	-80.83  
527.2   	-80.83  
527.6   	-80.82  
528     	-80.79  
528.4   	-80.75  
528.8   	-80.71  
529.2   	-80.65  
529.6   	-80.59  
530     	-80.48  
530.4   	-80.2   
530.8   	-79.46  
531.2   	-77.08  
531.6   	-67.74  
532     	-31.95  
532.4   	43.33   
532.8   	35.78   
533.2   	19.65   
533.6   	1.765   
534     	-15.92  
534.4   	-34.65  
534.8   	-52.27  
535.2   	-64.4   
535.6   	-71.31  
536     	-75.14  
536.4   	-77.31  
536.8   	-78.57  
537.2   	-79.34  
537.6   	-79.82  
538     	-80.12  
538.4   	-80.31  
538.8   	-80.43  
539.2   	-80.5   
539.6   	-80.54  
540     	-80.55  
540.4   	-80.55  
540.8   	-80.53  
541.2   	-80.5   
541.6   	-80.46  
542     	-80.41  
542.4   	-80.32  
542.8   	-80.08  
543.2   	-79.42  
543.6   	-77.34  
544     	-69.11  
544.4   	-37.76  
544.8   	42.61   
545.2   	37      
545.6   	21.24   
546     	3.383   
546.4   	-14.3   
546.8   	-32.95  
547.2   	-50.91  
547.6   	-63.6   
548     	-70.89  
548.4   	-74.93  
548.8   	-77.21  
549.2   	-78.54  
549.6   	-79.35  
550     	-79.86  
550.4   	-80.2   
550.8   	-80.42  
551.2   	-80.56  
551.6   	-80.65  
552     	-80.71  
552.4   	-80.74  
552.8   	-80.75  
553.2   	-80.72  
553.6   	-80.54  
554     	-80.02  
554.4   	-78.63  
554.8   	-73.4   
555.2   	-53.38  
555.6   	31.19   
556     	40.97   
556.4   	27.17   
556.8   	9.667   
557.2   	-8.092  
557.6   	-26.26  
558     	-44.96  
558.4   	-59.85  
558.8   	-68.79  
559.2   	-73.77  
559.6   	-76.57  
560     	-78.18  
560.4   	-79.16  
560.8   	-79.77  
561.2   	-80.17  
561.6   	-80.42  
562     	-80.57  
562.4   	-80.64  
562.8   	-80.67  
563.2   	-80.67  
563.6   	-80.63  
564     	-80.5   
564.4   	-80.11  
564.8   	-79.15  
565.2   	-75.8   
565.6   	-62.82  
566     	-10.43  
566.4   	43.05   
566.8   	32.2    
567.2   	15.37   
567.6   	-2.485  
568     	-20.27  
568.4   	-39.12  
568.8   	-55.72  
569.2   	-66.4   
569.6   	-72.42  
570     	-75.77  
570.4   	-77.68  
570.8   	-78.81  
571.2   	-79.5   
571.6   	-79.94  
572     	-80.23  
572.4   	-80.42  
572.8   	-80.53  
573.2   	-80.6   
573.6   	-80.63  
574     	-80.64  
574.4   	-80.64  
574.8   	-80.61  
575.2   	-80.58  
575.6   	-80.52  
576     	-80.38  
576.4   	-79.97  
576.8   	-78.9   
577.2   	-75.02  
577.6   	-59.74  
578     	7.977   
578.4   	42.71   
578.8   	30.51   
579.2   	13.37   
579.6   	-4.484  
580     	-22.41  
580.4   	-41.29  
580.8   	-57.35  
581.2   	-67.37  
581.6   	-72.98  
582     	-76.1   
582.4   	-77.89  
582.8   	-78.94  
583.2   	-79.6   
583.6   	-80.01  
584     	-80.29  
584.4   	-80.47  
584.8   	-80.59  
585.2   	-80.66  
585.6   	-80.7   
586     	-80.71  
586.4   	-80.64  
586.8   	-80.31  
587.2   	-79.48  
587.6   	-76.8   
588     	-66.5   
588.4   	-27.55  
588.8   	43.22   
589.2   	34.72   
589.6   	18.41   
590     	0.5341  
590.4   	-17.18  
590.8   	-35.97  
591.2   	-53.32  
591.6   	-65.01  
592     	-71.65  
592.4   	-75.33  
592.8   	-77.41  
593.2   	-78.62  
593.6   	-79.35  
594     	-79.81  
594.4   	-80.1   
594.8   	-80.27  
595.2   	-80.38  
595.6   	-80.44  
596     	-80.47  
596.4   	-80.47  
596.8   	-80.46  
597.2   	-80.44  
597.6   	-80.41  
598     	-80.37  
598.4   	-80.32  
598.8   	-80.26  
599.2   	-80.2   
599.6   	-80.13  
600     	-80.07  
600.4   	-80     
600.8   	-79.94  
601.2   	-79.88  
601.6   	-79.83  
602     	-79.79  
602.4   	-79.75  
602.8   	-79.71  
603.2   	-79.68  
603.6   	-79.63  
604     	-79.58  
604.4   	-79.53  
604.8   	-79.47  
605.2   	-79.37  
605.6   	-79.06  
606     	-78.11  
606.4   	-74.45  
606.8   	-59.37  
607.2   	10.15   
607.6   	42.82   
608     	30.44   
608.4   	13.24   
608.8   	-4.618  
609.2   	-22.55  
609.6   	-41.45  
610     	-57.47  
610.4   	-67.44  
610.8   	-73.01  
611.2   	-76.11  
611.6   	-77.88  
612     	-78.93  
612.4   	-79.58  
612.8   	-79.98  
613.2   	-80.24  
613.6   	-80.41  
614     	-80.51  
614.4   	-80.57  
614.8   	-80.59  
615.2   	-80.6   
615.6   	-80.59  
616     	-80.56  
616.4   	-80.51  
616.8   	-80.46  
617.2   	-80.41  
617.6   	-80.35  
618     	-80.29  
618.4   	-80.21  
618.8   	-80.11  
619.2   	-79.99  
619.6   	-79.69  
620     	-78.88  
620.4   	-76.08  
620.8   	-64.76  
621.2   	-19.47  
621.6   	43.63   
622     	33.69   
622.4   	17.05   
622.8   	-0.8491 
623.2   	-18.59  
623.6   	-37.44  
624     	-54.48  
624.4   	-65.68  
624.8   	-72     
625.2   	-75.49  
625.6   	-77.47  
626     	-78.62  
626.4   	-79.31  
626.8   	-79.73  
627.2   	-80     
627.6   	-80.16  
628     	-80.24  
628.4   	-80.27  
628.8   	-80.27  
629.2   	-80.23  
629.6   	-80.16  
630     	-80.02  
630.4   	-79.63  
630.8   	-78.63  
631.2   	-74.99  
631.6   	-60.58  
632     	1.898   
632.4   	42.75   
632.8   	30.95   
633.2   	13.9    
633.6   	-3.944  
634     	-21.82  
634.4   	-40.68  
634.8   	-56.87  
635.2   	-67.06  
635.6   	-72.76  
636     	-75.92  
636.4   	-77.71  
636.8   	-78.76  
637.2   	-79.39  
637.6   	-79.78  
638     	-80.02  
638.4   	-80.16  
638.8   	-80.25  
639.2   	-80.28  
639.6   	-80.29  
640     	-80.27  
640.4   	-80.23  
640.8   	-80.17  
641.2   	-80.09  
641.6   	-80     
642     	-79.91  
642.4   	-79.81  
642.8   	-79.7   
643.2   	-79.5   
643.6   	-79     
644     	-77.53  
644.4   	-71.53  
644.8   	-47.84  
645.2   	38.5    
645.6   	39.57   
646     	24.8    
646.4   	7.091   
646.8   	-10.6   
647.2   	-28.94  
647.6   	-47.4   
648     	-61.42  
648.4   	-69.64  
648.8   	-74.21  
649.2   	-76.76  
649.6   	-78.24  
650     	-79.12  
650.4   	-79.66  
650.8   	-80     
651.2   	-80.21  
651.6   	-80.34  
652     	-80.38  
652.4   	-80.27  
652.8   	-79.88  
653.2   	-78.93  
653.6   	-75.65  
654     	-63.03  
654.4   	-13.38  
654.8   	42.79   
655.2   	32.28   
655.6   	15.53   
656     	-2.305  
656.4   	-20.07  
656.8   	-38.89  
657.2   	-55.52  
657.6   	-66.27  
658     	-72.34  
658.4   	-75.72  
658.8   	-77.65  
659.2   	-78.79  
659.6   	-79.48  
660     	-79.92  
660.4   	-80.2   
660.8   	-80.38  
661.2   	-80.49  
661.6   	-80.57  
662     	-80.6   
662.4   	-80.62  
662.8   	-80.61  
663.2   	-80.59  
663.6   	-80.52  
664     	-80.25  
664.4   	-79.57  
664.8   	-77.47  
665.2   	-69.31  
665.6   	-38.51  
666     	42.35   
666.4   	37.1    
666.8   	21.41   
667.2   	3.569   
667.6   	-14.11  
668     	-32.73  
668.4   	-50.7   
668.8   	-63.46  
669.2   	-70.79  
669.6   	-74.85  
670     	-77.14  
670.4   	-78.47  
670.8   	-79.28  
671.2   	-79.78  
671.6   	-80.1   
672     	-80.31  
672.4   	-80.44  
672.8   	-80.52  
673.2   	-80.57  
673.6   	-80.59  
674     	-80.59  
674.4   	-80.56  
674.8   	-80.53  
675.2   	-80.48  
675.6   	-80.42  
676     	-80.31  
676.4   	-79.98  
676.8   	-79.12  
677.2   	-76.17  
677.6   	-64.49  
678     	-18.18  
678.4   	43.5    
678.8   	33.42   
679.2   	16.76   
679.6   	-1.129  
680     	-18.88  
680.4   	-37.74  
680.8   	-54.72  
681.2   	-65.85  
681.6   	-72.12  
682     	-75.61  
682.4   	-77.59  
682.8   	-78.76  
683.2   	-79.49  
683.6   	-79.94  
684     	-80.24  
684.4   	-80.43  
684.8   	-80.56  
685.2   	-80.64  
685.6   	-80.69  
686     	-80.72  
686.4   	-80.73  
686.8   	-80.73  
687.2   	-80.72  
687.6   	-80.69  
688     	-80.65  
688.4   	-80.59  
688.8   	-80.51  
689.2   	-80.41  
689.6   	-80.3   
690     	-80.07  
690.4   	-79.49  
690.8   	-77.71  
691.2   	-70.66  
691.6   	-43.55  
692     	41.11   
692.4   	38.47   
692.8   	23.2    
693.2   	5.401   
693.6   	-12.29  
694     	-30.79  
694.4   	-49.06  
694.8   	-62.47  
695.2   	-70.25  
695.6   	-74.56  
696     	-76.99  
696.4   	-78.4   
696.8   	-79.25  
697.2   	-79.78  
697.6   	-80.13  
698     	-80.35  
698.4   	-80.48  
698.8   	-80.57  
699.2   	-80.6   
699.6   	-80.59  
700     	-80.46  
700.4   	-80.03  
700.8   	-78.89  
701.2   	-74.76  
701.6   	-58.88  
702     	11.15   
702.4   	42.29   
702.8   	29.93   
703.2   	12.76   
703.6   	-5.068  
704     	-23.02  
704.4   	-41.86  
704.8   	-57.71  
705.2   	-67.55  
705.6   	-73.05  
706     	-76.12  
706.4   	-77.88  
706.8   	-78.92  
707.2   	-79.57  
707.6   	-79.98  
708     	-80.26  
708.4   	-80.44  
708.8   	-80.57  
709.2   	-80.65  
709.6   	-80.69  
710     	-80.7   
710.4   	-80.68  
710.8   	-80.64  
711.2   	-80.58  
711.6   	-80.52  
712     	-80.45  
712.4   	-80.34  
712.8   	-80.07  
713.2   	-79.33  
713.6   	-76.93  
714     	-67.44  
714.4   	-31.03  
714.8   	43.33   
715.2   	35.55   
715.6   	19.38   
716     	1.494   
716.4   	-16.2   
716.8   	-34.95  
717.2   	-52.53  
717.6   	-64.56  
718     	-71.41  
718.4   	-75.22  
718.8   	-77.37  
719.2   	-78.63  
719.6   	-79.4   
720     	-79.89  
720.4   	-80.2   
720.8   	-80.41  
721.2   	-80.54  
721.6   	-80.63  
722     	-80.69  
722.4   	-80.72  
722.8   	-80.72  
723.2   	-80.71  
723.6   	-80.68  
724     	-80.65  
724.4   	-80.61  
724.8   	-80.56  
725.2   	-80.49  
725.6   	-80.42  
726     	-80.3   
726.4   	-80.02  
726.8   	-79.27  
727.2   	-76.78  
727.6   	-66.9   
728     	-28.69  
728.4   	43.52   
728.8   	35.17   
729.2   	18.88   
729.6   	0.984   
730     	-16.72  
730.4   	-35.5   
730.8   	-52.97  
731.2   	-64.81  
731.6   	-71.53  
732     	-75.26  
732.4   	-77.36  
732.8   	-78.58  
733.2   	-79.33  
733.6   	-79.79  
734     	-80.08  
734.4   	-80.27  
734.8   	-80.38  
735.2   	-80.45  
735.6   	-80.48  
736     	-80.49  
736.4   	-80.47  
736.8   	-80.43  
737.2   	-80.38  
737.6   	-80.33  
738     	-80.26  
738.4   	-80.19  
738.8   	-80.12  
739.2   	-80.04  
739.6   	-79.91  
740     	-79.54  
740.4   	-78.54  
740.8   	-74.77  
741.2   	-59.61  
741.6   	8.811   
742     	42.78   
742.4   	30.51   
742.8   	13.34   
743.2   	-4.516  
743.6   	-22.44  
744     	-41.34  
744.4   	-57.39  
744.8   	-67.4   
745.2   	-72.99  
745.6   	-76.1   
746     	-77.87  
746.4   	-78.92  
746.8   	-79.57  
747.2   	-79.99  
747.6   	-80.25  
748     	-80.43  
748.4   	-80.54  
748.8   	-80.61  
749.2   	-80.64  
749.6   	-80.65  
750     	-80.63  
750.4   	-80.6   
750.8   	-80.54  
751.2   	-80.35  
751.6   	-79.81  
752     	-78.28  
752.4   	-72.37  
752.8   	-49.77  
753.2   	36.58   
753.6   	40.04   
754     	25.59   
754.4   	7.943   
754.8   	-9.784  
755.2   	-28.09  
755.6   	-46.65  
756     	-60.96  
756.4   	-69.4   
756.8   	-74.1   
757.2   	-76.73  
757.6   	-78.25  
758     	-79.17  
758.4   	-79.74  
758.8   	-80.11  
759.2   	-80.35  
759.6   	-80.5   
760     	-80.6   
760.4   	-80.66  
760.8   	-80.69  
761.2   	-80.7   
761.6   	-80.68  
762     	-80.65  
762.4   	-80.6   
762.8   	-80.52  
763.2   	-80.23  
763.6   	-79.49  
764     	-77.13  
764.4   	-67.89  
764.8   	-32.81  
765.2   	43.12   
765.6   	35.85   
766     	19.78   
766.4   	1.908   
766.8   	-15.77  
767.2   	-34.48  
767.6   	-52.12  
768     	-64.31  
768.4   	-71.26  
768.8   	-75.13  
769.2   	-77.31  
769.6   	-78.6   
770     	-79.38  
770.4   	-79.87  
770.8   	-80.19  
771.2   	-80.4   
771.6   	-80.54  
772     	-80.64  
772.4   	-80.69  
772.8   	-80.73  
773.2   	-80.75  
773.6   	-80.75  
774     	-80.73  
774.4   	-80.7   
774.8   	-80.66  
775.2   	-80.6   
775.6   	-80.52  
776     	-80.28  
776.4   	-79.62  
776.8   	-77.63  
777.2   	-69.81  
777.6   	-40.1   
778     	42.17   
778.4   	37.59   
778.8   	22.01   
779.2   	4.175   
779.6   	-13.51  
780     	-32.11  
780.4   	-50.19  
780.8   	-63.17  
781.2   	-70.64  
781.6   	-74.79  
782     	-77.13  
782.4   	-78.5   
782.8   	-79.33  
783.2   	-79.86  
783.6   	-80.2   
784     	-80.42  
784.4   	-80.56  
784.8   	-80.64  
785.2   	-80.68  
785.6   	-80.69  
786     	-80.67  
786.4   	-80.62  
786.8   	-80.46  
787.2   	-79.99  
787.6   	-78.8   
788     	-74.45  
788.4   	-57.55  
788.8   	18.38   
789.2   	42.07   
789.6   	29.25   
790     	11.96   
790.4   	-5.84   
790.8   	-23.83  
791.2   	-42.64  
791.6   	-58.26  
792     	-67.86  
792.4   	-73.23  
792.8   	-76.22  
793.2   	-77.93  
793.6   	-78.95  
794     	-79.58  
794.4   	-79.98  
794.8   	-80.25  
795.2   	-80.43  
795.6   	-80.55  
796     	-80.62  
796.4   	-80.67  
796.8   	-80.69  
797.2   	-80.7   
797.6   	-80.69  
798     	-80.67  
798.4   	-80.62  
798.8   	-80.47  
799.2   	-80.04  
799.6   	-78.95  
800     	-75.03  
800.4   	-59.64  
800.8   	8.598   
801.2   	42.69   
801.6   	30.46   
802     	13.3    
802.4   	-4.543  
802.8   	-22.46  
803.2   	-41.34  
803.6   	-57.38  
804     	-67.38  
804.4   	-72.98  
804.8   	-76.1   
805.2   	-77.88  
805.6   	-78.95  
806     	-79.6   
806.4   	-80.02  
806.8   	-80.29  
807.2   	-80.46  
807.6   	-80.56  
808     	-80.62  
808.4   	-80.64  
808.8   	-80.61  
809.2   	-80.43  
809.6   	-79.95  
810     	-78.77  
810.4   	-74.45  
810.8   	-57.75  
811.2   	16.93   
811.6   	42.05   
812     	29.32   
812.4   	12.06   
812.8   	-5.738  
813.2   	-23.72  
813.6   	-42.53  
814     	-58.18  
814.4   	-67.82  
814.8   	-73.2   
815.2   	-76.21  
815.6   	-77.93  
816     	-78.95  
816.4   	-79.58  
816.8   	-79.98  
817.2   	-80.23  
817.6   	-80.39  
818     	-80.49  
818.4   	-80.54  
818.8   	-80.55  
819.2   	-80.53  
819.6   	-80.49  
820     	-80.42  
820.4   	-80.24  
820.8   	-79.77  
821.2   	-78.59  
821.6   	-74.2   
822     	-56.99  
822.4   	20.71   
822.8   	41.95   
823.2   	28.96   
823.6   	11.64   
824     	-6.148  
824.4   	-24.14  
824.8   	-42.93  
825.2   	-58.45  
825.6   	-67.96  
826     	-73.27  
826.4   	-76.23  
826.8   	-77.92  
827.2   	-78.93  
827.6   	-79.54  
828     	-79.94  
828.4   	-80.18  
828.8   	-80.34  
829.2   	-80.43  
829.6   	-80.46  
830     	-80.42  
830.4   	-80.27  
830.8   	-79.87  
831.2   	-79.01  
831.6   	-76.18  
832     	-65.13  
832.4   	-22.47  
832.8   	43.21   
833.2   	33.8    
833.6   	17.3    
834     	-0.576  
834.4   	-18.3   
834.8   	-37.11  
835.2   	-54.18  
835.6   	-65.49  
836     	-71.88  
836.4   	-75.42  
836.8   	-77.41  
837.2   	-78.57  
837.6   	-79.26  
838     	-79.69  
838.4   	-79.96  
838.8   	-80.12  
839.2   	-80.21  
839.6   	-80.25  
840     	-80.25  
840.4   	-80.22  
840.8   	-80.17  
841.2   	-80.09  
841.6   	-79.97  
842     	-79.75  
842.4   	-79.3   
842.8   	-78.2   
843.2   	-74.08  
843.6   	-57.5   
844     	18.49   
844.4   	42.14   
844.8   	29.28   
845.2   	11.99   
845.6   	-5.818  
846     	-23.8   
846.4   	-42.62  
846.8   	-58.26  
847.2   	-67.87  
847.6   	-73.24  
848     	-76.23  
848.4   	-77.94  
848.8   	-78.96  
849.2   	-79.6   
849.6   	-80.01  
850     	-80.28  
850.4   	-80.45  
850.8   	-80.56  
851.2   	-80.62  
851.6   	-80.65  
852     	-80.64  
852.4   	-80.59  
852.8   	-80.46  
853.2   	-80.08  
853.6   	-79.19  
854     	-76.26  
854.4   	-64.77  
854.8   	-20     
855.2   	43.36   
855.6   	33.56   
856     	16.97   
856.4   	-0.9162 
856.8   	-18.66  
857.2   	-37.51  
857.6   	-54.52  
858     	-65.72  
858.4   	-72.03  
858.8   	-75.54  
859.2   	-77.53  
859.6   	-78.7   
860     	-79.42  
860.4   	-79.87  
860.8   	-80.16  
861.2   	-80.35  
861.6   	-80.48  
862     	-80.55  
862.4   	-80.59  
862.8   	-80.59  
863.2   	-80.52  
863.6   	-80.27  
864     	-79.64  
864.4   	-77.84  
864.8   	-70.86  
865.2   	-44.59  
865.6   	40.19   
866     	38.49   
866.4   	23.39   
866.8   	5.635   
867.2   	-12.04  
867.6   	-30.49  
868     	-48.75  
868.4   	-62.24  
868.8   	-70.09  
869.2   	-74.44  
869.6   	-76.88  
870     	-78.3   
870.4   	-79.15  
870.8   	-79.68  
871.2   	-80.01  
871.6   	-80.22  
872     	-80.36  
872.4   	-80.45  
872.8   	-80.5   
873.2   	-80.52  
873.6   	-80.53  
874     	-80.53  
874.4   	-80.51  
874.8   	-80.48  
875.2   	-80.44  
875.6   	-80.39  
876     	-80.32  
876.4   	-80.25  
876.8   	-80.12  
877.2   	-79.76  
877.6   	-78.81  
878     	-75.36  
878.4   	-61.58  
878.8   	-2.425  
879.2   	43.16   
879.6   	31.61   
880     	14.61   
880.4   	-3.259  
880.8   	-21.11  
881.2   	-39.99  
881.6   	-56.4   
882     	-66.82  
882.4   	-72.66  
882.8   	-75.91  
883.2   	-77.75  
883.6   	-78.84  
884     	-79.5   
884.4   	-79.91  
884.8   	-80.17  
885.2   	-80.33  
885.6   	-80.44  
886     	-80.5   
886.4   	-80.54  
886.8   	-80.56  
887.2   	-80.55  
887.6   	-80.53  
888     	-80.5   
888.4   	-80.46  
888.8   	-80.4   
889.2   	-80.34  
889.6   	-80.26  
890     	-80.17  
890.4   	-79.96  
890.8   	-79.4   
891.2   	-77.73  
891.6   	-71.04  
892     	-45.2   
892.4   	40.29   
892.8   	38.87   
893.2   	23.78   
893.6   	6.012   
894     	-11.67  
894.4   	-30.12  
894.8   	-48.46  
895.2   	-62.1   
895.6   	-70.04  
896     	-74.45  
896.4   	-76.92  
896.8   	-78.36  
897.2   	-79.23  
897.6   	-79.78  
898     	-80.13  
898.4   	-80.36  
898.8   	-80.51  
899.2   	-80.6   
899.6   	-80.64  
900     	-80.65  
900.4   	-80.61  
900.8   	-80.4   
901.2   	-79.82  
901.6   	-78.19  
902     	-71.93  
902.4   	-48.35  
902.8   	37.62   
903.2   	39.5    
903.6   	24.87   
904     	7.202   
904.4   	-10.49  
904.8   	-28.83  
905.2   	-47.29  
905.6   	-61.34  
906     	-69.6   
906.4   	-74.19  
906.8   	-76.77  
907.2   	-78.26  
907.6   	-79.15  
908     	-79.71  
908.4   	-80.07  
908.8   	-80.31  
909.2   	-80.47  
909.6   	-80.57  
910     	-80.63  
910.4   	-80.66  
910.8   	-80.67  
911.2   	-80.66  
911.6   	-80.64  
912     	-80.62  
912.4   	-80.59  
912.8   	-80.55  
913.2   	-80.5   
913.6   	-80.45  
914     	-80.39  
914.4   	-80.24  
914.8   	-79.82  
915.2   	-78.66  
915.6   	-74.3   
916     	-57.07  
916.4   	21.22   
916.8   	42.12   
917.2   	29.08   
917.6   	11.74   
918     	-6.064  
918.4   	-24.06  
918.8   	-42.88  
919.2   	-58.45  
919.6   	-67.99  
920     	-73.31  
920.4   	-76.28  
920.8   	-77.98  
921.2   	-78.98  
921.6   	-79.6   
922     	-79.98  
922.4   	-80.22  
922.8   	-80.36  
923.2   	-80.43  
923.6   	-80.47  
924     	-80.48  
924.4   	-80.47  
924.8   	-80.45  
925.2   	-80.4   
925.6   	-80.34  
926     	-80.19  
926.4   	-79.78  
926.8   	-78.72  
927.2   	-74.81  
927.6   	-59.36  
928     	9.703   
928.4   	42.61   
928.8   	30.3    
929.2   	13.13   
929.6   	-4.71   
930     	-22.64  
930.4   	-41.52  
930.8   	-57.51  
931.2   	-67.46  
931.6   	-73.02  
932     	-76.12  
932.4   	-77.9   
932.8   	-78.95  
933.2   	-79.6   
933.6   	-80.02  
934     	-80.3   
934.4   	-80.48  
934.8   	-80.6   
935.2   	-80.67  
935.6   	-80.7   
936     	-80.71  
936.4   	-80.68  
936.8   	-80.64  
937.2   	-80.57  
937.6   	-80.38  
938     	-79.85  
938.4   	-78.41  
938.8   	-72.91  
939.2   	-51.71  
939.6   	34.2    
940     	40.58   
940.4   	26.46   
940.8   	8.876   
941.2   	-8.87   
941.6   	-27.1   
942     	-45.74  
942.4   	-60.37  
942.8   	-69.07  
943.2   	-73.91  
943.6   	-76.61  
944     	-78.16  
944.4   	-79.09  
944.8   	-79.67  
945.2   	-80.03  
945.6   	-80.27  
946     	-80.42  
946.4   	-80.51  
946.8   	-80.55  
947.2   	-80.56  
947.6   	-80.51  
948     	-80.35  
948.4   	-79.88  
948.8   	-78.68  
949.2   	-74.22  
949.6   	-56.98  
950     	20.24   
950.4   	41.85   
950.8   	28.91   
951.2   	11.6    
951.6   	-6.19   
952     	-24.19  
952.4   	-42.98  
952.8   	-58.48  
953.2   	-67.99  
953.6   	-73.29  
954     	-76.26  
954.4   	-77.95  
954.8   	-78.96  
955.2   	-79.57  
955.6   	-79.96  
956     	-80.21  
956.4   	-80.37  
956.8   	-80.46  
957.2   	-80.51  
957.6   	-80.53  
958     	-80.53  
958.4   	-80.51  
958.8   	-80.48  
959.2   	-80.43  
959.6   	-80.32  
960     	-80.02  
960.4   	-79.26  
960.8   	-76.75  
961.2   	-66.88  
961.6   	-28.95  
962     	43.37   
962.4   	35.12   
962.8   	18.85   
963.2   	0.9624  
963.6   	-16.74  
964     	-35.52  
964.4   	-52.98  
964.8   	-64.82  
965.2   	-71.55  
965.6   	-75.29  
966     	-77.4   
966.4   	-78.64  
966.8   	-79.4   
967.2   	-79.87  
967.6   	-80.19  
968     	-80.39  
968.4   	-80.52  
968.8   	-80.59  
969.2   	-80.63  
969.6   	-80.65  
970     	-80.65  
970.4   	-80.63  
970.8   	-80.59  
971.2   	-80.47  
971.6   	-80.1   
972     	-79.14  
972.4   	-75.79  
972.8   	-62.69  
973.2   	-9.029  
973.6   	43.18   
974     	32.17   
974.4   	15.31   
974.8   	-2.557  
975.2   	-20.36  
975.6   	-39.22  
976     	-55.81  
976.4   	-66.47  
976.8   	-72.47  
977.2   	-75.81  
977.6   	-77.72  
978     	-78.85  
978.4   	-79.55  
978.8   	-80     
979.2   	-80.29  
979.6   	-80.48  
980     	-80.61  
980.4   	-80.69  
980.8   	-80.75  
981.2   	-80.78  
981.6   	-80.79  
982     	-80.8   
982.4   	-80.79  
982.8   	-80.77  
983.2   	-80.75  
983.6   	-80.71  
984     	-80.67  
984.4   	-80.62  
984.8   	-80.54  
985.2   	-80.33  
985.6   	-79.73  
986     	-77.99  
986.4   	-71.16  
986.8   	-45.06  
987.2   	40.38   
987.6   	38.85   
988     	23.74   
988.4   	5.978   
988.8   	-11.71  
989.2   	-30.16  
989.6   	-48.5   
990     	-62.12  
990.4   	-70.06  
990.8   	-74.47  
991.2   	-76.95  
991.6   	-78.4   
992     	-79.28  
992.4   	-79.83  
992.8   	-80.18  
993.2   	-80.42  
993.6   	-80.57  
994     	-80.67  
994.4   	-80.72  
994.8   	-80.69  
995.2   	-80.44  
995.6   	-79.79  
996     	-77.94  
996.4   	-70.85  
996.8   	-44.52  
997.2   	40.04   
997.6   	38.38   
998     	23.29   
998.4   	5.546   
998.8   	-12.12  
999.2   	-30.59  
999.6   	-48.84  
