
SWEPT_VAR_1 = 15.0    // Syn: Source PP \ NetStim \ PARAMETER \ interval (ms)

t	s.v( 0.05 )
ms	mV
0       	-64.65  
0.4     	-65.51  
0.8     	-66.35  
1.2     	-67.15  
1.6     	-67.92  
2       	-68.66  
2.4     	-69.37  
2.8     	-70.05  
3.2     	-70.69  
3.6     	-71.29  
4       	-71.85  
4.4     	-72.35  
4.8     	-72.81  
5.2     	-73.21  
5.6     	-73.55  
6       	-73.68  
6.4     	-73.23  
6.8     	-70.06  
7.2     	-53.67  
7.6     	30.14   
8       	41.51   
8.4     	27.61   
8.8     	10.04   
9.2     	-7.768  
9.6     	-25.93  
10      	-44.77  
10.4    	-59.84  
10.8    	-68.83  
11.2    	-73.79  
11.6    	-76.54  
12      	-78.1   
12.4    	-79.01  
12.8    	-79.56  
13.2    	-79.88  
13.6    	-80.06  
14      	-80.15  
14.4    	-80.17  
14.8    	-80.12  
15.2    	-79.94  
15.6    	-79.51  
16      	-78.63  
16.4    	-75.66  
16.8    	-63.94  
17.2    	-17.77  
17.6    	43.04   
18      	32.98   
18.4    	16.34   
18.8    	-1.515  
19.2    	-19.25  
19.6    	-38.06  
20      	-54.89  
20.4    	-65.88  
20.8    	-72.07  
21.2    	-75.49  
21.6    	-77.41  
22      	-78.51  
22.4    	-79.16  
22.8    	-79.54  
23.2    	-79.76  
23.6    	-79.88  
24      	-79.92  
24.4    	-79.91  
24.8    	-79.85  
25.2    	-79.76  
25.6    	-79.65  
26      	-79.51  
26.4    	-79.37  
26.8    	-79.22  
27.2    	-79.06  
27.6    	-78.9   
28      	-78.75  
28.4    	-78.59  
28.8    	-78.44  
29.2    	-78.28  
29.6    	-78.13  
30      	-77.97  
30.4    	-77.79  
30.8    	-77.61  
31.2    	-77.42  
31.6    	-77.22  
32      	-77.04  
32.4    	-76.86  
32.8    	-76.7   
33.2    	-76.55  
33.6    	-76.42  
34      	-76.29  
34.4    	-76.18  
34.8    	-76.07  
35.2    	-75.95  
35.6    	-75.84  
36      	-75.72  
36.4    	-75.6   
36.8    	-75.47  
37.2    	-75.35  
37.6    	-75.22  
38      	-75.07  
38.4    	-74.91  
38.8    	-74.74  
39.2    	-74.56  
39.6    	-74.37  
40      	-74.17  
40.4    	-73.96  
40.8    	-73.72  
41.2    	-73.45  
41.6    	-72.87  
42      	-69.71  
42.4    	-52.79  
42.8    	32.15   
43.2    	41.26   
43.6    	27.2    
44      	9.601   
44.4    	-8.174  
44.8    	-26.32  
45.2    	-45.06  
45.6    	-59.96  
46      	-68.8   
46.4    	-73.67  
46.8    	-76.35  
47.2    	-77.86  
47.6    	-78.72  
48      	-79.21  
48.4    	-79.48  
48.8    	-79.62  
49.2    	-79.65  
49.6    	-79.63  
50      	-79.55  
50.4    	-79.43  
50.8    	-79.29  
51.2    	-79.12  
51.6    	-78.95  
52      	-78.75  
52.4    	-78.55  
52.8    	-78.34  
53.2    	-78.12  
53.6    	-77.89  
54      	-77.66  
54.4    	-77.43  
54.8    	-77.21  
55.2    	-77     
55.6    	-76.79  
56      	-76.59  
56.4    	-76.39  
56.8    	-76.2   
57.2    	-76.01  
57.6    	-75.82  
58      	-75.64  
58.4    	-75.46  
58.8    	-75.29  
59.2    	-75.13  
59.6    	-74.98  
60      	-74.85  
60.4    	-74.73  
60.8    	-74.6   
61.2    	-74.47  
61.6    	-74.35  
62      	-74.22  
62.4    	-74.09  
62.8    	-73.96  
63.2    	-73.82  
63.6    	-73.68  
64      	-73.53  
64.4    	-73.38  
64.8    	-73.22  
65.2    	-73.05  
65.6    	-72.86  
66      	-72.59  
66.4    	-71.54  
66.8    	-65.1   
67.2    	-32.33  
67.6    	43.62   
68      	35.83   
68.4    	19.58   
68.8    	1.648   
69.2    	-16.02  
69.6    	-34.76  
70      	-52.43  
70.4    	-64.51  
70.8    	-71.32  
71.2    	-75.06  
71.6    	-77.14  
72      	-78.32  
72.4    	-79.01  
72.8    	-79.41  
73.2    	-79.63  
73.6    	-79.73  
74      	-79.74  
74.4    	-79.71  
74.8    	-79.63  
75.2    	-79.52  
75.6    	-79.38  
76      	-79.21  
76.4    	-79.03  
76.8    	-78.84  
77.2    	-78.65  
77.6    	-78.45  
78      	-78.25  
78.4    	-78.05  
78.8    	-77.84  
79.2    	-77.63  
79.6    	-77.41  
80      	-77.18  
80.4    	-76.94  
80.8    	-76.7   
81.2    	-76.47  
81.6    	-76.25  
82      	-76.04  
82.4    	-75.85  
82.8    	-75.67  
83.2    	-75.52  
83.6    	-75.37  
84      	-75.24  
84.4    	-75.11  
84.8    	-74.99  
85.2    	-74.85  
85.6    	-74.71  
86      	-74.56  
86.4    	-74.41  
86.8    	-74.26  
87.2    	-74.11  
87.6    	-73.95  
88      	-73.79  
88.4    	-73.64  
88.8    	-73.47  
89.2    	-73.14  
89.6    	-71.31  
90      	-61.02  
90.4    	-7.1    
90.8    	43.52   
91.2    	32.08   
91.6    	15.06   
92      	-2.838  
92.4    	-20.64  
92.8    	-39.54  
93.2    	-56.12  
93.6    	-66.66  
94      	-72.53  
94.4    	-75.75  
94.8    	-77.56  
95.2    	-78.61  
95.6    	-79.23  
96      	-79.58  
96.4    	-79.78  
96.8    	-79.87  
97.2    	-79.9   
97.6    	-79.87  
98      	-79.82  
98.4    	-79.74  
98.8    	-79.64  
99.2    	-79.52  
99.6    	-79.38  
100     	-79.24  
100.4   	-79.07  
100.8   	-78.9   
101.2   	-78.71  
101.6   	-78.5   
102     	-78.28  
102.4   	-78.05  
102.8   	-77.81  
103.2   	-77.59  
103.6   	-77.36  
104     	-77.15  
104.4   	-76.95  
104.8   	-76.75  
105.2   	-76.57  
105.6   	-76.39  
106     	-76.23  
106.4   	-76.06  
106.8   	-75.91  
107.2   	-75.75  
107.6   	-75.61  
108     	-75.47  
108.4   	-75.35  
108.8   	-75.23  
109.2   	-75.11  
109.6   	-74.98  
110     	-74.85  
110.4   	-74.72  
110.8   	-74.59  
111.2   	-74.47  
111.6   	-74.36  
112     	-74.26  
112.4   	-74.15  
112.8   	-74.05  
113.2   	-73.94  
113.6   	-73.83  
114     	-73.72  
114.4   	-73.61  
114.8   	-73.5   
115.2   	-73.39  
115.6   	-73.26  
116     	-73.12  
116.4   	-72.93  
116.8   	-72.22  
117.2   	-67.8   
117.6   	-44.9   
118     	40.72   
118.4   	38.91   
118.8   	23.63   
119.2   	5.808   
119.6   	-11.87  
120     	-30.32  
120.4   	-48.69  
120.8   	-62.27  
121.2   	-70.1   
121.6   	-74.39  
122     	-76.77  
122.4   	-78.13  
122.8   	-78.92  
123.2   	-79.39  
123.6   	-79.66  
124     	-79.82  
124.4   	-79.89  
124.8   	-79.89  
125.2   	-79.85  
125.6   	-79.77  
126     	-79.65  
126.4   	-79.5   
126.8   	-79.32  
127.2   	-79.12  
127.6   	-78.9   
128     	-78.67  
128.4   	-78.44  
128.8   	-78.21  
129.2   	-77.99  
129.6   	-77.79  
130     	-77.6   
130.4   	-77.41  
130.8   	-77.22  
131.2   	-77.03  
131.6   	-76.83  
132     	-76.64  
132.4   	-76.45  
132.8   	-76.26  
133.2   	-76.08  
133.6   	-75.91  
134     	-75.74  
134.4   	-75.59  
134.8   	-75.44  
135.2   	-75.29  
135.6   	-75.15  
136     	-75.02  
136.4   	-74.9   
136.8   	-74.77  
137.2   	-74.65  
137.6   	-74.53  
138     	-74.42  
138.4   	-74.31  
138.8   	-74.2   
139.2   	-74.1   
139.6   	-73.99  
140     	-73.87  
140.4   	-73.76  
140.8   	-73.64  
141.2   	-73.52  
141.6   	-73.4   
142     	-73.29  
142.4   	-73.18  
142.8   	-73.06  
143.2   	-72.83  
143.6   	-71.52  
144     	-63.75  
144.4   	-24.45  
144.8   	43.91   
145.2   	34.43   
145.6   	17.84   
146     	-0.1018 
146.4   	-17.82  
146.8   	-36.67  
147.2   	-53.97  
147.6   	-65.43  
148     	-71.84  
148.4   	-75.36  
148.8   	-77.33  
149.2   	-78.46  
149.6   	-79.12  
150     	-79.51  
150.4   	-79.72  
150.8   	-79.82  
151.2   	-79.86  
151.6   	-79.84  
152     	-79.78  
152.4   	-79.69  
152.8   	-79.57  
153.2   	-79.43  
153.6   	-79.26  
154     	-79.06  
154.4   	-78.86  
154.8   	-78.64  
155.2   	-78.42  
155.6   	-78.19  
156     	-77.97  
156.4   	-77.75  
156.8   	-77.54  
157.2   	-77.33  
157.6   	-77.13  
158     	-76.93  
158.4   	-76.73  
158.8   	-76.53  
159.2   	-76.34  
159.6   	-76.13  
160     	-75.92  
160.4   	-75.69  
160.8   	-75.45  
161.2   	-75.21  
161.6   	-74.97  
162     	-74.73  
162.4   	-74.51  
162.8   	-74.3   
163.2   	-74.12  
163.6   	-73.96  
164     	-73.78  
164.4   	-73.23  
164.8   	-70.04  
165.2   	-53.31  
165.6   	31.09   
166     	41.4    
166.4   	27.44   
166.8   	9.87    
167.2   	-7.907  
167.6   	-26.03  
168     	-44.78  
168.4   	-59.77  
168.8   	-68.7   
169.2   	-73.63  
169.6   	-76.35  
170     	-77.89  
170.4   	-78.78  
170.8   	-79.3   
171.2   	-79.61  
171.6   	-79.78  
172     	-79.86  
172.4   	-79.87  
172.8   	-79.83  
173.2   	-79.75  
173.6   	-79.64  
174     	-79.5   
174.4   	-79.34  
174.8   	-79.17  
175.2   	-78.99  
175.6   	-78.8   
176     	-78.58  
176.4   	-78.35  
176.8   	-78.09  
177.2   	-77.8   
177.6   	-77.48  
178     	-77.13  
178.4   	-76.78  
178.8   	-76.46  
179.2   	-76.19  
179.6   	-75.97  
180     	-75.79  
180.4   	-75.65  
180.8   	-75.53  
181.2   	-75.44  
181.6   	-75.36  
182     	-75.3   
182.4   	-75.25  
182.8   	-75.21  
183.2   	-75.18  
183.6   	-75.16  
184     	-75.14  
184.4   	-75.13  
184.8   	-75.12  
185.2   	-75.11  
185.6   	-75.1   
186     	-75.09  
186.4   	-75.07  
186.8   	-75.05  
187.2   	-75.03  
187.6   	-75.01  
188     	-74.99  
188.4   	-74.97  
188.8   	-74.95  
189.2   	-74.92  
189.6   	-74.9   
190     	-74.88  
190.4   	-74.85  
190.8   	-74.82  
191.2   	-74.78  
191.6   	-74.73  
192     	-74.67  
192.4   	-74.6   
192.8   	-74.51  
193.2   	-74.39  
193.6   	-74.23  
194     	-74.03  
194.4   	-73.76  
194.8   	-73.32  
195.2   	-71.42  
195.6   	-60.92  
196     	-6.094  
196.4   	43.49   
196.8   	31.98   
197.2   	14.95   
197.6   	-2.952  
198     	-20.77  
198.4   	-39.69  
198.8   	-56.24  
199.2   	-66.73  
199.6   	-72.57  
200     	-75.79  
200.4   	-77.6   
200.8   	-78.65  
201.2   	-79.27  
201.6   	-79.64  
202     	-79.85  
202.4   	-79.96  
202.8   	-80     
203.2   	-79.99  
203.6   	-79.93  
204     	-79.83  
204.4   	-79.71  
204.8   	-79.57  
205.2   	-79.42  
205.6   	-79.26  
206     	-79.1   
206.4   	-78.92  
206.8   	-78.72  
207.2   	-78.5   
207.6   	-78.27  
208     	-78     
208.4   	-77.67  
208.8   	-77.26  
209.2   	-76.69  
209.6   	-75.41  
210     	-69.69  
210.4   	-44.79  
210.8   	40.61   
211.2   	38.81   
211.6   	23.62   
212     	5.83    
212.4   	-11.84  
212.8   	-30.27  
213.2   	-48.58  
213.6   	-62.15  
214     	-70     
214.4   	-74.32  
214.8   	-76.72  
215.2   	-78.08  
215.6   	-78.87  
216     	-79.34  
216.4   	-79.61  
216.8   	-79.75  
217.2   	-79.8   
217.6   	-79.79  
218     	-79.74  
218.4   	-79.66  
218.8   	-79.55  
219.2   	-79.42  
219.6   	-79.27  
220     	-79.1   
220.4   	-78.92  
220.8   	-78.71  
221.2   	-78.48  
221.6   	-78.21  
222     	-77.89  
222.4   	-77.52  
222.8   	-77.06  
223.2   	-76.46  
223.6   	-74.92  
224     	-67.81  
224.4   	-37.2   
224.8   	42.87   
225.2   	36.9    
225.6   	21.04   
226     	3.167   
226.4   	-14.49  
226.8   	-33.09  
227.2   	-50.99  
227.6   	-63.59  
228     	-70.79  
228.4   	-74.74  
228.8   	-76.94  
229.2   	-78.19  
229.6   	-78.91  
230     	-79.33  
230.4   	-79.54  
230.8   	-79.63  
231.2   	-79.63  
231.6   	-79.57  
232     	-79.46  
232.4   	-79.31  
232.8   	-79.13  
233.2   	-78.93  
233.6   	-78.72  
234     	-78.51  
234.4   	-78.28  
234.8   	-78.04  
235.2   	-77.8   
235.6   	-77.54  
236     	-77.29  
236.4   	-77.03  
236.8   	-76.77  
237.2   	-76.51  
237.6   	-76.27  
238     	-76.04  
238.4   	-75.82  
238.8   	-75.61  
239.2   	-75.41  
239.6   	-75.22  
240     	-75.02  
240.4   	-74.83  
240.8   	-74.64  
241.2   	-74.45  
241.6   	-74.26  
242     	-74.07  
242.4   	-73.89  
242.8   	-73.71  
243.2   	-73.53  
243.6   	-73.32  
244     	-72.82  
244.4   	-69.98  
244.8   	-54.53  
245.2   	27.7    
245.6   	41.77   
246     	28.08   
246.4   	10.56   
246.8   	-7.228  
247.2   	-25.29  
247.6   	-44.09  
248     	-59.31  
248.4   	-68.45  
248.8   	-73.5   
249.2   	-76.27  
249.6   	-77.84  
250     	-78.74  
250.4   	-79.26  
250.8   	-79.56  
251.2   	-79.72  
251.6   	-79.78  
252     	-79.78  
252.4   	-79.74  
252.8   	-79.66  
253.2   	-79.56  
253.6   	-79.44  
254     	-79.3   
254.4   	-79.14  
254.8   	-78.96  
255.2   	-78.76  
255.6   	-78.55  
256     	-78.34  
256.4   	-78.12  
256.8   	-77.88  
257.2   	-77.62  
257.6   	-77.35  
258     	-77.08  
258.4   	-76.79  
258.8   	-76.5   
259.2   	-76.2   
259.6   	-75.88  
260     	-75.56  
260.4   	-75.23  
260.8   	-74.9   
261.2   	-74.56  
261.6   	-74.19  
262     	-73.2   
262.4   	-67.86  
262.8   	-42.05  
263.2   	41.92   
263.6   	38.15   
264     	22.62   
264.4   	4.763   
264.8   	-12.92  
265.2   	-31.45  
265.6   	-49.67  
266     	-62.86  
266.4   	-70.42  
266.8   	-74.56  
267.2   	-76.86  
267.6   	-78.17  
268     	-78.91  
268.4   	-79.34  
268.8   	-79.57  
269.2   	-79.68  
269.6   	-79.7   
270     	-79.67  
270.4   	-79.59  
270.8   	-79.48  
271.2   	-79.35  
271.6   	-79.19  
272     	-79.01  
272.4   	-78.82  
272.8   	-78.61  
273.2   	-78.4   
273.6   	-78.17  
274     	-77.93  
274.4   	-77.69  
274.8   	-77.45  
275.2   	-77.21  
275.6   	-76.98  
276     	-76.75  
276.4   	-76.52  
276.8   	-76.28  
277.2   	-76.03  
277.6   	-75.79  
278     	-75.55  
278.4   	-75.32  
278.8   	-75.08  
279.2   	-74.85  
279.6   	-74.62  
280     	-74.38  
280.4   	-74.14  
280.8   	-73.89  
281.2   	-73.38  
281.6   	-70.82  
282     	-57.06  
282.4   	18.01   
282.8   	42.5    
283.2   	29.49   
283.6   	12.13   
284     	-5.703  
284.4   	-23.65  
284.8   	-42.51  
285.2   	-58.22  
285.6   	-67.82  
286     	-73.12  
286.4   	-76.04  
286.8   	-77.68  
287.2   	-78.63  
287.6   	-79.18  
288     	-79.5   
288.4   	-79.68  
288.8   	-79.76  
289.2   	-79.78  
289.6   	-79.74  
290     	-79.67  
290.4   	-79.58  
290.8   	-79.46  
291.2   	-79.33  
291.6   	-79.19  
292     	-79.03  
292.4   	-78.85  
292.8   	-78.65  
293.2   	-78.43  
293.6   	-78.2   
294     	-77.97  
294.4   	-77.72  
294.8   	-77.46  
295.2   	-77.17  
295.6   	-76.87  
296     	-76.53  
296.4   	-76.17  
296.8   	-75.77  
297.2   	-75.32  
297.6   	-74.37  
298     	-69.82  
298.4   	-48.36  
298.8   	38.21   
299.2   	39.86   
299.6   	25.08   
300     	7.35    
300.4   	-10.35  
300.8   	-28.67  
301.2   	-47.19  
301.6   	-61.31  
302     	-69.56  
302.4   	-74.1   
302.8   	-76.62  
303.2   	-78.06  
303.6   	-78.89  
304     	-79.39  
304.4   	-79.67  
304.8   	-79.82  
305.2   	-79.88  
305.6   	-79.87  
306     	-79.82  
306.4   	-79.73  
306.8   	-79.61  
307.2   	-79.46  
307.6   	-79.3   
308     	-79.12  
308.4   	-78.92  
308.8   	-78.71  
309.2   	-78.49  
309.6   	-78.27  
310     	-78.05  
310.4   	-77.82  
310.8   	-77.59  
311.2   	-77.36  
311.6   	-77.13  
312     	-76.92  
312.4   	-76.7   
312.8   	-76.49  
313.2   	-76.27  
313.6   	-76.05  
314     	-75.83  
314.4   	-75.63  
314.8   	-75.43  
315.2   	-75.25  
315.6   	-75.08  
316     	-74.92  
316.4   	-74.78  
316.8   	-74.66  
317.2   	-74.54  
317.6   	-74.42  
318     	-74.31  
318.4   	-74.18  
318.8   	-74.03  
319.2   	-73.87  
319.6   	-73.7   
320     	-73.52  
320.4   	-73.33  
320.8   	-73.12  
321.2   	-72.66  
321.6   	-70.1   
322     	-55.87  
322.4   	22.81   
322.8   	42.18   
323.2   	28.83   
323.6   	11.39   
324     	-6.421  
324.4   	-24.41  
324.8   	-43.24  
325.2   	-58.73  
325.6   	-68.12  
326     	-73.3   
326.4   	-76.14  
326.8   	-77.75  
327.2   	-78.66  
327.6   	-79.2   
328     	-79.51  
328.4   	-79.67  
328.8   	-79.74  
329.2   	-79.74  
329.6   	-79.7   
330     	-79.62  
330.4   	-79.51  
330.8   	-79.37  
331.2   	-79.22  
331.6   	-79.05  
332     	-78.86  
332.4   	-78.66  
332.8   	-78.45  
333.2   	-78.23  
333.6   	-78     
334     	-77.77  
334.4   	-77.54  
334.8   	-77.3   
335.2   	-77.07  
335.6   	-76.84  
336     	-76.62  
336.4   	-76.41  
336.8   	-76.21  
337.2   	-76.02  
337.6   	-75.85  
338     	-75.7   
338.4   	-75.55  
338.8   	-75.41  
339.2   	-75.27  
339.6   	-75.14  
340     	-75.01  
340.4   	-74.9   
340.8   	-74.78  
341.2   	-74.66  
341.6   	-74.54  
342     	-74.43  
342.4   	-74.32  
342.8   	-74.21  
343.2   	-74.11  
343.6   	-74.01  
344     	-73.92  
344.4   	-73.84  
344.8   	-73.76  
345.2   	-73.68  
345.6   	-73.62  
346     	-73.55  
346.4   	-73.49  
346.8   	-73.42  
347.2   	-73.36  
347.6   	-73.3   
348     	-73.23  
348.4   	-73.15  
348.8   	-73.08  
349.2   	-73     
349.6   	-72.92  
350     	-72.82  
350.4   	-72.7   
350.8   	-72.48  
351.2   	-71.23  
351.6   	-63.65  
352     	-24.68  
352.4   	43.92   
352.8   	34.46   
353.2   	17.88   
353.6   	-0.07189
354     	-17.79  
354.4   	-36.64  
354.8   	-53.95  
355.2   	-65.41  
355.6   	-71.83  
356     	-75.35  
356.4   	-77.31  
356.8   	-78.44  
357.2   	-79.11  
357.6   	-79.5   
358     	-79.73  
358.4   	-79.84  
358.8   	-79.88  
359.2   	-79.87  
359.6   	-79.8   
360     	-79.69  
360.4   	-79.55  
360.8   	-79.38  
361.2   	-79.17  
361.6   	-78.93  
362     	-78.67  
362.4   	-78.39  
362.8   	-78.08  
363.2   	-77.75  
363.6   	-77.4   
364     	-77.04  
364.4   	-76.68  
364.8   	-76.36  
365.2   	-76.06  
365.6   	-75.78  
366     	-75.52  
366.4   	-75.29  
366.8   	-75.06  
367.2   	-74.85  
367.6   	-74.54  
368     	-73.34  
368.4   	-66.93  
368.8   	-36.98  
369.2   	43.05   
369.6   	36.88   
370     	20.95   
370.4   	3.054   
370.8   	-14.61  
371.2   	-33.25  
371.6   	-51.16  
372     	-63.74  
372.4   	-70.89  
372.8   	-74.82  
373.2   	-77.01  
373.6   	-78.25  
374     	-78.97  
374.4   	-79.4   
374.8   	-79.63  
375.2   	-79.76  
375.6   	-79.8   
376     	-79.79  
376.4   	-79.74  
376.8   	-79.66  
377.2   	-79.55  
377.6   	-79.42  
378     	-79.28  
378.4   	-79.12  
378.8   	-78.95  
379.2   	-78.75  
379.6   	-78.55  
380     	-78.31  
380.4   	-78.06  
380.8   	-77.81  
381.2   	-77.55  
381.6   	-77.3   
382     	-77.05  
382.4   	-76.82  
382.8   	-76.59  
383.2   	-76.38  
383.6   	-76.17  
384     	-75.97  
384.4   	-75.76  
384.8   	-75.57  
385.2   	-75.38  
385.6   	-75.21  
386     	-75.06  
386.4   	-74.92  
386.8   	-74.79  
387.2   	-74.67  
387.6   	-74.56  
388     	-74.46  
388.4   	-74.36  
388.8   	-74.26  
389.2   	-74.17  
389.6   	-74.09  
390     	-74.01  
390.4   	-73.94  
390.8   	-73.87  
391.2   	-73.8   
391.6   	-73.74  
392     	-73.68  
392.4   	-73.61  
392.8   	-73.53  
393.2   	-73.46  
393.6   	-73.38  
394     	-73.31  
394.4   	-73.24  
394.8   	-73.18  
395.2   	-73.13  
395.6   	-73.07  
396     	-73.02  
396.4   	-72.97  
396.8   	-72.93  
397.2   	-72.88  
397.6   	-72.84  
398     	-72.79  
398.4   	-72.73  
398.8   	-72.67  
399.2   	-72.61  
399.6   	-72.53  
400     	-72.45  
400.4   	-72.28  
400.8   	-71.36  
401.2   	-65.43  
401.6   	-34.77  
402     	43.41   
402.4   	36.34   
402.8   	20.2    
403.2   	2.28    
403.6   	-15.39  
404     	-34.09  
404.4   	-51.9   
404.8   	-64.22  
405.2   	-71.19  
405.6   	-75.02  
406     	-77.16  
406.4   	-78.39  
406.8   	-79.11  
407.2   	-79.54  
407.6   	-79.79  
408     	-79.91  
408.4   	-79.95  
408.8   	-79.93  
409.2   	-79.85  
409.6   	-79.75  
410     	-79.61  
410.4   	-79.44  
410.8   	-79.25  
411.2   	-79.04  
411.6   	-78.83  
412     	-78.61  
412.4   	-78.39  
412.8   	-78.16  
413.2   	-77.93  
413.6   	-77.69  
414     	-77.46  
414.4   	-77.23  
414.8   	-76.99  
415.2   	-76.74  
415.6   	-76.49  
416     	-76.23  
416.4   	-75.96  
416.8   	-75.7   
417.2   	-75.43  
417.6   	-75.17  
418     	-74.91  
418.4   	-74.67  
418.8   	-74.43  
419.2   	-74.21  
419.6   	-73.97  
420     	-73.46  
420.4   	-70.71  
420.8   	-56.13  
421.2   	22.28   
421.6   	42.2    
422     	28.92   
422.4   	11.49   
422.8   	-6.318  
423.2   	-24.31  
423.6   	-43.14  
424     	-58.65  
424.4   	-68.07  
424.8   	-73.28  
425.2   	-76.15  
425.6   	-77.77  
426     	-78.7   
426.4   	-79.26  
426.8   	-79.59  
427.2   	-79.76  
427.6   	-79.84  
428     	-79.85  
428.4   	-79.81  
428.8   	-79.73  
429.2   	-79.61  
429.6   	-79.47  
430     	-79.31  
430.4   	-79.14  
430.8   	-78.95  
431.2   	-78.74  
431.6   	-78.52  
432     	-78.28  
432.4   	-78.02  
432.8   	-77.75  
433.2   	-77.49  
433.6   	-77.23  
434     	-76.98  
434.4   	-76.74  
434.8   	-76.51  
435.2   	-76.29  
435.6   	-76.07  
436     	-75.86  
436.4   	-75.65  
436.8   	-75.42  
437.2   	-75.18  
437.6   	-74.93  
438     	-74.65  
438.4   	-74.33  
438.8   	-73.96  
439.2   	-73.25  
439.6   	-69.8   
440     	-51.89  
440.4   	33.89   
440.8   	40.97   
441.2   	26.75   
441.6   	9.116   
442     	-8.646  
442.4   	-26.83  
442.8   	-45.55  
443.2   	-60.28  
443.6   	-68.99  
444     	-73.78  
444.4   	-76.42  
444.8   	-77.92  
445.2   	-78.79  
445.6   	-79.3   
446     	-79.59  
446.4   	-79.74  
446.8   	-79.8   
447.2   	-79.8   
447.6   	-79.74  
448     	-79.64  
448.4   	-79.51  
448.8   	-79.36  
449.2   	-79.19  
449.6   	-79     
450     	-78.8   
450.4   	-78.58  
450.8   	-78.34  
451.2   	-78.08  
451.6   	-77.79  
452     	-77.5   
452.4   	-77.22  
452.8   	-76.94  
453.2   	-76.68  
453.6   	-76.45  
454     	-76.24  
454.4   	-76.05  
454.8   	-75.88  
455.2   	-75.72  
455.6   	-75.58  
456     	-75.43  
456.4   	-75.28  
456.8   	-75.14  
457.2   	-74.99  
457.6   	-74.83  
458     	-74.66  
458.4   	-74.49  
458.8   	-74.33  
459.2   	-74.17  
459.6   	-74.01  
460     	-73.87  
460.4   	-73.72  
460.8   	-73.57  
461.2   	-73.41  
461.6   	-73.24  
462     	-73.04  
462.4   	-72.73  
462.8   	-71.24  
463.2   	-62.5   
463.6   	-17.36  
464     	43.82   
464.4   	33.34   
464.8   	16.54   
465.2   	-1.387  
465.6   	-19.13  
466     	-38.03  
466.4   	-55.01  
466.8   	-66.03  
467.2   	-72.18  
467.6   	-75.56  
468     	-77.46  
468.4   	-78.57  
468.8   	-79.22  
469.2   	-79.62  
469.6   	-79.85  
470     	-79.99  
470.4   	-80.05  
470.8   	-80.05  
471.2   	-80.01  
471.6   	-79.93  
472     	-79.82  
472.4   	-79.69  
472.8   	-79.54  
473.2   	-79.36  
473.6   	-79.17  
474     	-78.96  
474.4   	-78.75  
474.8   	-78.54  
475.2   	-78.32  
475.6   	-78.11  
476     	-77.9   
476.4   	-77.7   
476.8   	-77.49  
477.2   	-77.28  
477.6   	-77.07  
478     	-76.86  
478.4   	-76.66  
478.8   	-76.46  
479.2   	-76.26  
479.6   	-76.05  
480     	-75.83  
480.4   	-75.6   
480.8   	-75.36  
481.2   	-75.12  
481.6   	-74.87  
482     	-74.63  
482.4   	-74.4   
482.8   	-74.17  
483.2   	-73.93  
483.6   	-73.59  
484     	-72.18  
484.4   	-64.25  
484.8   	-25.55  
485.2   	43.87   
485.6   	34.62   
486     	18.1    
486.4   	0.1559  
486.8   	-17.56  
487.2   	-36.39  
487.6   	-53.73  
488     	-65.27  
488.4   	-71.74  
488.8   	-75.29  
489.2   	-77.26  
489.6   	-78.39  
490     	-79.05  
490.4   	-79.42  
490.8   	-79.63  
491.2   	-79.72  
491.6   	-79.74  
492     	-79.69  
492.4   	-79.59  
492.8   	-79.46  
493.2   	-79.29  
493.6   	-79.11  
494     	-78.91  
494.4   	-78.7   
494.8   	-78.49  
495.2   	-78.25  
495.6   	-78.01  
496     	-77.76  
496.4   	-77.5   
496.8   	-77.25  
497.2   	-77.01  
497.6   	-76.79  
498     	-76.57  
498.4   	-76.37  
498.8   	-76.18  
499.2   	-75.99  
499.6   	-75.81  
500     	-75.64  
500.4   	-75.48  
500.8   	-75.33  
501.2   	-75.19  
501.6   	-75.07  
502     	-74.96  
502.4   	-74.85  
502.8   	-74.76  
503.2   	-74.67  
503.6   	-74.57  
504     	-74.47  
504.4   	-74.36  
504.8   	-74.24  
505.2   	-74.11  
505.6   	-73.98  
506     	-73.84  
506.4   	-73.71  
506.8   	-73.57  
507.2   	-73.43  
507.6   	-73.28  
508     	-73.11  
508.4   	-72.87  
508.8   	-71.88  
509.2   	-65.9   
509.6   	-35.74  
510     	43.29   
510.4   	36.58   
510.8   	20.52   
511.2   	2.604   
511.6   	-15.06  
512     	-33.75  
512.4   	-51.62  
512.8   	-64.05  
513.2   	-71.09  
513.6   	-74.96  
514     	-77.11  
514.4   	-78.33  
514.8   	-79.05  
515.2   	-79.47  
515.6   	-79.71  
516     	-79.83  
516.4   	-79.88  
516.8   	-79.87  
517.2   	-79.82  
517.6   	-79.73  
518     	-79.61  
518.4   	-79.45  
518.8   	-79.27  
519.2   	-79.07  
519.6   	-78.84  
520     	-78.6   
520.4   	-78.34  
520.8   	-78.07  
521.2   	-77.79  
521.6   	-77.5   
522     	-77.22  
522.4   	-76.95  
522.8   	-76.7   
523.2   	-76.46  
523.6   	-76.24  
524     	-76.03  
524.4   	-75.84  
524.8   	-75.65  
525.2   	-75.48  
525.6   	-75.31  
526     	-75.16  
526.4   	-75     
526.8   	-74.85  
527.2   	-74.69  
527.6   	-74.54  
528     	-74.39  
528.4   	-74.23  
528.8   	-74.07  
529.2   	-73.89  
529.6   	-73.7   
530     	-73.49  
530.4   	-73.23  
530.8   	-72.44  
531.2   	-67.79  
531.6   	-44.1   
532     	41.13   
532.4   	38.69   
532.8   	23.34   
533.2   	5.502   
533.6   	-12.18  
534     	-30.66  
534.4   	-49     
534.8   	-62.46  
535.2   	-70.21  
535.6   	-74.47  
536     	-76.83  
536.4   	-78.18  
536.8   	-78.96  
537.2   	-79.41  
537.6   	-79.67  
538     	-79.79  
538.4   	-79.83  
538.8   	-79.81  
539.2   	-79.74  
539.6   	-79.64  
540     	-79.51  
540.4   	-79.36  
540.8   	-79.18  
541.2   	-78.99  
541.6   	-78.79  
542     	-78.59  
542.4   	-78.38  
542.8   	-78.17  
543.2   	-77.97  
543.6   	-77.77  
544     	-77.56  
544.4   	-77.36  
544.8   	-77.16  
545.2   	-76.96  
545.6   	-76.76  
546     	-76.56  
546.4   	-76.36  
546.8   	-76.17  
547.2   	-75.97  
547.6   	-75.78  
548     	-75.57  
548.4   	-75.35  
548.8   	-75.1   
549.2   	-74.84  
549.6   	-74.55  
550     	-74.23  
550.4   	-73.79  
550.8   	-72.21  
551.2   	-63.57  
551.6   	-21.38  
552     	43.86   
552.4   	33.96   
552.8   	17.29   
553.2   	-0.6394 
553.6   	-18.36  
554     	-37.22  
554.4   	-54.36  
554.8   	-65.62  
555.2   	-71.92  
555.6   	-75.37  
556     	-77.3   
556.4   	-78.39  
556.8   	-79.03  
557.2   	-79.39  
557.6   	-79.58  
558     	-79.66  
558.4   	-79.67  
558.8   	-79.62  
559.2   	-79.54  
559.6   	-79.41  
560     	-79.25  
560.4   	-79.06  
560.8   	-78.85  
561.2   	-78.61  
561.6   	-78.35  
562     	-78.08  
562.4   	-77.8   
562.8   	-77.53  
563.2   	-77.25  
563.6   	-76.98  
564     	-76.72  
564.4   	-76.47  
564.8   	-76.23  
565.2   	-75.99  
565.6   	-75.77  
566     	-75.57  
566.4   	-75.37  
566.8   	-75.18  
567.2   	-74.99  
567.6   	-74.8   
568     	-74.62  
568.4   	-74.45  
568.8   	-74.29  
569.2   	-74.14  
569.6   	-73.99  
570     	-73.85  
570.4   	-73.7   
570.8   	-73.55  
571.2   	-73.39  
571.6   	-73.2   
572     	-72.8   
572.4   	-70.57  
572.8   	-58.03  
573.2   	12.03   
573.6   	42.84   
574     	30.17   
574.4   	12.87   
574.8   	-4.992  
575.2   	-22.91  
575.6   	-41.82  
576     	-57.76  
576.4   	-67.58  
576.8   	-73.01  
577.2   	-75.99  
577.6   	-77.66  
578     	-78.61  
578.4   	-79.17  
578.8   	-79.49  
579.2   	-79.67  
579.6   	-79.74  
580     	-79.75  
580.4   	-79.71  
580.8   	-79.62  
581.2   	-79.52  
581.6   	-79.39  
582     	-79.24  
582.4   	-79.07  
582.8   	-78.88  
583.2   	-78.69  
583.6   	-78.48  
584     	-78.27  
584.4   	-78.05  
584.8   	-77.82  
585.2   	-77.59  
585.6   	-77.35  
586     	-77.11  
586.4   	-76.87  
586.8   	-76.63  
587.2   	-76.41  
587.6   	-76.19  
588     	-75.99  
588.4   	-75.8   
588.8   	-75.64  
589.2   	-75.49  
589.6   	-75.36  
590     	-75.25  
590.4   	-75.16  
590.8   	-75.08  
591.2   	-75.01  
591.6   	-74.94  
592     	-74.88  
592.4   	-74.81  
592.8   	-74.75  
593.2   	-74.69  
593.6   	-74.62  
594     	-74.55  
594.4   	-74.46  
594.8   	-74.36  
595.2   	-74.25  
595.6   	-74.14  
596     	-74.04  
596.4   	-73.93  
596.8   	-73.82  
597.2   	-73.69  
597.6   	-73.57  
598     	-73.43  
598.4   	-73.3   
598.8   	-73.12  
599.2   	-72.46  
599.6   	-68.35  
600     	-47.04  
600.4   	39.28   
600.8   	39.51   
601.2   	24.48   
601.6   	6.703   
602     	-10.99  
602.4   	-29.35  
602.8   	-47.83  
603.2   	-61.74  
603.6   	-69.81  
604     	-74.25  
604.4   	-76.72  
604.8   	-78.13  
605.2   	-78.96  
605.6   	-79.45  
606     	-79.75  
606.4   	-79.92  
606.8   	-80.01  
607.2   	-80.03  
607.6   	-80.02  
608     	-79.97  
608.4   	-79.89  
608.8   	-79.8   
609.2   	-79.69  
609.6   	-79.56  
610     	-79.41  
610.4   	-79.25  
610.8   	-79.1   
611.2   	-78.92  
611.6   	-78.73  
612     	-78.52  
612.4   	-78.29  
612.8   	-78.05  
613.2   	-77.79  
613.6   	-77.51  
614     	-77.2   
614.4   	-76.86  
614.8   	-76.51  
615.2   	-76.17  
615.6   	-75.85  
616     	-75.58  
616.4   	-75.35  
616.8   	-75.16  
617.2   	-75.01  
617.6   	-74.85  
618     	-74.51  
618.4   	-72.74  
618.8   	-63.5   
619.2   	-19.67  
619.6   	43.82   
620     	33.71   
620.4   	17      
620.8   	-0.9282 
621.2   	-18.67  
621.6   	-37.54  
622     	-54.61  
622.4   	-65.78  
622.8   	-72.02  
623.2   	-75.46  
623.6   	-77.38  
624     	-78.49  
624.4   	-79.15  
624.8   	-79.54  
625.2   	-79.77  
625.6   	-79.87  
626     	-79.9   
626.4   	-79.87  
626.8   	-79.79  
627.2   	-79.67  
627.6   	-79.53  
628     	-79.35  
628.4   	-79.13  
628.8   	-78.85  
629.2   	-78.52  
629.6   	-78.14  
630     	-77.73  
630.4   	-77.32  
630.8   	-76.93  
631.2   	-76.56  
631.6   	-76.21  
632     	-75.86  
632.4   	-75.35  
632.8   	-73.4   
633.2   	-63.77  
633.6   	-19.73  
634     	43.72   
634.4   	33.68   
634.8   	17      
635.2   	-0.9097 
635.6   	-18.63  
636     	-37.46  
636.4   	-54.5   
636.8   	-65.66  
637.2   	-71.92  
637.6   	-75.36  
638     	-77.28  
638.4   	-78.38  
638.8   	-79.02  
639.2   	-79.39  
639.6   	-79.6   
640     	-79.71  
640.4   	-79.74  
640.8   	-79.71  
641.2   	-79.64  
641.6   	-79.54  
642     	-79.43  
642.4   	-79.29  
642.8   	-79.15  
643.2   	-79     
643.6   	-78.83  
644     	-78.66  
644.4   	-78.49  
644.8   	-78.31  
645.2   	-78.13  
645.6   	-77.95  
646     	-77.76  
646.4   	-77.57  
646.8   	-77.38  
647.2   	-77.18  
647.6   	-76.99  
648     	-76.78  
648.4   	-76.57  
648.8   	-76.33  
649.2   	-76.08  
649.6   	-75.81  
650     	-75.52  
650.4   	-75.19  
650.8   	-74.84  
651.2   	-74.39  
651.6   	-73.09  
652     	-66.24  
652.4   	-33.99  
652.8   	43.38   
653.2   	36.19   
653.6   	20.06   
654     	2.154   
654.4   	-15.5   
654.8   	-34.19  
655.2   	-51.93  
655.6   	-64.2   
656     	-71.15  
656.4   	-74.97  
656.8   	-77.1   
657.2   	-78.32  
657.6   	-79.04  
658     	-79.46  
658.4   	-79.7   
658.8   	-79.82  
659.2   	-79.86  
659.6   	-79.84  
660     	-79.78  
660.4   	-79.69  
660.8   	-79.58  
661.2   	-79.46  
661.6   	-79.32  
662     	-79.17  
662.4   	-79.02  
662.8   	-78.86  
663.2   	-78.7   
663.6   	-78.53  
664     	-78.35  
664.4   	-78.16  
664.8   	-77.95  
665.2   	-77.75  
665.6   	-77.55  
666     	-77.35  
666.4   	-77.16  
666.8   	-76.97  
667.2   	-76.79  
667.6   	-76.61  
668     	-76.44  
668.4   	-76.27  
668.8   	-76.1   
669.2   	-75.91  
669.6   	-75.72  
670     	-75.51  
670.4   	-75.28  
670.8   	-75.04  
671.2   	-74.79  
671.6   	-74.53  
672     	-74.28  
672.4   	-74.03  
672.8   	-73.76  
673.2   	-73.06  
673.6   	-69.11  
674     	-48.92  
674.4   	37.71   
674.8   	40.09   
675.2   	25.35   
675.6   	7.622   
676     	-10.1   
676.4   	-28.4   
676.8   	-46.99  
677.2   	-61.21  
677.6   	-69.52  
678     	-74.1   
678.4   	-76.63  
678.8   	-78.08  
679.2   	-78.92  
679.6   	-79.42  
680     	-79.71  
680.4   	-79.87  
680.8   	-79.94  
681.2   	-79.94  
681.6   	-79.9   
682     	-79.82  
682.4   	-79.72  
682.8   	-79.61  
683.2   	-79.48  
683.6   	-79.34  
684     	-79.19  
684.4   	-79.03  
684.8   	-78.86  
685.2   	-78.7   
685.6   	-78.53  
686     	-78.36  
686.4   	-78.19  
686.8   	-78.03  
687.2   	-77.85  
687.6   	-77.66  
688     	-77.46  
688.4   	-77.24  
688.8   	-77.02  
689.2   	-76.77  
689.6   	-76.5   
690     	-76.16  
690.4   	-75.73  
690.8   	-74.92  
691.2   	-71.38  
691.6   	-54.44  
692     	28.74   
692.4   	41.62   
692.8   	27.93   
693.2   	10.42   
693.6   	-7.355  
694     	-25.43  
694.4   	-44.19  
694.8   	-59.34  
695.2   	-68.45  
695.6   	-73.49  
696     	-76.27  
696.4   	-77.85  
696.8   	-78.77  
697.2   	-79.31  
697.6   	-79.63  
698     	-79.81  
698.4   	-79.89  
698.8   	-79.9   
699.2   	-79.87  
699.6   	-79.79  
700     	-79.66  
700.4   	-79.51  
700.8   	-79.32  
701.2   	-79.12  
701.6   	-78.91  
702     	-78.68  
702.4   	-78.46  
702.8   	-78.24  
703.2   	-78.03  
703.6   	-77.83  
704     	-77.64  
704.4   	-77.45  
704.8   	-77.27  
705.2   	-77.09  
705.6   	-76.91  
706     	-76.72  
706.4   	-76.54  
706.8   	-76.34  
707.2   	-76.15  
707.6   	-75.95  
708     	-75.76  
708.4   	-75.56  
708.8   	-75.36  
709.2   	-75.15  
709.6   	-74.95  
710     	-74.76  
710.4   	-74.59  
710.8   	-74.42  
711.2   	-74.27  
711.6   	-74.12  
712     	-73.97  
712.4   	-73.81  
712.8   	-73.63  
713.2   	-73.43  
713.6   	-73.2   
714     	-72.9   
714.4   	-71.94  
714.8   	-66.21  
715.2   	-37.22  
715.6   	43.1    
716     	36.94   
716.4   	20.99   
716.8   	3.076   
717.2   	-14.59  
717.6   	-33.25  
718     	-51.2   
718.4   	-63.79  
718.8   	-70.93  
719.2   	-74.85  
719.6   	-77.02  
720     	-78.25  
720.4   	-78.97  
720.8   	-79.38  
721.2   	-79.6   
721.6   	-79.68  
722     	-79.68  
722.4   	-79.62  
722.8   	-79.51  
723.2   	-79.37  
723.6   	-79.2   
724     	-79.03  
724.4   	-78.84  
724.8   	-78.64  
725.2   	-78.42  
725.6   	-78.19  
726     	-77.95  
726.4   	-77.68  
726.8   	-77.41  
727.2   	-77.12  
727.6   	-76.83  
728     	-76.55  
728.4   	-76.27  
728.8   	-76.01  
729.2   	-75.76  
729.6   	-75.52  
730     	-75.3   
730.4   	-75.09  
730.8   	-74.88  
731.2   	-74.68  
731.6   	-74.49  
732     	-74.3   
732.4   	-74.11  
732.8   	-73.89  
733.2   	-73.25  
733.6   	-69.69  
734     	-51.37  
734.4   	34.7    
734.8   	40.82   
735.2   	26.5    
735.6   	8.847   
736     	-8.908  
736.4   	-27.11  
736.8   	-45.8   
737.2   	-60.44  
737.6   	-69.07  
738     	-73.82  
738.4   	-76.45  
738.8   	-77.94  
739.2   	-78.82  
739.6   	-79.33  
740     	-79.63  
740.4   	-79.79  
740.8   	-79.85  
741.2   	-79.82  
741.6   	-79.74  
742     	-79.61  
742.4   	-79.45  
742.8   	-79.27  
743.2   	-79.07  
743.6   	-78.85  
744     	-78.62  
744.4   	-78.38  
744.8   	-78.12  
745.2   	-77.86  
745.6   	-77.6   
746     	-77.34  
746.4   	-77.08  
746.8   	-76.84  
747.2   	-76.62  
747.6   	-76.41  
748     	-76.21  
748.4   	-76.02  
748.8   	-75.84  
749.2   	-75.66  
749.6   	-75.49  
750     	-75.32  
750.4   	-75.15  
750.8   	-74.99  
751.2   	-74.82  
751.6   	-74.66  
752     	-74.5   
752.4   	-74.33  
752.8   	-74.15  
753.2   	-73.97  
753.6   	-73.79  
754     	-73.59  
754.4   	-73.37  
754.8   	-73.06  
755.2   	-71.86  
755.6   	-64.84  
756     	-29.85  
756.4   	43.76   
756.8   	35.37   
757.2   	19      
757.6   	1.07    
758     	-16.61  
758.4   	-35.38  
758.8   	-52.92  
759.2   	-64.8   
759.6   	-71.47  
760     	-75.14  
760.4   	-77.18  
760.8   	-78.35  
761.2   	-79.03  
761.6   	-79.43  
762     	-79.66  
762.4   	-79.76  
762.8   	-79.79  
763.2   	-79.76  
763.6   	-79.69  
764     	-79.58  
764.4   	-79.44  
764.8   	-79.27  
765.2   	-79.1   
765.6   	-78.91  
766     	-78.72  
766.4   	-78.52  
766.8   	-78.32  
767.2   	-78.11  
767.6   	-77.91  
768     	-77.69  
768.4   	-77.47  
768.8   	-77.25  
769.2   	-77.04  
769.6   	-76.84  
770     	-76.64  
770.4   	-76.45  
770.8   	-76.27  
771.2   	-76.09  
771.6   	-75.92  
772     	-75.77  
772.4   	-75.64  
772.8   	-75.52  
773.2   	-75.42  
773.6   	-75.32  
774     	-75.23  
774.4   	-75.14  
774.8   	-75.05  
775.2   	-74.96  
775.6   	-74.86  
776     	-74.76  
776.4   	-74.65  
776.8   	-74.53  
777.2   	-74.42  
777.6   	-74.3   
778     	-74.18  
778.4   	-74.06  
778.8   	-73.94  
779.2   	-73.81  
779.6   	-73.69  
780     	-73.58  
780.4   	-73.47  
780.8   	-73.37  
781.2   	-73.27  
781.6   	-73.14  
782     	-72.63  
782.4   	-69.41  
782.8   	-52.08  
783.2   	33.47   
783.6   	41.06   
784     	26.86   
784.4   	9.224   
784.8   	-8.547  
785.2   	-26.73  
785.6   	-45.47  
786     	-60.25  
786.4   	-68.99  
786.8   	-73.8   
787.2   	-76.46  
787.6   	-77.97  
788     	-78.85  
788.4   	-79.37  
788.8   	-79.68  
789.2   	-79.85  
789.6   	-79.92  
790     	-79.93  
790.4   	-79.89  
790.8   	-79.82  
791.2   	-79.72  
791.6   	-79.59  
792     	-79.46  
792.4   	-79.31  
792.8   	-79.15  
793.2   	-78.97  
793.6   	-78.8   
794     	-78.61  
794.4   	-78.43  
794.8   	-78.24  
795.2   	-78.05  
795.6   	-77.84  
796     	-77.63  
796.4   	-77.41  
796.8   	-77.18  
797.2   	-76.95  
797.6   	-76.74  
798     	-76.55  
798.4   	-76.38  
798.8   	-76.22  
799.2   	-76.07  
799.6   	-75.93  
800     	-75.81  
800.4   	-75.69  
800.8   	-75.59  
801.2   	-75.49  
801.6   	-75.39  
802     	-75.29  
802.4   	-75.19  
802.8   	-75.09  
803.2   	-74.98  
803.6   	-74.88  
804     	-74.78  
804.4   	-74.68  
804.8   	-74.58  
805.2   	-74.46  
805.6   	-74.34  
806     	-74.21  
806.4   	-74.08  
806.8   	-73.93  
807.2   	-73.77  
807.6   	-73.59  
808     	-73.38  
808.4   	-73.12  
808.8   	-72.49  
809.2   	-68.86  
809.6   	-49.57  
810     	37.01   
810.4   	40.31   
810.8   	25.66   
811.2   	7.946   
811.6   	-9.785  
812     	-28.05  
812.4   	-46.66  
812.8   	-60.99  
813.2   	-69.37  
813.6   	-73.97  
814     	-76.51  
814.4   	-77.94  
814.8   	-78.77  
815.2   	-79.26  
815.6   	-79.53  
816     	-79.68  
816.4   	-79.73  
816.8   	-79.73  
817.2   	-79.68  
817.6   	-79.61  
818     	-79.51  
818.4   	-79.39  
818.8   	-79.25  
819.2   	-79.1   
819.6   	-78.93  
820     	-78.75  
820.4   	-78.57  
820.8   	-78.39  
821.2   	-78.2   
821.6   	-78.01  
822     	-77.81  
822.4   	-77.62  
822.8   	-77.42  
823.2   	-77.22  
823.6   	-77.02  
824     	-76.82  
824.4   	-76.62  
824.8   	-76.42  
825.2   	-76.21  
825.6   	-76.02  
826     	-75.83  
826.4   	-75.64  
826.8   	-75.47  
827.2   	-75.31  
827.6   	-75.16  
828     	-75     
828.4   	-74.85  
828.8   	-74.69  
829.2   	-74.52  
829.6   	-74.34  
830     	-74.15  
830.4   	-73.94  
830.8   	-73.71  
831.2   	-73.36  
831.6   	-72.04  
832     	-64.48  
832.4   	-27.28  
832.8   	43.85   
833.2   	34.91   
833.6   	18.45   
834     	0.5083  
834.4   	-17.19  
834.8   	-36.01  
835.2   	-53.44  
835.6   	-65.11  
836     	-71.65  
836.4   	-75.24  
836.8   	-77.24  
837.2   	-78.39  
837.6   	-79.06  
838     	-79.46  
838.4   	-79.68  
838.8   	-79.8   
839.2   	-79.84  
839.6   	-79.82  
840     	-79.74  
840.4   	-79.63  
840.8   	-79.48  
841.2   	-79.3   
841.6   	-79.11  
842     	-78.91  
842.4   	-78.69  
842.8   	-78.47  
843.2   	-78.24  
843.6   	-78.02  
844     	-77.79  
844.4   	-77.56  
844.8   	-77.32  
845.2   	-77.07  
845.6   	-76.83  
846     	-76.59  
846.4   	-76.35  
846.8   	-76.12  
847.2   	-75.9   
847.6   	-75.7   
848     	-75.51  
848.4   	-75.33  
848.8   	-75.15  
849.2   	-74.99  
849.6   	-74.84  
850     	-74.7   
850.4   	-74.57  
850.8   	-74.45  
851.2   	-74.32  
851.6   	-74.19  
852     	-74.04  
852.4   	-73.87  
852.8   	-73.68  
853.2   	-73.48  
853.6   	-73.23  
854     	-72.73  
854.4   	-70.03  
854.8   	-55.16  
855.2   	25.57   
855.6   	41.96   
856     	28.42   
856.4   	10.93   
856.8   	-6.863  
857.2   	-24.89  
857.6   	-43.7   
858     	-59.05  
858.4   	-68.31  
858.8   	-73.42  
859.2   	-76.23  
859.6   	-77.83  
860     	-78.75  
860.4   	-79.29  
860.8   	-79.61  
861.2   	-79.78  
861.6   	-79.86  
862     	-79.87  
862.4   	-79.82  
862.8   	-79.73  
863.2   	-79.61  
863.6   	-79.47  
864     	-79.31  
864.4   	-79.13  
864.8   	-78.94  
865.2   	-78.75  
865.6   	-78.54  
866     	-78.33  
866.4   	-78.12  
866.8   	-77.91  
867.2   	-77.69  
867.6   	-77.45  
868     	-77.21  
868.4   	-76.96  
868.8   	-76.71  
869.2   	-76.45  
869.6   	-76.21  
870     	-75.97  
870.4   	-75.74  
870.8   	-75.52  
871.2   	-75.31  
871.6   	-75.12  
872     	-74.93  
872.4   	-74.74  
872.8   	-74.57  
873.2   	-74.4   
873.6   	-74.24  
874     	-74.07  
874.4   	-73.91  
874.8   	-73.73  
875.2   	-73.52  
875.6   	-73.05  
876     	-70.5   
876.4   	-56.58  
876.8   	20.03   
877.2   	42.38   
877.6   	29.23   
878     	11.84   
878.4   	-5.991  
878.8   	-23.96  
879.2   	-42.82  
879.6   	-58.44  
880     	-67.95  
880.4   	-73.21  
880.8   	-76.1   
881.2   	-77.73  
881.6   	-78.66  
882     	-79.2   
882.4   	-79.5   
882.8   	-79.64  
883.2   	-79.68  
883.6   	-79.64  
884     	-79.56  
884.4   	-79.44  
884.8   	-79.3   
885.2   	-79.13  
885.6   	-78.93  
886     	-78.71  
886.4   	-78.46  
886.8   	-78.19  
887.2   	-77.91  
887.6   	-77.62  
888     	-77.32  
888.4   	-77.02  
888.8   	-76.72  
889.2   	-76.43  
889.6   	-76.13  
890     	-75.83  
890.4   	-75.53  
890.8   	-75.21  
891.2   	-74.88  
891.6   	-74.52  
892     	-73.93  
892.4   	-71.38  
892.8   	-58.04  
893.2   	13.28   
893.6   	42.73   
894     	30.03   
894.4   	12.75   
894.8   	-5.102  
895.2   	-23.01  
895.6   	-41.87  
896     	-57.75  
896.4   	-67.53  
896.8   	-72.94  
897.2   	-75.92  
897.6   	-77.58  
898     	-78.54  
898.4   	-79.09  
898.8   	-79.41  
899.2   	-79.58  
899.6   	-79.65  
900     	-79.65  
900.4   	-79.59  
900.8   	-79.5   
901.2   	-79.37  
901.6   	-79.22  
902     	-79.06  
902.4   	-78.88  
902.8   	-78.7   
903.2   	-78.51  
903.6   	-78.33  
904     	-78.15  
904.4   	-77.96  
904.8   	-77.76  
905.2   	-77.55  
905.6   	-77.32  
906     	-77.09  
906.4   	-76.85  
906.8   	-76.59  
907.2   	-76.34  
907.6   	-76.07  
908     	-75.82  
908.4   	-75.56  
908.8   	-75.31  
909.2   	-75.06  
909.6   	-74.81  
910     	-74.54  
910.4   	-74.24  
910.8   	-73.47  
911.2   	-69.4   
911.6   	-49.07  
912     	37.56   
912.4   	40.11   
912.8   	25.42   
913.2   	7.697   
913.6   	-10.02  
914     	-28.31  
914.4   	-46.87  
914.8   	-61.11  
915.2   	-69.44  
915.6   	-74.02  
916     	-76.54  
916.4   	-77.97  
916.8   	-78.8   
917.2   	-79.28  
917.6   	-79.56  
918     	-79.7   
918.4   	-79.75  
918.8   	-79.73  
919.2   	-79.66  
919.6   	-79.55  
920     	-79.42  
920.4   	-79.27  
920.8   	-79.11  
921.2   	-78.93  
921.6   	-78.75  
922     	-78.56  
922.4   	-78.36  
922.8   	-78.17  
923.2   	-77.98  
923.6   	-77.78  
924     	-77.58  
924.4   	-77.37  
924.8   	-77.16  
925.2   	-76.96  
925.6   	-76.77  
926     	-76.58  
926.4   	-76.41  
926.8   	-76.24  
927.2   	-76.07  
927.6   	-75.9   
928     	-75.72  
928.4   	-75.52  
928.8   	-75.3   
929.2   	-75.05  
929.6   	-74.78  
930     	-74.49  
930.4   	-74.18  
930.8   	-73.81  
931.2   	-72.67  
931.6   	-66.31  
932     	-35.6   
932.4   	43.26   
932.8   	36.56   
933.2   	20.51   
933.6   	2.607   
934     	-15.05  
934.4   	-33.73  
934.8   	-51.58  
935.2   	-64.01  
935.6   	-71.06  
936     	-74.94  
936.4   	-77.1   
936.8   	-78.35  
937.2   	-79.08  
937.6   	-79.53  
938     	-79.79  
938.4   	-79.94  
938.8   	-80.01  
939.2   	-80.02  
939.6   	-79.99  
940     	-79.92  
940.4   	-79.82  
940.8   	-79.7   
941.2   	-79.57  
941.6   	-79.42  
942     	-79.26  
942.4   	-79.08  
942.8   	-78.88  
943.2   	-78.67  
943.6   	-78.46  
944     	-78.24  
944.4   	-78.02  
944.8   	-77.8   
945.2   	-77.57  
945.6   	-77.35  
946     	-77.12  
946.4   	-76.91  
946.8   	-76.7   
947.2   	-76.52  
947.6   	-76.35  
948     	-76.2   
948.4   	-76.07  
948.8   	-75.96  
949.2   	-75.86  
949.6   	-75.78  
950     	-75.7   
950.4   	-75.64  
950.8   	-75.58  
951.2   	-75.52  
951.6   	-75.47  
952     	-75.41  
952.4   	-75.34  
952.8   	-75.27  
953.2   	-75.18  
953.6   	-75.08  
954     	-74.97  
954.4   	-74.85  
954.8   	-74.73  
955.2   	-74.61  
955.6   	-74.5   
956     	-74.38  
956.4   	-74.26  
956.8   	-74.13  
957.2   	-73.99  
957.6   	-73.84  
958     	-73.68  
958.4   	-73.53  
958.8   	-73.37  
959.2   	-73.16  
959.6   	-72.47  
960     	-68.31  
960.4   	-46.73  
960.8   	39.5    
961.2   	39.42   
961.6   	24.36   
962     	6.571   
962.4   	-11.11  
962.8   	-29.47  
963.2   	-47.92  
963.6   	-61.78  
964     	-69.82  
964.4   	-74.24  
964.8   	-76.69  
965.2   	-78.08  
965.6   	-78.89  
966     	-79.37  
966.4   	-79.65  
966.8   	-79.8   
967.2   	-79.87  
967.6   	-79.87  
968     	-79.82  
968.4   	-79.74  
968.8   	-79.63  
969.2   	-79.51  
969.6   	-79.37  
970     	-79.22  
970.4   	-79.08  
970.8   	-78.92  
971.2   	-78.75  
971.6   	-78.55  
972     	-78.31  
972.4   	-78.02  
972.8   	-77.64  
973.2   	-77.15  
973.6   	-76.36  
974     	-73.56  
974.4   	-60.73  
974.8   	-0.2348 
975.2   	43.16   
975.6   	31.38   
976     	14.32   
976.4   	-3.549  
976.8   	-21.38  
977.2   	-40.26  
977.6   	-56.58  
978     	-66.88  
978.4   	-72.62  
978.8   	-75.79  
979.2   	-77.57  
979.6   	-78.59  
980     	-79.19  
980.4   	-79.54  
980.8   	-79.74  
981.2   	-79.83  
981.6   	-79.85  
982     	-79.81  
982.4   	-79.74  
982.8   	-79.64  
983.2   	-79.51  
983.6   	-79.37  
984     	-79.21  
984.4   	-79.05  
984.8   	-78.86  
985.2   	-78.66  
985.6   	-78.45  
986     	-78.22  
986.4   	-77.98  
986.8   	-77.74  
987.2   	-77.5   
987.6   	-77.26  
988     	-77.02  
988.4   	-76.78  
988.8   	-76.55  
989.2   	-76.32  
989.6   	-76.09  
990     	-75.87  
990.4   	-75.65  
990.8   	-75.43  
991.2   	-75.21  
991.6   	-74.98  
992     	-74.75  
992.4   	-74.5   
992.8   	-74.25  
993.2   	-73.98  
993.6   	-73.69  
994     	-73.17  
994.4   	-70.66  
994.8   	-56.98  
995.2   	18.23   
995.6   	42.5    
996     	29.47   
996.4   	12.1    
996.8   	-5.739  
997.2   	-23.7   
997.6   	-42.57  
998     	-58.27  
998.4   	-67.86  
998.8   	-73.17  
999.2   	-76.09  
999.6   	-77.74  
