
SWEPT_VAR_1 = 45.0    // Syn: Source PP \ NetStim \ PARAMETER \ interval (ms)

t	s.v( 0.05 )
ms	mV
0       	-64.65  
0.4     	-65.51  
0.8     	-66.35  
1.2     	-67.15  
1.6     	-67.92  
2       	-68.66  
2.4     	-69.37  
2.8     	-70.05  
3.2     	-70.7   
3.6     	-71.31  
4       	-71.9   
4.4     	-72.45  
4.8     	-72.97  
5.2     	-73.47  
5.6     	-73.94  
6       	-74.39  
6.4     	-74.82  
6.8     	-75.23  
7.2     	-75.61  
7.6     	-75.97  
8       	-76.3   
8.4     	-76.61  
8.8     	-76.9   
9.2     	-77.16  
9.6     	-77.41  
10      	-77.56  
10.4    	-77.42  
10.8    	-76.59  
11.2    	-72.88  
11.6    	-56.71  
12      	21.75   
12.4    	42.21   
12.8    	29.04   
13.2    	11.65   
13.6    	-6.18   
14      	-24.22  
14.4    	-43.1   
14.8    	-58.67  
15.2    	-68.17  
15.6    	-73.46  
16      	-76.41  
16.4    	-78.12  
16.8    	-79.14  
17.2    	-79.8   
17.6    	-80.23  
18      	-80.53  
18.4    	-80.74  
18.8    	-80.89  
19.2    	-81.01  
19.6    	-81.09  
20      	-81.15  
20.4    	-81.19  
20.8    	-81.22  
21.2    	-81.24  
21.6    	-81.25  
22      	-81.27  
22.4    	-81.27  
22.8    	-81.28  
23.2    	-81.27  
23.6    	-81.27  
24      	-81.25  
24.4    	-81.23  
24.8    	-81.2   
25.2    	-81.17  
25.6    	-81.14  
26      	-81.11  
26.4    	-81.08  
26.8    	-81.06  
27.2    	-81.04  
27.6    	-81.02  
28      	-81.01  
28.4    	-81     
28.8    	-80.99  
29.2    	-80.96  
29.6    	-80.93  
30      	-80.89  
30.4    	-80.83  
30.8    	-80.75  
31.2    	-80.54  
31.6    	-79.95  
32      	-78.24  
32.4    	-71.59  
32.8    	-46.24  
33.2    	39.77   
33.6    	39.21   
34      	24.22   
34.4    	6.475   
34.8    	-11.21  
35.2    	-29.61  
35.6    	-48     
36      	-61.8   
36.4    	-69.87  
36.8    	-74.36  
37.2    	-76.88  
37.6    	-78.34  
38      	-79.23  
38.4    	-79.78  
38.8    	-80.14  
39.2    	-80.38  
39.6    	-80.55  
40      	-80.66  
40.4    	-80.74  
40.8    	-80.79  
41.2    	-80.81  
41.6    	-80.83  
42      	-80.82  
42.4    	-80.8   
42.8    	-80.77  
43.2    	-80.73  
43.6    	-80.69  
44      	-80.64  
44.4    	-80.59  
44.8    	-80.53  
45.2    	-80.47  
45.6    	-80.39  
46      	-80.3   
46.4    	-80.19  
46.8    	-80.02  
47.2    	-79.66  
47.6    	-78.7   
48      	-75.18  
48.4    	-61     
48.8    	1.219   
49.2    	43.12   
49.6    	31.31   
50      	14.25   
50.4    	-3.617  
50.8    	-21.48  
51.2    	-40.36  
51.6    	-56.66  
52      	-66.95  
52.4    	-72.72  
52.8    	-75.92  
53.2    	-77.75  
53.6    	-78.83  
54      	-79.49  
54.4    	-79.92  
54.8    	-80.19  
55.2    	-80.37  
55.6    	-80.49  
56      	-80.57  
56.4    	-80.62  
56.8    	-80.64  
57.2    	-80.64  
57.6    	-80.61  
58      	-80.56  
58.4    	-80.45  
58.8    	-80.12  
59.2    	-79.25  
59.6    	-76.36  
60      	-65.03  
60.4    	-20.76  
60.8    	43.48   
61.2    	33.76   
61.6    	17.18   
62      	-0.711  
62.4    	-18.46  
62.8    	-37.31  
63.2    	-54.39  
63.6    	-65.65  
64      	-72.01  
64.4    	-75.54  
64.8    	-77.55  
65.2    	-78.73  
65.6    	-79.46  
66      	-79.92  
66.4    	-80.21  
66.8    	-80.4   
67.2    	-80.52  
67.6    	-80.59  
68      	-80.63  
68.4    	-80.65  
68.8    	-80.65  
69.2    	-80.63  
69.6    	-80.6   
70      	-80.56  
70.4    	-80.5   
70.8    	-80.33  
71.2    	-79.84  
71.6    	-78.49  
72      	-73.36  
72.4    	-53.41  
72.8    	31.49   
73.2    	41.09   
73.6    	27.26   
74      	9.741   
74.4    	-8.024  
74.8    	-26.18  
75.2    	-44.9   
75.6    	-59.82  
76      	-68.76  
76.4    	-73.74  
76.8    	-76.53  
77.2    	-78.13  
77.6    	-79.09  
78      	-79.68  
78.4    	-80.06  
78.8    	-80.31  
79.2    	-80.48  
79.6    	-80.59  
80      	-80.65  
80.4    	-80.67  
80.8    	-80.68  
81.2    	-80.68  
81.6    	-80.66  
82      	-80.63  
82.4    	-80.6   
82.8    	-80.55  
83.2    	-80.48  
83.6    	-80.29  
84      	-79.75  
84.4    	-78.17  
84.8    	-72.04  
85.2    	-48.47  
85.6    	37.98   
86      	39.74   
86.4    	25.07   
86.8    	7.384   
87.2    	-10.32  
87.6    	-28.66  
88      	-47.16  
88.4    	-61.28  
88.8    	-69.59  
89.2    	-74.21  
89.6    	-76.8   
90      	-78.31  
90.4    	-79.21  
90.8    	-79.78  
91.2    	-80.15  
91.6    	-80.4   
92      	-80.57  
92.4    	-80.68  
92.8    	-80.76  
93.2    	-80.81  
93.6    	-80.84  
94      	-80.84  
94.4    	-80.83  
94.8    	-80.81  
95.2    	-80.78  
95.6    	-80.75  
96      	-80.72  
96.4    	-80.68  
96.8    	-80.64  
97.2    	-80.58  
97.6    	-80.52  
98      	-80.46  
98.4    	-80.4   
98.8    	-80.34  
99.2    	-80.28  
99.6    	-80.21  
100     	-80.13  
100.4   	-80.06  
100.8   	-79.98  
101.2   	-79.82  
101.6   	-79.34  
102     	-77.94  
102.4   	-72.37  
102.8   	-50.34  
103.2   	36.36   
103.6   	40.38   
104     	25.96   
104.4   	8.306   
104.8   	-9.434  
105.2   	-27.71  
105.6   	-46.32  
106     	-60.76  
106.4   	-69.3   
106.8   	-74.05  
107.2   	-76.71  
107.6   	-78.25  
108     	-79.19  
108.4   	-79.78  
108.8   	-80.17  
109.2   	-80.43  
109.6   	-80.61  
110     	-80.73  
110.4   	-80.81  
110.8   	-80.86  
111.2   	-80.89  
111.6   	-80.89  
112     	-80.87  
112.4   	-80.84  
112.8   	-80.81  
113.2   	-80.77  
113.6   	-80.72  
114     	-80.67  
114.4   	-80.61  
114.8   	-80.55  
115.2   	-80.47  
115.6   	-80.4   
116     	-80.32  
116.4   	-80.25  
116.8   	-80.18  
117.2   	-80.11  
117.6   	-80.03  
118     	-79.94  
118.4   	-79.7   
118.8   	-79.02  
119.2   	-76.79  
119.6   	-67.78  
120     	-32.64  
120.4   	43.35   
120.8   	35.96   
121.2   	19.84   
121.6   	1.957   
122     	-15.73  
122.4   	-34.46  
122.8   	-52.14  
123.2   	-64.35  
123.6   	-71.31  
124     	-75.18  
124.4   	-77.38  
124.8   	-78.67  
125.2   	-79.47  
125.6   	-79.98  
126     	-80.32  
126.4   	-80.55  
126.8   	-80.71  
127.2   	-80.82  
127.6   	-80.89  
128     	-80.92  
128.4   	-80.88  
128.8   	-80.6   
129.2   	-79.89  
129.6   	-77.76  
130     	-69.65  
130.4   	-39.63  
130.8   	41.94   
131.2   	37.26   
131.6   	21.68   
132     	3.86    
132.4   	-13.82  
132.8   	-32.43  
133.2   	-50.45  
133.6   	-63.31  
134     	-70.73  
134.4   	-74.85  
134.8   	-77.17  
135.2   	-78.54  
135.6   	-79.37  
136     	-79.89  
136.4   	-80.24  
136.8   	-80.47  
137.2   	-80.62  
137.6   	-80.72  
138     	-80.78  
138.4   	-80.81  
138.8   	-80.77  
139.2   	-80.54  
139.6   	-79.9   
140     	-78.09  
140.4   	-71.16  
140.8   	-45.33  
141.2   	39.76   
141.6   	38.67   
142     	23.65   
142.4   	5.914   
142.8   	-11.76  
143.2   	-30.2   
143.6   	-48.5   
144     	-62.1   
144.4   	-70.03  
144.8   	-74.45  
145.2   	-76.94  
145.6   	-78.38  
146     	-79.26  
146.4   	-79.82  
146.8   	-80.17  
147.2   	-80.41  
147.6   	-80.57  
148     	-80.67  
148.4   	-80.74  
148.8   	-80.78  
149.2   	-80.79  
149.6   	-80.79  
150     	-80.76  
150.4   	-80.57  
150.8   	-80.03  
151.2   	-78.57  
151.6   	-73.02  
152     	-51.85  
152.4   	33.96   
152.8   	40.59   
153.2   	26.5    
153.6   	8.928   
154     	-8.818  
154.4   	-27.04  
154.8   	-45.68  
155.2   	-60.32  
155.6   	-69.04  
156     	-73.9   
156.4   	-76.61  
156.8   	-78.17  
157.2   	-79.11  
157.6   	-79.69  
158     	-80.05  
158.4   	-80.29  
158.8   	-80.44  
159.2   	-80.54  
159.6   	-80.6   
160     	-80.62  
160.4   	-80.61  
160.8   	-80.46  
161.2   	-80.01  
161.6   	-78.85  
162     	-74.63  
162.4   	-58.32  
162.8   	14.39   
163.2   	42.2    
163.6   	29.64   
164     	12.42   
164.4   	-5.4    
164.8   	-23.37  
165.2   	-42.2   
165.6   	-57.96  
166     	-67.7   
166.4   	-73.15  
166.8   	-76.18  
167.2   	-77.93  
167.6   	-78.97  
168     	-79.61  
168.4   	-80.03  
168.8   	-80.31  
169.2   	-80.5   
169.6   	-80.62  
170     	-80.7   
170.4   	-80.75  
170.8   	-80.78  
171.2   	-80.79  
171.6   	-80.78  
172     	-80.75  
172.4   	-80.69  
172.8   	-80.44  
173.2   	-79.76  
173.6   	-77.72  
174     	-69.78  
174.4   	-39.95  
174.8   	42.11   
175.2   	37.49   
175.6   	21.91   
176     	4.078   
176.4   	-13.61  
176.8   	-32.21  
177.2   	-50.28  
177.6   	-63.22  
178     	-70.68  
178.4   	-74.82  
178.8   	-77.15  
179.2   	-78.51  
179.6   	-79.34  
180     	-79.86  
180.4   	-80.19  
180.8   	-80.41  
181.2   	-80.55  
181.6   	-80.63  
182     	-80.67  
182.4   	-80.69  
182.8   	-80.68  
183.2   	-80.65  
183.6   	-80.61  
184     	-80.56  
184.4   	-80.48  
184.8   	-80.24  
185.2   	-79.6   
185.6   	-77.67  
186     	-70.1   
186.4   	-41.37  
186.8   	41.76   
187.2   	37.85   
187.6   	22.39   
188     	4.568   
188.4   	-13.12  
188.8   	-31.69  
189.2   	-49.84  
189.6   	-62.95  
190     	-70.52  
190.4   	-74.73  
190.8   	-77.09  
191.2   	-78.47  
191.6   	-79.31  
192     	-79.85  
192.4   	-80.2   
192.8   	-80.43  
193.2   	-80.6   
193.6   	-80.71  
194     	-80.79  
194.4   	-80.85  
194.8   	-80.88  
195.2   	-80.9   
195.6   	-80.91  
196     	-80.9   
196.4   	-80.89  
196.8   	-80.87  
197.2   	-80.79  
197.6   	-80.51  
198     	-79.73  
198.4   	-77.29  
198.8   	-67.84  
199.2   	-32.11  
199.6   	43.25   
200     	35.78   
200.4   	19.66   
200.8   	1.782   
201.2   	-15.91  
201.6   	-34.64  
202     	-52.28  
202.4   	-64.42  
202.8   	-71.36  
203.2   	-75.22  
203.6   	-77.41  
204     	-78.7   
204.4   	-79.5   
204.8   	-80.02  
205.2   	-80.36  
205.6   	-80.61  
206     	-80.79  
206.4   	-80.92  
206.8   	-81.02  
207.2   	-81.1   
207.6   	-81.16  
208     	-81.21  
208.4   	-81.24  
208.8   	-81.26  
209.2   	-81.26  
209.6   	-81.18  
210     	-80.84  
210.4   	-79.98  
210.8   	-77.26  
211.2   	-66.91  
211.6   	-27.95  
212     	43.46   
212.4   	35      
212.8   	18.69   
213.2   	0.8018  
213.6   	-16.91  
214     	-35.71  
214.4   	-53.14  
214.8   	-64.93  
215.2   	-71.64  
215.6   	-75.37  
216     	-77.49  
216.4   	-78.74  
216.8   	-79.51  
217.2   	-80.01  
217.6   	-80.33  
218     	-80.56  
218.4   	-80.71  
218.8   	-80.83  
219.2   	-80.91  
219.6   	-80.96  
220     	-81     
220.4   	-81.03  
220.8   	-81.05  
221.2   	-81.06  
221.6   	-81.05  
222     	-80.98  
222.4   	-80.68  
222.8   	-79.89  
223.2   	-77.41  
223.6   	-67.92  
224     	-32.27  
224.4   	43.21   
224.8   	35.79   
225.2   	19.69   
225.6   	1.816   
226     	-15.87  
226.4   	-34.6   
226.8   	-52.23  
227.2   	-64.38  
227.6   	-71.33  
228     	-75.19  
228.4   	-77.38  
228.8   	-78.66  
229.2   	-79.45  
229.6   	-79.96  
230     	-80.29  
230.4   	-80.51  
230.8   	-80.67  
231.2   	-80.77  
231.6   	-80.84  
232     	-80.89  
232.4   	-80.91  
232.8   	-80.93  
233.2   	-80.93  
233.6   	-80.9   
234     	-80.72  
234.4   	-80.19  
234.8   	-78.74  
235.2   	-73.33  
235.6   	-52.7   
236     	32.75   
236.4   	40.87   
236.8   	26.91   
237.2   	9.367   
237.6   	-8.392  
238     	-26.59  
238.4   	-45.28  
238.8   	-60.07  
239.2   	-68.92  
239.6   	-73.85  
240     	-76.61  
240.4   	-78.21  
240.8   	-79.18  
241.2   	-79.79  
241.6   	-80.19  
242     	-80.45  
242.4   	-80.63  
242.8   	-80.76  
243.2   	-80.85  
243.6   	-80.92  
244     	-80.97  
244.4   	-81     
244.8   	-81.03  
245.2   	-81.05  
245.6   	-81.05  
246     	-81.05  
246.4   	-81.05  
246.8   	-81.04  
247.2   	-81.03  
247.6   	-81.02  
248     	-81     
248.4   	-80.97  
248.8   	-80.95  
249.2   	-80.92  
249.6   	-80.88  
250     	-80.85  
250.4   	-80.81  
250.8   	-80.77  
251.2   	-80.72  
251.6   	-80.59  
252     	-80.14  
252.4   	-78.91  
252.8   	-74.36  
253.2   	-56.58  
253.6   	23.38   
254     	42.02   
254.4   	28.82   
254.8   	11.45   
255.2   	-6.349  
255.6   	-24.37  
256     	-43.17  
256.4   	-58.65  
256.8   	-68.1   
257.2   	-73.39  
257.6   	-76.34  
258     	-78.03  
258.4   	-79.05  
258.8   	-79.69  
259.2   	-80.1   
259.6   	-80.38  
260     	-80.57  
260.4   	-80.71  
260.8   	-80.8   
261.2   	-80.86  
261.6   	-80.9   
262     	-80.93  
262.4   	-80.94  
262.8   	-80.95  
263.2   	-80.95  
263.6   	-80.95  
264     	-80.95  
264.4   	-80.93  
264.8   	-80.9   
265.2   	-80.87  
265.6   	-80.83  
266     	-80.79  
266.4   	-80.75  
266.8   	-80.69  
267.2   	-80.61  
267.6   	-80.52  
268     	-80.41  
268.4   	-80.19  
268.8   	-79.61  
269.2   	-77.88  
269.6   	-71.02  
270     	-44.64  
270.4   	40.68   
270.8   	38.79   
271.2   	23.62   
271.6   	5.843   
272     	-11.84  
272.4   	-30.31  
272.8   	-48.63  
273.2   	-62.21  
273.6   	-70.1   
274     	-74.49  
274.4   	-76.95  
274.8   	-78.38  
275.2   	-79.24  
275.6   	-79.78  
276     	-80.13  
276.4   	-80.36  
276.8   	-80.5   
277.2   	-80.57  
277.6   	-80.56  
278     	-80.32  
278.4   	-79.7   
278.8   	-77.95  
279.2   	-71.27  
279.6   	-46.44  
280     	38.68   
280.4   	38.78   
280.8   	23.93   
281.2   	6.241   
281.6   	-11.42  
282     	-29.81  
282.4   	-48.12  
282.8   	-61.84  
283.2   	-69.88  
283.6   	-74.35  
284     	-76.87  
284.4   	-78.34  
284.8   	-79.22  
285.2   	-79.78  
285.6   	-80.14  
286     	-80.38  
286.4   	-80.54  
286.8   	-80.65  
287.2   	-80.73  
287.6   	-80.78  
288     	-80.81  
288.4   	-80.83  
288.8   	-80.82  
289.2   	-80.79  
289.6   	-80.64  
290     	-80.17  
290.4   	-78.93  
290.8   	-74.4   
291.2   	-56.9   
291.6   	21.51   
292     	41.96   
292.4   	28.92   
292.8   	11.58   
293.2   	-6.21   
293.6   	-24.22  
294     	-43.01  
294.4   	-58.52  
294.8   	-68.02  
295.2   	-73.33  
295.6   	-76.3   
296     	-78     
296.4   	-79.02  
296.8   	-79.66  
297.2   	-80.08  
297.6   	-80.36  
298     	-80.56  
298.4   	-80.7   
298.8   	-80.79  
299.2   	-80.86  
299.6   	-80.9   
300     	-80.93  
300.4   	-80.94  
300.8   	-80.95  
301.2   	-80.94  
301.6   	-80.94  
302     	-80.93  
302.4   	-80.92  
302.8   	-80.91  
303.2   	-80.9   
303.6   	-80.9   
304     	-80.88  
304.4   	-80.84  
304.8   	-80.79  
305.2   	-80.73  
305.6   	-80.68  
306     	-80.62  
306.4   	-80.57  
306.8   	-80.52  
307.2   	-80.47  
307.6   	-80.43  
308     	-80.39  
308.4   	-80.34  
308.8   	-80.3   
309.2   	-80.25  
309.6   	-80.2   
310     	-80.16  
310.4   	-80.1   
310.8   	-79.96  
311.2   	-79.51  
311.6   	-78.14  
312     	-72.77  
312.4   	-51.57  
312.8   	34.84   
313.2   	40.73   
313.6   	26.51   
314     	8.902   
314.4   	-8.855  
314.8   	-27.09  
315.2   	-45.76  
315.6   	-60.41  
316     	-69.11  
316.4   	-73.95  
316.8   	-76.66  
317.2   	-78.23  
317.6   	-79.17  
318     	-79.74  
318.4   	-80.1   
318.8   	-80.33  
319.2   	-80.48  
319.6   	-80.58  
320     	-80.63  
320.4   	-80.65  
320.8   	-80.63  
321.2   	-80.6   
321.6   	-80.54  
322     	-80.48  
322.4   	-80.4   
322.8   	-80.28  
323.2   	-79.95  
323.6   	-79.09  
324     	-76.08  
324.4   	-64.19  
324.8   	-16.73  
325.2   	43.46   
325.6   	33.21   
326     	16.51   
326.4   	-1.383  
326.8   	-19.15  
327.2   	-38.02  
327.6   	-54.93  
328     	-65.97  
328.4   	-72.2   
328.8   	-75.66  
329.2   	-77.62  
329.6   	-78.78  
330     	-79.5   
330.4   	-79.96  
330.8   	-80.26  
331.2   	-80.46  
331.6   	-80.59  
332     	-80.68  
332.4   	-80.73  
332.8   	-80.76  
333.2   	-80.75  
333.6   	-80.63  
334     	-80.2   
334.4   	-79.1   
334.8   	-75.22  
335.2   	-60.21  
335.6   	4.631   
336     	42.67   
336.4   	30.7    
336.8   	13.62   
337.2   	-4.23   
337.6   	-22.13  
338     	-41.01  
338.4   	-57.13  
338.8   	-67.23  
339.2   	-72.9   
339.6   	-76.05  
340     	-77.86  
340.4   	-78.93  
340.8   	-79.6   
341.2   	-80.04  
341.6   	-80.32  
342     	-80.51  
342.4   	-80.64  
342.8   	-80.72  
343.2   	-80.78  
343.6   	-80.81  
344     	-80.8   
344.4   	-80.76  
344.8   	-80.71  
345.2   	-80.64  
345.6   	-80.56  
346     	-80.48  
346.4   	-80.38  
346.8   	-80.28  
347.2   	-80.15  
347.6   	-79.85  
348     	-79.07  
348.4   	-76.43  
348.8   	-65.86  
349.2   	-24.39  
349.6   	43.64   
350     	34.44   
350.4   	17.98   
350.8   	0.06999 
351.2   	-17.66  
351.6   	-36.5   
352     	-53.78  
352.4   	-65.31  
352.8   	-71.84  
353.2   	-75.46  
353.6   	-77.52  
354     	-78.73  
354.4   	-79.48  
354.8   	-79.96  
355.2   	-80.28  
355.6   	-80.5   
356     	-80.65  
356.4   	-80.76  
356.8   	-80.83  
357.2   	-80.88  
357.6   	-80.91  
358     	-80.93  
358.4   	-80.93  
358.8   	-80.94  
359.2   	-80.94  
359.6   	-80.94  
360     	-80.93  
360.4   	-80.92  
360.8   	-80.91  
361.2   	-80.89  
361.6   	-80.86  
362     	-80.8   
362.4   	-80.63  
362.8   	-80.1   
363.2   	-78.62  
363.6   	-72.96  
364     	-51.21  
364.4   	35.28   
364.8   	40.59   
365.2   	26.33   
365.6   	8.712   
366     	-9.038  
366.4   	-27.28  
366.8   	-45.93  
367.2   	-60.5   
367.6   	-69.16  
368     	-73.97  
368.4   	-76.67  
368.8   	-78.23  
369.2   	-79.17  
369.6   	-79.76  
370     	-80.14  
370.4   	-80.4   
370.8   	-80.57  
371.2   	-80.69  
371.6   	-80.77  
372     	-80.83  
372.4   	-80.87  
372.8   	-80.89  
373.2   	-80.91  
373.6   	-80.91  
374     	-80.92  
374.4   	-80.91  
374.8   	-80.91  
375.2   	-80.9   
375.6   	-80.89  
376     	-80.89  
376.4   	-80.88  
376.8   	-80.86  
377.2   	-80.85  
377.6   	-80.81  
378     	-80.64  
378.4   	-80.1   
378.8   	-78.59  
379.2   	-72.84  
379.6   	-50.74  
380     	35.88   
380.4   	40.46   
380.8   	26.12   
381.2   	8.493   
381.6   	-9.252  
382     	-27.52  
382.4   	-46.15  
382.8   	-60.65  
383.2   	-69.25  
383.6   	-74.04  
384     	-76.72  
384.4   	-78.27  
384.8   	-79.21  
385.2   	-79.79  
385.6   	-80.17  
386     	-80.42  
386.4   	-80.59  
386.8   	-80.7   
387.2   	-80.78  
387.6   	-80.83  
388     	-80.85  
388.4   	-80.86  
388.8   	-80.85  
389.2   	-80.82  
389.6   	-80.78  
390     	-80.72  
390.4   	-80.67  
390.8   	-80.6   
391.2   	-80.47  
391.6   	-80.09  
392     	-79.08  
392.4   	-75.46  
392.8   	-61.17  
393.2   	0.2958  
393.6   	43.07   
394     	31.35   
394.4   	14.31   
394.8   	-3.56   
395.2   	-21.43  
395.6   	-40.34  
396     	-56.67  
396.4   	-66.99  
396.8   	-72.79  
397.2   	-76.02  
397.6   	-77.87  
398     	-78.98  
398.4   	-79.68  
398.8   	-80.13  
399.2   	-80.44  
399.6   	-80.65  
400     	-80.81  
400.4   	-80.93  
400.8   	-81.02  
401.2   	-81.09  
401.6   	-81.15  
402     	-81.18  
402.4   	-81.21  
402.8   	-81.22  
403.2   	-81.22  
403.6   	-81.22  
404     	-81.21  
404.4   	-81.19  
404.8   	-81.17  
405.2   	-81.14  
405.6   	-81.12  
406     	-81.09  
406.4   	-81.07  
406.8   	-81.04  
407.2   	-81.02  
407.6   	-81     
408     	-80.98  
408.4   	-80.96  
408.8   	-80.94  
409.2   	-80.9   
409.6   	-80.86  
410     	-80.82  
410.4   	-80.78  
410.8   	-80.74  
411.2   	-80.7   
411.6   	-80.66  
412     	-80.63  
412.4   	-80.59  
412.8   	-80.54  
413.2   	-80.49  
413.6   	-80.44  
414     	-80.39  
414.4   	-80.35  
414.8   	-80.31  
415.2   	-80.26  
415.6   	-80.22  
416     	-80.18  
416.4   	-80.14  
416.8   	-80.1   
417.2   	-80.06  
417.6   	-80.02  
418     	-80     
418.4   	-79.97  
418.8   	-79.95  
419.2   	-79.93  
419.6   	-79.92  
420     	-79.9   
420.4   	-79.89  
420.8   	-79.87  
421.2   	-79.86  
421.6   	-79.85  
422     	-79.83  
422.4   	-79.8   
422.8   	-79.72  
423.2   	-79.39  
423.6   	-78.38  
424     	-74.54  
424.4   	-58.95  
424.8   	12.67   
425.2   	42.71   
425.6   	30.19   
426     	12.96   
426.4   	-4.897  
426.8   	-22.84  
427.2   	-41.73  
427.6   	-57.68  
428     	-67.57  
428.4   	-73.09  
428.8   	-76.17  
429.2   	-77.93  
429.6   	-78.97  
430     	-79.62  
430.4   	-80.04  
430.8   	-80.32  
431.2   	-80.51  
431.6   	-80.64  
432     	-80.74  
432.4   	-80.8   
432.8   	-80.83  
433.2   	-80.85  
433.6   	-80.86  
434     	-80.86  
434.4   	-80.85  
434.8   	-80.83  
435.2   	-80.81  
435.6   	-80.79  
436     	-80.76  
436.4   	-80.74  
436.8   	-80.72  
437.2   	-80.69  
437.6   	-80.66  
438     	-80.62  
438.4   	-80.45  
438.8   	-79.92  
439.2   	-78.4   
439.6   	-72.54  
440     	-49.93  
440.4   	36.78   
440.8   	40.23   
441.2   	25.76   
441.6   	8.104   
442     	-9.629  
442.4   	-27.92  
442.8   	-46.51  
443.2   	-60.88  
443.6   	-69.37  
444     	-74.1   
444.4   	-76.75  
444.8   	-78.29  
445.2   	-79.23  
445.6   	-79.82  
446     	-80.21  
446.4   	-80.47  
446.8   	-80.65  
447.2   	-80.77  
447.6   	-80.85  
448     	-80.9   
448.4   	-80.93  
448.8   	-80.94  
449.2   	-80.94  
449.6   	-80.93  
450     	-80.91  
450.4   	-80.89  
450.8   	-80.86  
451.2   	-80.81  
451.6   	-80.77  
452     	-80.71  
452.4   	-80.64  
452.8   	-80.54  
453.2   	-80.27  
453.6   	-79.54  
454     	-77.2   
454.4   	-68.01  
454.8   	-32.92  
455.2   	43.27   
455.6   	35.99   
456     	19.91   
456.4   	2.027   
456.8   	-15.65  
457.2   	-34.37  
457.6   	-52.05  
458     	-64.28  
458.4   	-71.26  
458.8   	-75.13  
459.2   	-77.32  
459.6   	-78.6   
460     	-79.38  
460.4   	-79.87  
460.8   	-80.19  
461.2   	-80.39  
461.6   	-80.51  
462     	-80.58  
462.4   	-80.62  
462.8   	-80.63  
463.2   	-80.63  
463.6   	-80.61  
464     	-80.59  
464.4   	-80.55  
464.8   	-80.51  
465.2   	-80.42  
465.6   	-80.14  
466     	-79.39  
466.4   	-76.98  
466.8   	-67.51  
467.2   	-31.28  
467.6   	43.3    
468     	35.59   
468.4   	19.43   
468.8   	1.55    
469.2   	-16.14  
469.6   	-34.89  
470     	-52.48  
470.4   	-64.53  
470.8   	-71.4   
471.2   	-75.21  
471.6   	-77.37  
472     	-78.63  
472.4   	-79.4   
472.8   	-79.9   
473.2   	-80.22  
473.6   	-80.44  
474     	-80.59  
474.4   	-80.69  
474.8   	-80.76  
475.2   	-80.8   
475.6   	-80.81  
476     	-80.81  
476.4   	-80.79  
476.8   	-80.76  
477.2   	-80.71  
477.6   	-80.59  
478     	-80.19  
478.4   	-79.16  
478.8   	-75.5   
479.2   	-61.19  
479.6   	-0.02064
480     	43.01   
480.4   	31.32   
480.8   	14.3    
481.2   	-3.57   
481.6   	-21.44  
482     	-40.34  
482.4   	-56.67  
482.8   	-66.99  
483.2   	-72.78  
483.6   	-76.01  
484     	-77.86  
484.4   	-78.96  
484.8   	-79.64  
485.2   	-80.08  
485.6   	-80.38  
486     	-80.59  
486.4   	-80.73  
486.8   	-80.83  
487.2   	-80.9   
487.6   	-80.93  
488     	-80.94  
488.4   	-80.93  
488.8   	-80.92  
489.2   	-80.89  
489.6   	-80.85  
490     	-80.81  
490.4   	-80.77  
490.8   	-80.73  
491.2   	-80.68  
491.6   	-80.62  
492     	-80.49  
492.4   	-80.09  
492.8   	-79.03  
493.2   	-75.21  
493.6   	-60.13  
494     	6.522   
494.4   	42.9    
494.8   	30.78   
495.2   	13.64   
495.6   	-4.217  
496     	-22.12  
496.4   	-41.02  
496.8   	-57.16  
497.2   	-67.27  
497.6   	-72.93  
498     	-76.08  
498.4   	-77.88  
498.8   	-78.95  
499.2   	-79.61  
499.6   	-80.04  
500     	-80.32  
500.4   	-80.51  
500.8   	-80.64  
501.2   	-80.73  
501.6   	-80.79  
502     	-80.83  
502.4   	-80.86  
502.8   	-80.88  
503.2   	-80.89  
503.6   	-80.89  
504     	-80.89  
504.4   	-80.88  
504.8   	-80.87  
505.2   	-80.85  
505.6   	-80.83  
506     	-80.8   
506.4   	-80.76  
506.8   	-80.71  
507.2   	-80.65  
507.6   	-80.58  
508     	-80.48  
508.4   	-80.3   
508.8   	-79.78  
509.2   	-78.34  
509.6   	-72.75  
510     	-51     
510.4   	35.57   
510.8   	40.55   
511.2   	26.24   
511.6   	8.617   
512     	-9.133  
512.4   	-27.39  
512.8   	-46.03  
513.2   	-60.58  
513.6   	-69.2   
514     	-73.99  
514.4   	-76.67  
514.8   	-78.21  
515.2   	-79.14  
515.6   	-79.72  
516     	-80.08  
516.4   	-80.32  
516.8   	-80.48  
517.2   	-80.59  
517.6   	-80.66  
518     	-80.71  
518.4   	-80.73  
518.8   	-80.74  
519.2   	-80.74  
519.6   	-80.72  
520     	-80.69  
520.4   	-80.64  
520.8   	-80.57  
521.2   	-80.49  
521.6   	-80.4   
522     	-80.31  
522.4   	-80.19  
522.8   	-79.91  
523.2   	-79.16  
523.6   	-76.63  
524     	-66.57  
524.4   	-27.36  
524.8   	43.6    
525.2   	34.96   
525.6   	18.6    
526     	0.6975  
526.4   	-17.02  
526.8   	-35.84  
527.2   	-53.26  
527.6   	-65.01  
528     	-71.68  
528.4   	-75.38  
528.8   	-77.48  
529.2   	-78.72  
529.6   	-79.49  
530     	-79.97  
530.4   	-80.29  
530.8   	-80.51  
531.2   	-80.66  
531.6   	-80.76  
532     	-80.84  
532.4   	-80.89  
532.8   	-80.93  
533.2   	-80.95  
533.6   	-80.97  
534     	-80.97  
534.4   	-80.96  
534.8   	-80.94  
535.2   	-80.91  
535.6   	-80.8   
536     	-80.42  
536.4   	-79.43  
536.8   	-76.01  
537.2   	-62.73  
537.6   	-8.352  
538     	43.3    
538.4   	32.22   
538.8   	15.33   
539.2   	-2.538  
539.6   	-20.34  
540     	-39.21  
540.4   	-55.8   
540.8   	-66.47  
541.2   	-72.47  
541.6   	-75.81  
542     	-77.72  
542.4   	-78.85  
542.8   	-79.54  
543.2   	-79.98  
543.6   	-80.27  
544     	-80.46  
544.4   	-80.58  
544.8   	-80.65  
545.2   	-80.69  
545.6   	-80.69  
546     	-80.62  
546.4   	-80.34  
546.8   	-79.64  
547.2   	-77.49  
547.6   	-69.2   
548     	-38.26  
548.4   	42.24   
548.8   	36.94   
549.2   	21.25   
549.6   	3.412   
550     	-14.27  
550.4   	-32.89  
550.8   	-50.83  
551.2   	-63.53  
551.6   	-70.83  
552     	-74.89  
552.4   	-77.17  
552.8   	-78.51  
553.2   	-79.32  
553.6   	-79.83  
554     	-80.17  
554.4   	-80.39  
554.8   	-80.53  
555.2   	-80.62  
555.6   	-80.68  
556     	-80.71  
556.4   	-80.72  
556.8   	-80.72  
557.2   	-80.71  
557.6   	-80.7   
558     	-80.67  
558.4   	-80.64  
558.8   	-80.57  
559.2   	-80.31  
559.6   	-79.62  
560     	-77.54  
560.4   	-69.41  
560.8   	-38.55  
561.2   	42.5    
561.6   	37.21   
562     	21.51   
562.4   	3.659   
562.8   	-14.03  
563.2   	-32.66  
563.6   	-50.66  
564     	-63.45  
564.4   	-70.8   
564.8   	-74.88  
565.2   	-77.18  
565.6   	-78.52  
566     	-79.34  
566.4   	-79.85  
566.8   	-80.18  
567.2   	-80.38  
567.6   	-80.51  
568     	-80.59  
568.4   	-80.63  
568.8   	-80.65  
569.2   	-80.64  
569.6   	-80.58  
570     	-80.4   
570.4   	-79.9   
570.8   	-78.54  
571.2   	-73.41  
571.6   	-53.67  
572     	30.58   
572.4   	41.04   
572.8   	27.3    
573.2   	9.813   
573.6   	-7.944  
574     	-26.09  
574.4   	-44.78  
574.8   	-59.7   
575.2   	-68.66  
575.6   	-73.64  
576     	-76.43  
576.4   	-78.02  
576.8   	-78.97  
577.2   	-79.55  
577.6   	-79.9   
578     	-80.13  
578.4   	-80.26  
578.8   	-80.34  
579.2   	-80.38  
579.6   	-80.39  
580     	-80.38  
580.4   	-80.34  
580.8   	-80.23  
581.2   	-79.89  
581.6   	-79.07  
582     	-76.35  
582.4   	-65.65  
582.8   	-24.17  
583.2   	43.38   
583.6   	34.21   
584     	17.76   
584.4   	-0.1328 
584.8   	-17.86  
585.2   	-36.69  
585.6   	-53.9   
586     	-65.36  
586.4   	-71.84  
586.8   	-75.45  
587.2   	-77.49  
587.6   	-78.69  
588     	-79.42  
588.4   	-79.89  
588.8   	-80.19  
589.2   	-80.39  
589.6   	-80.52  
590     	-80.6   
590.4   	-80.64  
590.8   	-80.66  
591.2   	-80.65  
591.6   	-80.64  
592     	-80.61  
592.4   	-80.54  
592.8   	-80.31  
593.2   	-79.69  
593.6   	-77.82  
594     	-70.53  
594.4   	-42.97  
594.8   	41.16   
595.2   	38.22   
595.6   	22.92   
596     	5.123   
596.4   	-12.57  
596.8   	-31.09  
597.2   	-49.32  
597.6   	-62.63  
598     	-70.34  
598.4   	-74.63  
598.8   	-77.04  
599.2   	-78.45  
599.6   	-79.3   
600     	-79.85  
600.4   	-80.21  
600.8   	-80.45  
601.2   	-80.62  
601.6   	-80.73  
602     	-80.79  
602.4   	-80.82  
602.8   	-80.83  
603.2   	-80.83  
603.6   	-80.81  
604     	-80.78  
604.4   	-80.75  
604.8   	-80.71  
605.2   	-80.66  
605.6   	-80.61  
606     	-80.56  
606.4   	-80.49  
606.8   	-80.42  
607.2   	-80.31  
607.6   	-79.99  
608     	-79.13  
608.4   	-76.19  
608.8   	-64.5   
609.2   	-17.81  
609.6   	43.61   
610     	33.46   
610.4   	16.78   
610.8   	-1.116  
611.2   	-18.87  
611.6   	-37.74  
612     	-54.72  
612.4   	-65.85  
612.8   	-72.13  
613.2   	-75.62  
613.6   	-77.61  
614     	-78.79  
614.4   	-79.51  
614.8   	-79.98  
615.2   	-80.29  
615.6   	-80.51  
616     	-80.66  
616.4   	-80.77  
616.8   	-80.84  
617.2   	-80.89  
617.6   	-80.92  
618     	-80.94  
618.4   	-80.95  
618.8   	-80.94  
619.2   	-80.91  
619.6   	-80.78  
620     	-80.32  
620.4   	-79.12  
620.8   	-74.8   
621.2   	-58.08  
621.6   	16.88   
622     	42.32   
622.4   	29.58   
622.8   	12.31   
623.2   	-5.51   
623.6   	-23.49  
624     	-42.33  
624.4   	-58.06  
624.8   	-67.77  
625.2   	-73.19  
625.6   	-76.22  
626     	-77.95  
626.4   	-78.99  
626.8   	-79.64  
627.2   	-80.06  
627.6   	-80.35  
628     	-80.54  
628.4   	-80.68  
628.8   	-80.76  
629.2   	-80.82  
629.6   	-80.84  
630     	-80.85  
630.4   	-80.84  
630.8   	-80.79  
631.2   	-80.59  
631.6   	-80.01  
632     	-78.42  
632.4   	-72.33  
632.8   	-49.23  
633.2   	37.14   
633.6   	39.88   
634     	25.35   
634.4   	7.69    
634.8   	-10.03  
635.2   	-28.34  
635.6   	-46.87  
636     	-61.09  
636.4   	-69.47  
636.8   	-74.13  
637.2   	-76.75  
637.6   	-78.26  
638     	-79.18  
638.4   	-79.75  
638.8   	-80.12  
639.2   	-80.37  
639.6   	-80.53  
640     	-80.63  
640.4   	-80.69  
640.8   	-80.72  
641.2   	-80.71  
641.6   	-80.69  
642     	-80.66  
642.4   	-80.62  
642.8   	-80.58  
643.2   	-80.53  
643.6   	-80.48  
644     	-80.42  
644.4   	-80.36  
644.8   	-80.28  
645.2   	-80.15  
645.6   	-79.74  
646     	-78.6   
646.4   	-74.32  
646.8   	-57.31  
647.2   	20.26   
647.6   	42.21   
648     	29.23   
648.4   	11.9    
648.8   	-5.915  
649.2   	-23.91  
649.6   	-42.74  
650     	-58.36  
650.4   	-67.94  
650.8   	-73.28  
651.2   	-76.26  
651.6   	-77.96  
652     	-78.97  
652.4   	-79.6   
652.8   	-80     
653.2   	-80.26  
653.6   	-80.43  
654     	-80.54  
654.4   	-80.6   
654.8   	-80.64  
655.2   	-80.66  
655.6   	-80.66  
656     	-80.65  
656.4   	-80.62  
656.8   	-80.58  
657.2   	-80.54  
657.6   	-80.48  
658     	-80.42  
658.4   	-80.36  
658.8   	-80.28  
659.2   	-80.17  
659.6   	-79.87  
660     	-79.05  
660.4   	-76.25  
660.8   	-65.04  
661.2   	-20.58  
661.6   	43.64   
662     	33.86   
662.4   	17.26   
662.8   	-0.648  
663.2   	-18.4   
663.6   	-37.26  
664     	-54.37  
664.4   	-65.65  
664.8   	-72.02  
665.2   	-75.56  
665.6   	-77.57  
666     	-78.76  
666.4   	-79.49  
666.8   	-79.95  
667.2   	-80.25  
667.6   	-80.44  
668     	-80.56  
668.4   	-80.63  
668.8   	-80.67  
669.2   	-80.69  
669.6   	-80.69  
670     	-80.68  
670.4   	-80.65  
670.8   	-80.62  
671.2   	-80.58  
671.6   	-80.52  
672     	-80.46  
672.4   	-80.39  
672.8   	-80.31  
673.2   	-80.24  
673.6   	-80.17  
674     	-80.09  
674.4   	-80     
674.8   	-79.8   
675.2   	-79.23  
675.6   	-77.49  
676     	-70.45  
676.4   	-43.11  
676.8   	41.35   
677.2   	38.39   
677.6   	23.07   
678     	5.258   
678.4   	-12.43  
678.8   	-30.95  
679.2   	-49.21  
679.6   	-62.57  
680     	-70.31  
680.4   	-74.6   
680.8   	-77.02  
681.2   	-78.42  
681.6   	-79.27  
682     	-79.81  
682.4   	-80.16  
682.8   	-80.39  
683.2   	-80.53  
683.6   	-80.62  
684     	-80.67  
684.4   	-80.68  
684.8   	-80.67  
685.2   	-80.65  
685.6   	-80.63  
686     	-80.59  
686.4   	-80.55  
686.8   	-80.5   
687.2   	-80.39  
687.6   	-80.06  
688     	-79.2   
688.4   	-76.26  
688.8   	-64.65  
689.2   	-18.73  
689.6   	43.54   
690     	33.53   
690.4   	16.88   
690.8   	-1.015  
691.2   	-18.77  
691.6   	-37.64  
692     	-54.66  
692.4   	-65.82  
692.8   	-72.12  
693.2   	-75.63  
693.6   	-77.62  
694     	-78.8   
694.4   	-79.52  
694.8   	-79.98  
695.2   	-80.28  
695.6   	-80.49  
696     	-80.63  
696.4   	-80.72  
696.8   	-80.78  
697.2   	-80.81  
697.6   	-80.82  
698     	-80.81  
698.4   	-80.8   
698.8   	-80.78  
699.2   	-80.74  
699.6   	-80.68  
700     	-80.47  
700.4   	-79.88  
700.8   	-78.21  
701.2   	-71.72  
701.6   	-47.02  
702     	39.04   
702.4   	39.31   
702.8   	24.44   
703.2   	6.723   
703.6   	-10.96  
704     	-29.33  
704.4   	-47.74  
704.8   	-61.63  
705.2   	-69.78  
705.6   	-74.3   
706     	-76.84  
706.4   	-78.31  
706.8   	-79.19  
707.2   	-79.75  
707.6   	-80.11  
708     	-80.34  
708.4   	-80.5   
708.8   	-80.59  
709.2   	-80.62  
709.6   	-80.57  
710     	-80.28  
710.4   	-79.58  
710.8   	-77.47  
711.2   	-69.38  
711.6   	-39.35  
712     	41.85   
712.4   	37.09   
712.8   	21.5    
713.2   	3.684   
713.6   	-13.99  
714     	-32.6   
714.4   	-50.58  
714.8   	-63.38  
715.2   	-70.75  
715.6   	-74.85  
716     	-77.17  
716.4   	-78.52  
716.8   	-79.34  
717.2   	-79.85  
717.6   	-80.19  
718     	-80.41  
718.4   	-80.56  
718.8   	-80.66  
719.2   	-80.73  
719.6   	-80.77  
720     	-80.8   
720.4   	-80.8   
720.8   	-80.8   
721.2   	-80.79  
721.6   	-80.77  
722     	-80.76  
722.4   	-80.73  
722.8   	-80.69  
723.2   	-80.66  
723.6   	-80.62  
724     	-80.57  
724.4   	-80.53  
724.8   	-80.49  
725.2   	-80.45  
725.6   	-80.41  
726     	-80.37  
726.4   	-80.3   
726.8   	-80.13  
727.2   	-79.58  
727.6   	-77.95  
728     	-71.47  
728.4   	-46.44  
728.8   	39.63   
729.2   	39.25   
729.6   	24.28   
730     	6.541   
730.4   	-11.14  
730.8   	-29.54  
731.2   	-47.94  
731.6   	-61.77  
732     	-69.86  
732.4   	-74.35  
732.8   	-76.88  
733.2   	-78.34  
733.6   	-79.23  
734     	-79.78  
734.4   	-80.14  
734.8   	-80.37  
735.2   	-80.51  
735.6   	-80.61  
736     	-80.67  
736.4   	-80.7   
736.8   	-80.7   
737.2   	-80.69  
737.6   	-80.66  
738     	-80.62  
738.4   	-80.55  
738.8   	-80.48  
739.2   	-80.4   
739.6   	-80.31  
740     	-80.22  
740.4   	-80.12  
740.8   	-79.98  
741.2   	-79.63  
741.6   	-78.67  
742     	-75.14  
742.4   	-60.92  
742.8   	1.456   
743.2   	43.08   
743.6   	31.26   
744     	14.19   
744.4   	-3.675  
744.8   	-21.54  
745.2   	-40.44  
745.6   	-56.72  
746     	-66.99  
746.4   	-72.73  
746.8   	-75.92  
747.2   	-77.72  
747.6   	-78.78  
748     	-79.41  
748.4   	-79.81  
748.8   	-80.05  
749.2   	-80.19  
749.6   	-80.26  
750     	-80.29  
750.4   	-80.29  
750.8   	-80.26  
751.2   	-80.21  
751.6   	-80.14  
752     	-80.05  
752.4   	-79.88  
752.8   	-79.42  
753.2   	-78.14  
753.6   	-73.17  
754     	-53.58  
754.4   	30.89   
754.8   	41.09   
755.2   	27.31   
755.6   	9.801   
756     	-7.963  
756.4   	-26.12  
756.8   	-44.83  
757.2   	-59.77  
757.6   	-68.73  
758     	-73.73  
758.4   	-76.52  
758.8   	-78.13  
759.2   	-79.1   
759.6   	-79.7   
760     	-80.1   
760.4   	-80.36  
760.8   	-80.54  
761.2   	-80.66  
761.6   	-80.74  
762     	-80.79  
762.4   	-80.81  
762.8   	-80.82  
763.2   	-80.81  
763.6   	-80.79  
764     	-80.77  
764.4   	-80.75  
764.8   	-80.72  
765.2   	-80.69  
765.6   	-80.67  
766     	-80.64  
766.4   	-80.6   
766.8   	-80.56  
767.2   	-80.51  
767.6   	-80.45  
768     	-80.31  
768.4   	-79.88  
768.8   	-78.7   
769.2   	-74.3   
769.6   	-56.9   
770     	22.06   
770.4   	42.11   
770.8   	29      
771.2   	11.64   
771.6   	-6.159  
772     	-24.17  
772.4   	-42.99  
772.8   	-58.53  
773.2   	-68.05  
773.6   	-73.36  
774     	-76.34  
774.4   	-78.05  
774.8   	-79.08  
775.2   	-79.73  
775.6   	-80.16  
776     	-80.46  
776.4   	-80.66  
776.8   	-80.81  
777.2   	-80.92  
777.6   	-80.99  
778     	-81.05  
778.4   	-81.08  
778.8   	-81.1   
779.2   	-81.1   
779.6   	-81.11  
780     	-81.1   
780.4   	-81.09  
780.8   	-81.08  
781.2   	-81.05  
781.6   	-81.01  
782     	-80.97  
782.4   	-80.92  
782.8   	-80.86  
783.2   	-80.79  
783.6   	-80.71  
784     	-80.58  
784.4   	-80.25  
784.8   	-79.37  
785.2   	-76.41  
785.6   	-64.76  
786     	-18.66  
786.4   	43.65   
786.8   	33.61   
787.2   	16.96   
787.6   	-0.9453 
788     	-18.7   
788.4   	-37.56  
788.8   	-54.59  
789.2   	-65.78  
789.6   	-72.09  
790     	-75.61  
790.4   	-77.61  
790.8   	-78.79  
791.2   	-79.52  
791.6   	-79.99  
792     	-80.29  
792.4   	-80.49  
792.8   	-80.63  
793.2   	-80.72  
793.6   	-80.77  
794     	-80.8   
794.4   	-80.8   
794.8   	-80.79  
795.2   	-80.78  
795.6   	-80.76  
796     	-80.74  
796.4   	-80.72  
796.8   	-80.69  
797.2   	-80.67  
797.6   	-80.64  
798     	-80.61  
798.4   	-80.57  
798.8   	-80.52  
799.2   	-80.45  
799.6   	-80.37  
800     	-80.28  
800.4   	-80.19  
800.8   	-80.03  
801.2   	-79.61  
801.6   	-78.44  
802     	-74     
802.4   	-56.27  
802.8   	24.22   
803.2   	41.95   
803.6   	28.68   
804     	11.29   
804.4   	-6.501  
804.8   	-24.52  
805.2   	-43.31  
805.6   	-58.73  
806     	-68.14  
806.4   	-73.4   
806.8   	-76.33  
807.2   	-78.01  
807.6   	-79.01  
808     	-79.64  
808.4   	-80.03  
808.8   	-80.29  
809.2   	-80.47  
809.6   	-80.59  
810     	-80.67  
810.4   	-80.72  
810.8   	-80.76  
811.2   	-80.78  
811.6   	-80.79  
812     	-80.79  
812.4   	-80.78  
812.8   	-80.76  
813.2   	-80.74  
813.6   	-80.7   
814     	-80.66  
814.4   	-80.61  
814.8   	-80.56  
815.2   	-80.5   
815.6   	-80.43  
816     	-80.36  
816.4   	-80.27  
816.8   	-80.04  
817.2   	-79.43  
817.6   	-77.51  
818     	-69.85  
818.4   	-40.43  
818.8   	42.21   
819.2   	37.74   
819.6   	22.17   
820     	4.327   
820.4   	-13.37  
820.8   	-31.96  
821.2   	-50.09  
821.6   	-63.12  
822     	-70.63  
822.4   	-74.8   
822.8   	-77.15  
823.2   	-78.53  
823.6   	-79.37  
824     	-79.9   
824.4   	-80.25  
824.8   	-80.48  
825.2   	-80.63  
825.6   	-80.73  
826     	-80.79  
826.4   	-80.82  
826.8   	-80.81  
827.2   	-80.79  
827.6   	-80.74  
828     	-80.65  
828.4   	-80.34  
828.8   	-79.57  
829.2   	-77.08  
829.6   	-67.44  
830     	-30.93  
830.4   	43.23   
830.8   	35.46   
831.2   	19.3    
831.6   	1.421   
832     	-16.27  
832.4   	-35.01  
832.8   	-52.56  
833.2   	-64.56  
833.6   	-71.4   
834     	-75.19  
834.4   	-77.34  
834.8   	-78.59  
835.2   	-79.35  
835.6   	-79.83  
836     	-80.14  
836.4   	-80.34  
836.8   	-80.48  
837.2   	-80.57  
837.6   	-80.63  
838     	-80.66  
838.4   	-80.68  
838.8   	-80.69  
839.2   	-80.68  
839.6   	-80.66  
840     	-80.64  
840.4   	-80.61  
840.8   	-80.58  
841.2   	-80.55  
841.6   	-80.51  
842     	-80.47  
842.4   	-80.43  
842.8   	-80.38  
843.2   	-80.24  
843.6   	-79.81  
844     	-78.59  
844.4   	-73.97  
844.8   	-55.75  
845.2   	25.96   
845.6   	41.79   
846     	28.41   
846.4   	10.99   
846.8   	-6.794  
847.2   	-24.84  
847.6   	-43.62  
848     	-58.95  
848.4   	-68.27  
848.8   	-73.47  
849.2   	-76.37  
849.6   	-78.04  
850     	-79.04  
850.4   	-79.65  
850.8   	-80.05  
851.2   	-80.31  
851.6   	-80.48  
852     	-80.6   
852.4   	-80.67  
852.8   	-80.72  
853.2   	-80.76  
853.6   	-80.78  
854     	-80.79  
854.4   	-80.79  
854.8   	-80.79  
855.2   	-80.78  
855.6   	-80.77  
856     	-80.75  
856.4   	-80.72  
856.8   	-80.68  
857.2   	-80.64  
857.6   	-80.59  
858     	-80.54  
858.4   	-80.5   
858.8   	-80.46  
859.2   	-80.42  
859.6   	-80.37  
860     	-80.31  
860.4   	-80.2   
860.8   	-79.86  
861.2   	-78.92  
861.6   	-75.53  
862     	-61.98  
862.4   	-4.285  
862.8   	43.29   
863.2   	31.86   
863.6   	14.89   
864     	-2.988  
864.4   	-20.83  
864.8   	-39.73  
865.2   	-56.22  
865.6   	-66.73  
866     	-72.63  
866.4   	-75.92  
866.8   	-77.8   
867.2   	-78.92  
867.6   	-79.61  
868     	-80.06  
868.4   	-80.35  
868.8   	-80.56  
869.2   	-80.7   
869.6   	-80.8   
870     	-80.87  
870.4   	-80.92  
870.8   	-80.95  
871.2   	-80.98  
871.6   	-80.99  
872     	-81     
872.4   	-81     
872.8   	-80.99  
873.2   	-80.92  
873.6   	-80.62  
874     	-79.83  
874.4   	-77.3   
874.8   	-67.6   
875.2   	-30.96  
875.6   	43.35   
876     	35.57   
876.4   	19.39   
876.8   	1.51    
877.2   	-16.18  
877.6   	-34.93  
878     	-52.51  
878.4   	-64.54  
878.8   	-71.41  
879.2   	-75.22  
879.6   	-77.38  
880     	-78.65  
880.4   	-79.43  
880.8   	-79.93  
881.2   	-80.26  
881.6   	-80.48  
882     	-80.63  
882.4   	-80.73  
882.8   	-80.79  
883.2   	-80.82  
883.6   	-80.82  
884     	-80.8   
884.4   	-80.77  
884.8   	-80.73  
885.2   	-80.68  
885.6   	-80.62  
886     	-80.56  
886.4   	-80.46  
886.8   	-80.17  
887.2   	-79.4   
887.6   	-76.86  
888     	-66.88  
888.4   	-28.5   
888.8   	43.51   
889.2   	35.13   
889.6   	18.83   
890     	0.9358  
890.4   	-16.77  
890.8   	-35.55  
891.2   	-53     
891.6   	-64.84  
892     	-71.56  
892.4   	-75.29  
892.8   	-77.39  
893.2   	-78.62  
893.6   	-79.37  
894     	-79.83  
894.4   	-80.12  
894.8   	-80.3   
895.2   	-80.4   
895.6   	-80.45  
896     	-80.46  
896.4   	-80.44  
896.8   	-80.4   
897.2   	-80.35  
897.6   	-80.29  
898     	-80.2   
898.4   	-80.01  
898.8   	-79.52  
899.2   	-78.12  
899.6   	-72.68  
900     	-51.42  
900.4   	34.65   
900.8   	40.53   
901.2   	26.34   
901.6   	8.743   
902     	-9.004  
902.4   	-27.25  
902.8   	-45.89  
903.2   	-60.47  
903.6   	-69.13  
904     	-73.95  
904.4   	-76.64  
904.8   	-78.2   
905.2   	-79.13  
905.6   	-79.7   
906     	-80.07  
906.4   	-80.29  
906.8   	-80.44  
907.2   	-80.53  
907.6   	-80.59  
908     	-80.62  
908.4   	-80.62  
908.8   	-80.61  
909.2   	-80.58  
909.6   	-80.54  
910     	-80.49  
910.4   	-80.43  
910.8   	-80.35  
911.2   	-80.16  
911.6   	-79.64  
912     	-78.13  
912.4   	-72.24  
912.8   	-49.44  
913.2   	37.12   
913.6   	40.03   
914     	25.5    
914.4   	7.833   
914.8   	-9.894  
915.2   	-28.21  
915.6   	-46.77  
916     	-61.05  
916.4   	-69.47  
916.8   	-74.15  
917.2   	-76.78  
917.6   	-78.31  
918     	-79.23  
918.4   	-79.82  
918.8   	-80.2   
919.2   	-80.46  
919.6   	-80.64  
920     	-80.77  
920.4   	-80.87  
920.8   	-80.93  
921.2   	-80.97  
921.6   	-81     
922     	-81.01  
922.4   	-81     
922.8   	-80.99  
923.2   	-80.96  
923.6   	-80.92  
924     	-80.88  
924.4   	-80.83  
924.8   	-80.78  
925.2   	-80.72  
925.6   	-80.63  
926     	-80.46  
926.4   	-79.97  
926.8   	-78.65  
927.2   	-73.67  
927.6   	-54.21  
928     	30.13   
928.4   	41.39   
928.8   	27.68   
929.2   	10.19   
929.6   	-7.586  
930     	-25.71  
930.4   	-44.45  
930.8   	-59.51  
931.2   	-68.59  
931.6   	-73.66  
932     	-76.48  
932.4   	-78.12  
932.8   	-79.1   
933.2   	-79.71  
933.6   	-80.12  
934     	-80.39  
934.4   	-80.58  
934.8   	-80.71  
935.2   	-80.79  
935.6   	-80.84  
936     	-80.86  
936.4   	-80.87  
936.8   	-80.87  
937.2   	-80.86  
937.6   	-80.84  
938     	-80.83  
938.4   	-80.81  
938.8   	-80.78  
939.2   	-80.75  
939.6   	-80.71  
940     	-80.66  
940.4   	-80.62  
940.8   	-80.57  
941.2   	-80.53  
941.6   	-80.47  
942     	-80.42  
942.4   	-80.34  
942.8   	-80.16  
943.2   	-79.62  
943.6   	-77.99  
944     	-71.57  
944.4   	-46.75  
944.8   	39.41   
945.2   	39.33   
945.6   	24.4    
946     	6.666   
946.4   	-11.02  
946.8   	-29.4   
947.2   	-47.81  
947.6   	-61.68  
948     	-69.8   
948.4   	-74.32  
948.8   	-76.85  
949.2   	-78.33  
949.6   	-79.22  
950     	-79.78  
950.4   	-80.14  
950.8   	-80.38  
951.2   	-80.54  
951.6   	-80.64  
952     	-80.7   
952.4   	-80.74  
952.8   	-80.76  
953.2   	-80.76  
953.6   	-80.76  
954     	-80.75  
954.4   	-80.74  
954.8   	-80.73  
955.2   	-80.71  
955.6   	-80.68  
956     	-80.65  
956.4   	-80.62  
956.8   	-80.59  
957.2   	-80.56  
957.6   	-80.52  
958     	-80.48  
958.4   	-80.43  
958.8   	-80.39  
959.2   	-80.35  
959.6   	-80.31  
960     	-80.26  
960.4   	-80.2   
960.8   	-80.15  
961.2   	-80.09  
961.6   	-80.04  
962     	-80     
962.4   	-79.97  
962.8   	-79.94  
963.2   	-79.93  
963.6   	-79.91  
964     	-79.91  
964.4   	-79.9   
964.8   	-79.91  
965.2   	-79.91  
965.6   	-79.91  
966     	-79.91  
966.4   	-79.91  
966.8   	-79.91  
967.2   	-79.92  
967.6   	-79.93  
968     	-79.94  
968.4   	-79.94  
968.8   	-79.93  
969.2   	-79.92  
969.6   	-79.89  
970     	-79.87  
970.4   	-79.85  
970.8   	-79.83  
971.2   	-79.81  
971.6   	-79.79  
972     	-79.77  
972.4   	-79.75  
972.8   	-79.74  
973.2   	-79.74  
973.6   	-79.74  
974     	-79.75  
974.4   	-79.76  
974.8   	-79.78  
975.2   	-79.8   
975.6   	-79.8   
976     	-79.81  
976.4   	-79.81  
976.8   	-79.8   
977.2   	-79.8   
977.6   	-79.79  
978     	-79.78  
978.4   	-79.77  
978.8   	-79.75  
979.2   	-79.73  
979.6   	-79.7   
980     	-79.67  
980.4   	-79.55  
980.8   	-79.13  
981.2   	-77.84  
981.6   	-72.66  
982     	-51.92  
982.4   	34.33   
982.8   	40.84   
983.2   	26.67   
983.6   	9.07    
984     	-8.693  
984.4   	-26.92  
984.8   	-45.6   
985.2   	-60.3   
985.6   	-69.04  
986     	-73.9   
986.4   	-76.61  
986.8   	-78.17  
987.2   	-79.11  
987.6   	-79.7   
988     	-80.08  
988.4   	-80.33  
988.8   	-80.5   
989.2   	-80.61  
989.6   	-80.69  
990     	-80.74  
990.4   	-80.77  
990.8   	-80.77  
991.2   	-80.76  
991.6   	-80.74  
992     	-80.71  
992.4   	-80.67  
992.8   	-80.64  
993.2   	-80.6   
993.6   	-80.54  
994     	-80.43  
994.4   	-80.08  
994.8   	-79.14  
995.2   	-75.81  
995.6   	-62.67  
996     	-8.238  
996.4   	43.33   
996.8   	32.22   
997.2   	15.33   
997.6   	-2.546  
998     	-20.35  
998.4   	-39.23  
998.8   	-55.83  
999.2   	-66.49  
999.6   	-72.48  
