t	s.v( 0.55 )	s.v( 0.05 )
ms	mV	mV
0       	-64.65  	-64.65  
0.4     	-67.91  	-67.91  
0.8     	-69.26  	-69.26  
1.2     	-70.2   	-70.2   
1.6     	-70.94  	-70.94  
2       	-71.56  	-71.56  
2.4     	-72.05  	-72.05  
2.8     	-72.46  	-72.46  
3.2     	-72.8   	-72.8   
3.6     	-73.06  	-73.06  
4       	-73.2   	-73.2   
4.4     	-73.29  	-73.29  
4.8     	-73.34  	-73.33  
5.2     	-73.37  	-73.37  
5.6     	-73.4   	-73.39  
6       	-73.35  	-73.34  
6.4     	-73.18  	-73.18  
6.8     	-73.03  	-73.02  
7.2     	-72.88  	-72.88  
7.6     	-72.72  	-72.72  
8       	-72.6   	-72.6   
8.4     	-72.52  	-72.51  
8.8     	-72.42  	-72.41  
9.2     	-72.3   	-72.3   
9.6     	-72.18  	-72.18  
10      	-72.06  	-72.06  
10.4    	-71.94  	-71.93  
10.8    	-71.76  	-71.76  
11.2    	-71.57  	-71.57  
11.6    	-71.37  	-71.37  
12      	-71.1   	-71.1   
12.4    	-70.5   	-70.49  
12.8    	-67.89  	-67.87  
13.2    	-54.83  	-54.74  
13.6    	8.925   	9.106   
14      	42.13   	42.12   
14.4    	30.81   	30.78   
14.8    	13.71   	13.68   
15.2    	-5.146  	-5.172  
15.6    	-24.22  	-24.24  
16      	-41.83  	-41.85  
16.4    	-55.72  	-55.74  
16.8    	-64.48  	-64.48  
17.2    	-69.52  	-69.52  
17.6    	-72.4   	-72.4   
18      	-74.04  	-74.04  
18.4    	-74.92  	-74.92  
18.8    	-75.37  	-75.36  
19.2    	-75.55  	-75.55  
19.6    	-75.57  	-75.57  
20      	-75.49  	-75.49  
20.4    	-75.36  	-75.36  
20.8    	-75.17  	-75.16  
21.2    	-74.94  	-74.94  
21.6    	-74.71  	-74.71  
22      	-74.49  	-74.49  
22.4    	-74.24  	-74.24  
22.8    	-73.85  	-73.85  
23.2    	-73.5   	-73.5   
23.6    	-73.16  	-73.16  
24      	-72.85  	-72.84  
24.4    	-72.51  	-72.5   
24.8    	-72.16  	-72.16  
25.2    	-71.78  	-71.78  
25.6    	-71.47  	-71.47  
26      	-71.16  	-71.15  
26.4    	-70.73  	-70.73  
26.8    	-69.59  	-69.59  
27.2    	-66.9   	-66.91  
27.6    	-61.65  	-61.67  
28      	-55.38  	-55.41  
28.4    	-47.1   	-47.16  
28.8    	-21.43  	-21.49  
29.2    	41.02   	41.02   
29.6    	34.77   	34.79   
30      	19.2    	19.22   
30.4    	1.282   	1.304   
30.8    	-16.84  	-16.82  
31.2    	-34.05  	-34.04  
31.6    	-48.77  	-48.76  
32      	-59.59  	-59.58  
32.4    	-66.22  	-66.21  
32.8    	-70.07  	-70.07  
33.2    	-72.29  	-72.28  
33.6    	-73.51  	-73.51  
34      	-74.1   	-74.1   
34.4    	-74.4   	-74.4   
34.8    	-74.5   	-74.5   
35.2    	-74.41  	-74.41  
35.6    	-74.23  	-74.23  
36      	-73.98  	-73.98  
36.4    	-73.75  	-73.75  
36.8    	-73.53  	-73.53  
37.2    	-73.28  	-73.28  
37.6    	-73.03  	-73.03  
38      	-72.79  	-72.79  
38.4    	-72.46  	-72.46  
38.8    	-72.15  	-72.15  
39.2    	-71.84  	-71.84  
39.6    	-71.58  	-71.58  
40      	-71.35  	-71.35  
40.4    	-71.04  	-71.04  
40.8    	-70.7   	-70.7   
41.2    	-70.36  	-70.36  
41.6    	-70.04  	-70.03  
42      	-69.71  	-69.71  
42.4    	-69.38  	-69.38  
42.8    	-69.1   	-69.1   
43.2    	-68.86  	-68.86  
43.6    	-68.57  	-68.57  
44      	-68.26  	-68.26  
44.4    	-67.93  	-67.93  
44.8    	-67.28  	-67.29  
45.2    	-65.46  	-65.47  
45.6    	-59.17  	-59.19  
46      	-44.94  	-45.01  
46.4    	0.7047  	0.6335  
46.8    	41.73   	41.73   
47.2    	31.98   	32      
47.6    	15.49   	15.51   
48      	-2.762  	-2.738  
48.4    	-20.94  	-20.92  
48.8    	-37.78  	-37.77  
49.2    	-51.74  	-51.73  
49.6    	-61.41  	-61.4   
50      	-67.19  	-67.18  
50.4    	-70.46  	-70.46  
50.8    	-72.35  	-72.35  
51.2    	-73.4   	-73.4   
51.6    	-73.91  	-73.91  
52      	-74.19  	-74.19  
52.4    	-74.18  	-74.19  
52.8    	-74.1   	-74.1   
53.2    	-73.97  	-73.98  
53.6    	-73.78  	-73.78  
54      	-73.6   	-73.6   
54.4    	-73.39  	-73.39  
54.8    	-73.19  	-73.19  
55.2    	-72.99  	-72.99  
55.6    	-72.79  	-72.79  
56      	-72.59  	-72.59  
56.4    	-72.35  	-72.35  
56.8    	-72.07  	-72.07  
57.2    	-71.83  	-71.83  
57.6    	-71.58  	-71.58  
58      	-71.35  	-71.35  
58.4    	-71.11  	-71.11  
58.8    	-70.89  	-70.89  
59.2    	-70.69  	-70.69  
59.6    	-70.48  	-70.48  
60      	-70.16  	-70.16  
60.4    	-69.81  	-69.81  
60.8    	-69.48  	-69.48  
61.2    	-69.17  	-69.17  
61.6    	-68.82  	-68.82  
62      	-68.5   	-68.5   
62.4    	-68.16  	-68.16  
62.8    	-67.66  	-67.66  
63.2    	-66.16  	-66.16  
63.6    	-61.85  	-61.86  
64      	-52.84  	-52.88  
64.4    	-36.9   	-36.97  
64.8    	37.68   	37.66   
65.2    	38.43   	38.45   
65.6    	24.12   	24.14   
66      	6.336   	6.36    
66.4    	-12.08  	-12.06  
66.8    	-29.86  	-29.84  
67.2    	-45.46  	-45.44  
67.6    	-57.44  	-57.43  
68      	-65.05  	-65.04  
68.4    	-69.46  	-69.46  
68.8    	-71.97  	-71.97  
69.2    	-73.41  	-73.41  
69.6    	-74.23  	-74.23  
70      	-74.62  	-74.61  
70.4    	-74.78  	-74.78  
70.8    	-74.8   	-74.8   
71.2    	-74.7   	-74.7   
71.6    	-74.48  	-74.48  
72      	-74.18  	-74.18  
72.4    	-73.87  	-73.87  
72.8    	-73.59  	-73.59  
73.2    	-73.32  	-73.32  
73.6    	-72.97  	-72.97  
74      	-72.63  	-72.63  
74.4    	-72.32  	-72.32  
74.8    	-72.02  	-72.02  
75.2    	-71.73  	-71.73  
75.6    	-71.42  	-71.41  
76      	-71.08  	-71.08  
76.4    	-70.75  	-70.75  
76.8    	-70.39  	-70.39  
77.2    	-70.08  	-70.07  
77.6    	-69.8   	-69.79  
78      	-69.5   	-69.49  
78.4    	-69     	-69     
78.8    	-67.92  	-67.93  
79.2    	-65.11  	-65.12  
79.6    	-58.15  	-58.18  
80      	-46.78  	-46.84  
80.4    	3.561   	3.477   
80.8    	41.56   	41.57   
81.2    	31.75   	31.77   
81.6    	15.28   	15.3    
82      	-2.958  	-2.934  
82.4    	-21.11  	-21.08  
82.8    	-37.87  	-37.85  
83.2    	-51.74  	-51.73  
83.6    	-61.38  	-61.37  
84      	-67.22  	-67.22  
84.4    	-70.63  	-70.63  
84.8    	-72.59  	-72.58  
85.2    	-73.69  	-73.69  
85.6    	-74.28  	-74.28  
86      	-74.56  	-74.56  
86.4    	-74.63  	-74.63  
86.8    	-74.57  	-74.57  
87.2    	-74.43  	-74.43  
87.6    	-74.22  	-74.22  
88      	-74.01  	-74.01  
88.4    	-73.8   	-73.8   
88.8    	-73.57  	-73.57  
89.2    	-73.3   	-73.3   
89.6    	-73     	-73     
90      	-72.69  	-72.69  
90.4    	-72.36  	-72.36  
90.8    	-71.99  	-71.99  
91.2    	-71.67  	-71.67  
91.6    	-71.34  	-71.34  
92      	-70.98  	-70.98  
92.4    	-70.66  	-70.66  
92.8    	-70.32  	-70.32  
93.2    	-69.99  	-69.99  
93.6    	-69.64  	-69.64  
94      	-69.25  	-69.25  
94.4    	-68.88  	-68.88  
94.8    	-68.57  	-68.57  
95.2    	-68.26  	-68.25  
95.6    	-67.93  	-67.93  
96      	-67.31  	-67.31  
96.4    	-65     	-65.01  
96.8    	-61.99  	-62     
97.2    	-60.82  	-60.83  
97.6    	-59.85  	-59.86  
98      	-58.1   	-58.11  
98.4    	-56.47  	-56.48  
98.8    	-51.26  	-51.29  
99.2    	-8.592  	-8.703  
99.6    	41.97   	41.98   
