t	s.v( 0.05 )	dendA1_0.v( 0.5 )
ms	mV	mV
0       	-64.65  	-64.65  
0.1     	-64.77  	-64.76  
0.2     	-64.86  	-64.86  
0.3     	-64.95  	-64.94  
0.4     	-65.02  	-65.01  
0.5     	-65.1   	-65.09  
0.6     	-65.17  	-65.16  
0.7     	-65.24  	-65.23  
0.8     	-65.31  	-65.3   
0.9     	-65.38  	-65.37  
1       	-65.44  	-65.44  
1.1     	-65.51  	-65.5   
1.2     	-65.58  	-65.57  
1.3     	-65.64  	-65.64  
1.4     	-65.71  	-65.7   
1.5     	-65.77  	-65.76  
1.6     	-65.83  	-65.83  
1.7     	-65.9   	-65.89  
1.8     	-65.96  	-65.95  
1.9     	-66.02  	-66.01  
2       	-66.08  	-66.08  
2.1     	-66.14  	-66.14  
2.2     	-66.2   	-66.2   
2.3     	-66.26  	-66.26  
2.4     	-66.32  	-66.31  
2.5     	-66.38  	-66.37  
2.6     	-66.43  	-66.43  
2.7     	-66.49  	-66.48  
2.8     	-66.53  	-66.53  
2.9     	-66.57  	-66.56  
3       	-66.59  	-66.59  
3.1     	-66.61  	-66.61  
3.2     	-66.63  	-66.63  
3.3     	-66.65  	-66.65  
3.4     	-66.68  	-66.68  
3.5     	-66.7   	-66.7   
3.6     	-66.72  	-66.72  
3.7     	-66.74  	-66.74  
3.8     	-66.76  	-66.76  
3.9     	-66.77  	-66.77  
4       	-66.78  	-66.78  
4.1     	-66.79  	-66.79  
4.2     	-66.8   	-66.8   
4.3     	-66.8   	-66.8   
4.4     	-66.8   	-66.8   
4.5     	-66.78  	-66.79  
4.6     	-66.75  	-66.76  
4.7     	-66.72  	-66.73  
4.8     	-66.68  	-66.7   
4.9     	-66.64  	-66.66  
5       	-66.6   	-66.61  
5.1     	-66.56  	-66.57  
5.2     	-66.51  	-66.53  
5.3     	-66.47  	-66.49  
5.4     	-66.43  	-66.45  
5.5     	-66.39  	-66.41  
5.6     	-66.35  	-66.36  
5.7     	-66.3   	-66.31  
5.8     	-66.26  	-66.26  
5.9     	-66.21  	-66.21  
6       	-66.14  	-66.15  
6.1     	-66.07  	-66.06  
6.2     	-65.98  	-65.97  
6.3     	-65.88  	-65.87  
6.4     	-65.79  	-65.78  
6.5     	-65.69  	-65.69  
6.6     	-65.61  	-65.6   
6.7     	-65.52  	-65.51  
6.8     	-65.43  	-65.42  
6.9     	-65.33  	-65.33  
7       	-65.22  	-65.22  
7.1     	-65.07  	-65.07  
7.2     	-64.86  	-64.87  
7.3     	-64.59  	-64.62  
7.4     	-64.3   	-64.34  
7.5     	-64     	-64.04  
7.6     	-63.68  	-63.74  
7.7     	-63.35  	-63.42  
7.8     	-62.99  	-63.07  
7.9     	-62.53  	-62.63  
8       	-61.83  	-61.97  
8.1     	-60.66  	-60.88  
8.2     	-58.91  	-59.25  
8.3     	-56.82  	-57.27  
8.4     	-54.98  	-55.46  
8.5     	-53.45  	-53.94  
8.6     	-52.13  	-52.61  
8.7     	-50.93  	-51.4   
8.8     	-49.78  	-50.23  
8.9     	-48.59  	-49.03  
9       	-47.26  	-47.69  
9.1     	-45.6   	-46.03  
9.2     	-43.2   	-43.67  
9.3     	-38.96  	-39.55  
9.4     	-28.66  	-29.68  
9.5     	3.214   	1.256   
9.6     	33.85   	33.54   
9.7     	41.77   	42.01   
9.8     	43.26   	43.49   
9.9     	42.46   	42.64   
10      	40.51   	40.66   
10.1    	37.85   	37.97   
10.2    	34.66   	34.77   
10.3    	31.1    	31.21   
10.4    	27.27   	27.38   
10.5    	23.25   	23.35   
10.6    	19.07   	19.17   
10.7    	14.78   	14.87   
10.8    	10.42   	10.5    
10.9    	6.001   	6.073   
11      	1.565   	1.628   
11.1    	-2.869  	-2.816  
11.2    	-7.285  	-7.243  
11.3    	-11.68  	-11.65  
11.4    	-16.04  	-16.02  
11.5    	-20.32  	-20.31  
11.6    	-24.52  	-24.52  
11.7    	-28.6   	-28.61  
11.8    	-32.56  	-32.58  
11.9    	-36.36  	-36.38  
12      	-39.98  	-40.01  
12.1    	-43.41  	-43.45  
12.2    	-46.67  	-46.71  
12.3    	-49.73  	-49.77  
12.4    	-52.54  	-52.57  
12.5    	-55.08  	-55.11  
12.6    	-57.35  	-57.38  
12.7    	-59.39  	-59.4   
12.8    	-61.19  	-61.2   
12.9    	-62.78  	-62.79  
13      	-64.2   	-64.19  
13.1    	-65.44  	-65.43  
13.2    	-66.54  	-66.53  
13.3    	-67.5   	-67.49  
13.4    	-68.35  	-68.34  
13.5    	-69.1   	-69.08  
13.6    	-69.76  	-69.74  
13.7    	-70.33  	-70.31  
13.8    	-70.84  	-70.81  
13.9    	-71.28  	-71.25  
14      	-71.67  	-71.64  
14.1    	-72.01  	-71.98  
14.2    	-72.31  	-72.28  
14.3    	-72.56  	-72.53  
14.4    	-72.79  	-72.76  
14.5    	-72.98  	-72.95  
14.6    	-73.14  	-73.11  
14.7    	-73.28  	-73.25  
14.8    	-73.39  	-73.37  
14.9    	-73.49  	-73.46  
15      	-73.56  	-73.53  
15.1    	-73.61  	-73.58  
15.2    	-73.65  	-73.62  
15.3    	-73.67  	-73.65  
15.4    	-73.69  	-73.67  
15.5    	-73.7   	-73.68  
15.6    	-73.7   	-73.68  
15.7    	-73.69  	-73.67  
15.8    	-73.67  	-73.65  
15.9    	-73.64  	-73.62  
16      	-73.61  	-73.59  
16.1    	-73.57  	-73.55  
16.2    	-73.52  	-73.5   
16.3    	-73.47  	-73.44  
16.4    	-73.41  	-73.38  
16.5    	-73.35  	-73.32  
16.6    	-73.28  	-73.26  
16.7    	-73.22  	-73.19  
16.8    	-73.14  	-73.12  
16.9    	-73.07  	-73.04  
17      	-72.98  	-72.96  
17.1    	-72.89  	-72.87  
17.2    	-72.8   	-72.78  
17.3    	-72.71  	-72.69  
17.4    	-72.61  	-72.59  
17.5    	-72.52  	-72.5   
17.6    	-72.43  	-72.41  
17.7    	-72.34  	-72.31  
17.8    	-72.24  	-72.22  
17.9    	-72.15  	-72.12  
18      	-72.05  	-72.02  
18.1    	-71.94  	-71.91  
18.2    	-71.82  	-71.79  
18.3    	-71.7   	-71.67  
18.4    	-71.57  	-71.54  
18.5    	-71.44  	-71.41  
18.6    	-71.3   	-71.27  
18.7    	-71.17  	-71.14  
18.8    	-71.03  	-71     
18.9    	-70.89  	-70.86  
19      	-70.74  	-70.72  
19.1    	-70.58  	-70.56  
19.2    	-70.43  	-70.41  
19.3    	-70.28  	-70.26  
19.4    	-70.13  	-70.11  
19.5    	-69.98  	-69.96  
19.6    	-69.84  	-69.81  
19.7    	-69.69  	-69.66  
19.8    	-69.54  	-69.51  
19.9    	-69.4   	-69.37  
20      	-69.26  	-69.22  
20.1    	-69.12  	-69.08  
20.2    	-68.98  	-68.95  
20.3    	-68.84  	-68.81  
20.4    	-68.71  	-68.68  
20.5    	-68.58  	-68.55  
20.6    	-68.45  	-68.41  
20.7    	-68.31  	-68.28  
20.8    	-68.17  	-68.14  
20.9    	-68.03  	-68     
21      	-67.89  	-67.86  
21.1    	-67.74  	-67.71  
21.2    	-67.59  	-67.56  
21.3    	-67.44  	-67.41  
21.4    	-67.3   	-67.26  
21.5    	-67.15  	-67.12  
21.6    	-67     	-66.97  
21.7    	-66.86  	-66.83  
21.8    	-66.71  	-66.68  
21.9    	-66.56  	-66.53  
22      	-66.42  	-66.39  
22.1    	-66.26  	-66.23  
22.2    	-66.1   	-66.07  
22.3    	-65.93  	-65.91  
22.4    	-65.76  	-65.73  
22.5    	-65.59  	-65.55  
22.6    	-65.41  	-65.37  
22.7    	-65.24  	-65.2   
22.8    	-65.08  	-65.03  
22.9    	-64.92  	-64.87  
23      	-64.76  	-64.72  
23.1    	-64.61  	-64.56  
23.2    	-64.45  	-64.41  
23.3    	-64.3   	-64.26  
23.4    	-64.15  	-64.11  
23.5    	-64     	-63.96  
23.6    	-63.86  	-63.81  
23.7    	-63.71  	-63.67  
23.8    	-63.57  	-63.52  
23.9    	-63.42  	-63.38  
24      	-63.28  	-63.24  
24.1    	-63.13  	-63.1   
24.2    	-62.98  	-62.94  
24.3    	-62.81  	-62.78  
24.4    	-62.62  	-62.59  
24.5    	-62.4   	-62.38  
24.6    	-62.14  	-62.13  
24.7    	-61.78  	-61.78  
24.8    	-61.18  	-61.22  
24.9    	-60.15  	-60.27  
25      	-58.65  	-58.85  
25.1    	-57.1   	-57.37  
25.2    	-55.78  	-56.07  
25.3    	-54.56  	-54.87  
25.4    	-53.21  	-53.55  
25.5    	-51.51  	-51.9   
25.6    	-49.66  	-50.11  
25.7    	-47.72  	-48.2   
25.8    	-45.32  	-45.86  
25.9    	-41.75  	-42.41  
26      	-34.87  	-35.84  
26.1    	-15.49  	-17.46  
26.2    	23.74   	22      
26.3    	39.66   	39.58   
26.4    	43.38   	43.54   
26.5    	43.41   	43.57   
26.6    	41.71   	41.87   
26.7    	39.11   	39.27   
26.8    	35.97   	36.13   
26.9    	32.44   	32.61   
27      	28.64   	28.81   
27.1    	24.63   	24.79   
27.2    	20.45   	20.62   
27.3    	16.15   	16.31   
27.4    	11.76   	11.92   
27.5    	7.303   	7.456   
27.6    	2.814   	2.959   
27.7    	-1.684  	-1.548  
27.8    	-6.171  	-6.045  
27.9    	-10.64  	-10.52  
28      	-15.07  	-14.97  
28.1    	-19.45  	-19.36  
28.2    	-23.73  	-23.65  
28.3    	-27.9   	-27.83  
28.4    	-31.95  	-31.89  
28.5    	-35.84  	-35.8   
28.6    	-39.56  	-39.53  
28.7    	-43.09  	-43.07  
28.8    	-46.44  	-46.42  
28.9    	-49.57  	-49.56  
29      	-52.44  	-52.43  
29.1    	-55.02  	-55.01  
29.2    	-57.32  	-57.31  
29.3    	-59.35  	-59.34  
29.4    	-61.15  	-61.14  
29.5    	-62.73  	-62.72  
29.6    	-64.1   	-64.09  
29.7    	-65.31  	-65.29  
29.8    	-66.36  	-66.35  
29.9    	-67.28  	-67.27  
30      	-68.09  	-68.08  
30.1    	-68.8   	-68.78  
30.2    	-69.41  	-69.39  
30.3    	-69.93  	-69.91  
30.4    	-70.38  	-70.36  
30.5    	-70.77  	-70.75  
30.6    	-71.1   	-71.08  
30.7    	-71.39  	-71.36  
30.8    	-71.63  	-71.61  
30.9    	-71.84  	-71.81  
31      	-72     	-71.98  
31.1    	-72.14  	-72.12  
31.2    	-72.26  	-72.23  
31.3    	-72.35  	-72.33  
31.4    	-72.42  	-72.4   
31.5    	-72.47  	-72.45  
31.6    	-72.51  	-72.49  
31.7    	-72.53  	-72.51  
31.8    	-72.52  	-72.51  
31.9    	-72.51  	-72.49  
32      	-72.48  	-72.47  
32.1    	-72.45  	-72.44  
32.2    	-72.42  	-72.4   
32.3    	-72.37  	-72.36  
32.4    	-72.32  	-72.31  
32.5    	-72.26  	-72.25  
32.6    	-72.2   	-72.18  
32.7    	-72.12  	-72.11  
32.8    	-72.05  	-72.03  
32.9    	-71.96  	-71.95  
33      	-71.88  	-71.87  
33.1    	-71.79  	-71.78  
33.2    	-71.7   	-71.69  
33.3    	-71.59  	-71.58  
33.4    	-71.48  	-71.47  
33.5    	-71.36  	-71.35  
33.6    	-71.23  	-71.23  
33.7    	-71.11  	-71.11  
33.8    	-70.98  	-70.98  
33.9    	-70.85  	-70.85  
34      	-70.72  	-70.72  
34.1    	-70.59  	-70.59  
34.2    	-70.46  	-70.46  
34.3    	-70.33  	-70.33  
34.4    	-70.19  	-70.19  
34.5    	-70.05  	-70.05  
34.6    	-69.91  	-69.9   
34.7    	-69.76  	-69.75  
34.8    	-69.6   	-69.59  
34.9    	-69.43  	-69.43  
35      	-69.26  	-69.26  
35.1    	-69.1   	-69.1   
35.2    	-68.95  	-68.95  
35.3    	-68.8   	-68.8   
35.4    	-68.64  	-68.64  
35.5    	-68.49  	-68.49  
35.6    	-68.33  	-68.34  
35.7    	-68.19  	-68.19  
35.8    	-68.04  	-68.04  
35.9    	-67.9   	-67.9   
36      	-67.76  	-67.76  
36.1    	-67.62  	-67.62  
36.2    	-67.48  	-67.47  
36.3    	-67.33  	-67.32  
36.4    	-67.18  	-67.18  
36.5    	-67.04  	-67.03  
36.6    	-66.9   	-66.89  
36.7    	-66.76  	-66.75  
36.8    	-66.62  	-66.62  
36.9    	-66.49  	-66.48  
37      	-66.35  	-66.33  
37.1    	-66.21  	-66.19  
37.2    	-66.06  	-66.04  
37.3    	-65.91  	-65.9   
37.4    	-65.77  	-65.75  
37.5    	-65.63  	-65.61  
37.6    	-65.49  	-65.47  
37.7    	-65.35  	-65.33  
37.8    	-65.22  	-65.2   
37.9    	-65.08  	-65.06  
38      	-64.92  	-64.9   
38.1    	-64.76  	-64.75  
38.2    	-64.61  	-64.59  
38.3    	-64.45  	-64.43  
38.4    	-64.3   	-64.28  
38.5    	-64.15  	-64.12  
38.6    	-63.99  	-63.97  
38.7    	-63.84  	-63.81  
38.8    	-63.69  	-63.66  
38.9    	-63.54  	-63.52  
39      	-63.39  	-63.37  
39.1    	-63.25  	-63.23  
39.2    	-63.11  	-63.09  
39.3    	-62.97  	-62.95  
39.4    	-62.83  	-62.81  
39.5    	-62.7   	-62.68  
39.6    	-62.56  	-62.54  
39.7    	-62.43  	-62.41  
39.8    	-62.29  	-62.27  
39.9    	-62.16  	-62.14  
40      	-62.03  	-62.01  
40.1    	-61.9   	-61.88  
40.2    	-61.77  	-61.74  
40.3    	-61.63  	-61.6   
40.4    	-61.49  	-61.46  
40.5    	-61.35  	-61.32  
40.6    	-61.2   	-61.16  
40.7    	-61.05  	-61     
40.8    	-60.88  	-60.83  
40.9    	-60.72  	-60.67  
41      	-60.55  	-60.49  
41.1    	-60.38  	-60.32  
41.2    	-60.19  	-60.14  
41.3    	-59.99  	-59.94  
41.4    	-59.77  	-59.72  
41.5    	-59.52  	-59.47  
41.6    	-59.23  	-59.19  
41.7    	-58.88  	-58.85  
41.8    	-58.47  	-58.44  
41.9    	-57.98  	-57.94  
42      	-57.36  	-57.28  
42.1    	-56.59  	-56.44  
42.2    	-55.62  	-55.39  
42.3    	-54.25  	-53.91  
42.4    	-51.94  	-51.38  
42.5    	-47.58  	-46.81  
42.6    	-38.79  	-37.72  
42.7    	-15.02  	-12.94  
42.8    	30.07   	30.67   
42.9    	43.19   	43.27   
43      	44.81   	44.81   
43.1    	43.51   	43.48   
43.2    	41.08   	41.02   
43.3    	38.02   	37.95   
43.4    	34.55   	34.47   
43.5    	30.77   	30.69   
43.6    	26.76   	26.67   
43.7    	22.54   	22.46   
43.8    	18.16   	18.08   
43.9    	13.64   	13.57   
44      	9.032   	8.964   
44.1    	4.354   	4.294   
44.2    	-0.3589 	-0.4111 
44.3    	-5.085  	-5.128  
44.4    	-9.814  	-9.847  
44.5    	-14.54  	-14.56  
44.6    	-19.22  	-19.23  
44.7    	-23.81  	-23.81  
44.8    	-28.31  	-28.29  
44.9    	-32.68  	-32.65  
45      	-36.89  	-36.86  
45.1    	-40.92  	-40.87  
45.2    	-44.74  	-44.69  
45.3    	-48.33  	-48.27  
45.4    	-51.61  	-51.55  
45.5    	-54.53  	-54.46  
45.6    	-57.09  	-57.03  
45.7    	-59.32  	-59.27  
45.8    	-61.27  	-61.21  
45.9    	-62.95  	-62.89  
46      	-64.4   	-64.34  
46.1    	-65.65  	-65.6   
46.2    	-66.73  	-66.68  
46.3    	-67.65  	-67.61  
46.4    	-68.45  	-68.41  
46.5    	-69.14  	-69.1   
46.6    	-69.73  	-69.69  
46.7    	-70.24  	-70.21  
46.8    	-70.68  	-70.64  
46.9    	-71.05  	-71.02  
47      	-71.37  	-71.34  
47.1    	-71.64  	-71.62  
47.2    	-71.87  	-71.85  
47.3    	-72.07  	-72.04  
47.4    	-72.23  	-72.2   
47.5    	-72.36  	-72.33  
47.6    	-72.46  	-72.43  
47.7    	-72.55  	-72.52  
47.8    	-72.61  	-72.58  
47.9    	-72.65  	-72.62  
48      	-72.68  	-72.65  
48.1    	-72.69  	-72.66  
48.2    	-72.7   	-72.66  
48.3    	-72.69  	-72.66  
48.4    	-72.67  	-72.64  
48.5    	-72.65  	-72.62  
48.6    	-72.61  	-72.59  
48.7    	-72.56  	-72.53  
48.8    	-72.5   	-72.47  
48.9    	-72.43  	-72.41  
49      	-72.35  	-72.33  
49.1    	-72.27  	-72.25  
49.2    	-72.19  	-72.17  
49.3    	-72.1   	-72.08  
49.4    	-71.99  	-71.97  
49.5    	-71.87  	-71.85  
49.6    	-71.76  	-71.74  
49.7    	-71.65  	-71.62  
49.8    	-71.53  	-71.51  
49.9    	-71.41  	-71.39  
50      	-71.29  	-71.27  
50.1    	-71.17  	-71.15  
50.2    	-71.06  	-71.03  
50.3    	-70.93  	-70.91  
50.4    	-70.8   	-70.77  
50.5    	-70.67  	-70.64  
50.6    	-70.54  	-70.51  
50.7    	-70.41  	-70.38  
50.8    	-70.29  	-70.25  
50.9    	-70.16  	-70.12  
51      	-70.03  	-69.99  
51.1    	-69.9   	-69.86  
51.2    	-69.77  	-69.72  
51.3    	-69.64  	-69.59  
51.4    	-69.51  	-69.45  
51.5    	-69.37  	-69.31  
51.6    	-69.24  	-69.17  
51.7    	-69.1   	-69.04  
51.8    	-68.97  	-68.9   
51.9    	-68.83  	-68.76  
52      	-68.68  	-68.62  
52.1    	-68.54  	-68.47  
52.2    	-68.39  	-68.32  
52.3    	-68.23  	-68.16  
52.4    	-68.08  	-68     
52.5    	-67.92  	-67.84  
52.6    	-67.76  	-67.69  
52.7    	-67.61  	-67.53  
52.8    	-67.46  	-67.38  
52.9    	-67.31  	-67.24  
53      	-67.16  	-67.09  
53.1    	-67.01  	-66.93  
53.2    	-66.85  	-66.78  
53.3    	-66.69  	-66.62  
53.4    	-66.52  	-66.45  
53.5    	-66.34  	-66.28  
53.6    	-66.17  	-66.11  
53.7    	-66     	-65.94  
53.8    	-65.84  	-65.77  
53.9    	-65.67  	-65.61  
54      	-65.5   	-65.44  
54.1    	-65.33  	-65.27  
54.2    	-65.15  	-65.1   
54.3    	-64.98  	-64.92  
54.4    	-64.8   	-64.75  
54.5    	-64.63  	-64.58  
54.6    	-64.46  	-64.4   
54.7    	-64.28  	-64.23  
54.8    	-64.11  	-64.06  
54.9    	-63.94  	-63.89  
55      	-63.76  	-63.72  
55.1    	-63.59  	-63.55  
55.2    	-63.41  	-63.37  
55.3    	-63.24  	-63.2   
55.4    	-63.07  	-63.04  
55.5    	-62.9   	-62.87  
55.6    	-62.73  	-62.7   
55.7    	-62.56  	-62.53  
55.8    	-62.38  	-62.35  
55.9    	-62.21  	-62.18  
56      	-62.03  	-62     
56.1    	-61.86  	-61.83  
56.2    	-61.69  	-61.66  
56.3    	-61.52  	-61.5   
56.4    	-61.35  	-61.33  
56.5    	-61.19  	-61.17  
56.6    	-61.01  	-61     
56.7    	-60.83  	-60.82  
56.8    	-60.61  	-60.61  
56.9    	-60.35  	-60.35  
57      	-60.01  	-60.03  
57.1    	-59.48  	-59.54  
57.2    	-58.75  	-58.84  
57.3    	-57.81  	-57.96  
57.4    	-56.71  	-56.9   
57.5    	-55.29  	-55.55  
57.6    	-53.19  	-53.57  
57.7    	-50.5   	-51.03  
57.8    	-47.47  	-48.12  
57.9    	-43.59  	-44.4   
58      	-37.64  	-38.72  
58.1    	-24.87  	-26.63  
58.2    	9.881   	7.072   
58.3    	35.53   	34.87   
58.4    	42.38   	42.46   
58.5    	43.52   	43.66   
58.6    	42.4    	42.56   
58.7    	40.12   	40.29   
58.8    	37.17   	37.35   
58.9    	33.78   	33.97   
59      	30.07   	30.27   
59.1    	26.13   	26.34   
59.2    	22.01   	22.22   
59.3    	17.75   	17.96   
59.4    	13.39   	13.59   
59.5    	8.951   	9.153   
59.6    	4.47    	4.665   
59.7    	-0.02654	0.1591  
59.8    	-4.518  	-4.342  
59.9    	-8.988  	-8.824  
60      	-13.43  	-13.28  
60.1    	-17.82  	-17.68  
60.2    	-22.12  	-22     
60.3    	-26.31  	-26.2   
60.4    	-30.38  	-30.28  
60.5    	-34.3   	-34.22  
60.6    	-38.05  	-37.98  
60.7    	-41.62  	-41.56  
60.8    	-45.01  	-44.96  
60.9    	-48.2   	-48.17  
61      	-51.16  	-51.13  
61.1    	-53.84  	-53.82  
61.2    	-56.24  	-56.22  
61.3    	-58.38  	-58.36  
61.4    	-60.27  	-60.25  
61.5    	-61.93  	-61.91  
61.6    	-63.38  	-63.37  
61.7    	-64.66  	-64.65  
61.8    	-65.78  	-65.77  
61.9    	-66.76  	-66.75  
62      	-67.61  	-67.6   
62.1    	-68.36  	-68.35  
62.2    	-69.02  	-69.01  
62.3    	-69.58  	-69.57  
62.4    	-70.07  	-70.06  
62.5    	-70.48  	-70.48  
62.6    	-70.84  	-70.84  
62.7    	-71.15  	-71.14  
62.8    	-71.42  	-71.4   
62.9    	-71.63  	-71.61  
63      	-71.81  	-71.79  
63.1    	-71.95  	-71.94  
63.2    	-72.06  	-72.05  
63.3    	-72.16  	-72.15  
63.4    	-72.23  	-72.22  
63.5    	-72.29  	-72.28  
63.6    	-72.33  	-72.32  
63.7    	-72.35  	-72.35  
63.8    	-72.37  	-72.36  
63.9    	-72.37  	-72.37  
64      	-72.36  	-72.36  
64.1    	-72.34  	-72.34  
64.2    	-72.31  	-72.31  
64.3    	-72.28  	-72.28  
64.4    	-72.24  	-72.24  
64.5    	-72.19  	-72.19  
64.6    	-72.14  	-72.14  
64.7    	-72.09  	-72.09  
64.8    	-72.03  	-72.03  
64.9    	-71.96  	-71.96  
65      	-71.89  	-71.89  
65.1    	-71.81  	-71.81  
65.2    	-71.73  	-71.73  
65.3    	-71.65  	-71.65  
65.4    	-71.56  	-71.56  
65.5    	-71.47  	-71.47  
65.6    	-71.38  	-71.38  
65.7    	-71.28  	-71.28  
65.8    	-71.18  	-71.18  
65.9    	-71.08  	-71.08  
66      	-70.97  	-70.97  
66.1    	-70.85  	-70.86  
66.2    	-70.73  	-70.74  
66.3    	-70.62  	-70.63  
66.4    	-70.5   	-70.51  
66.5    	-70.38  	-70.39  
66.6    	-70.25  	-70.26  
66.7    	-70.11  	-70.13  
66.8    	-69.97  	-69.99  
66.9    	-69.83  	-69.85  
67      	-69.68  	-69.7   
67.1    	-69.54  	-69.56  
67.2    	-69.39  	-69.41  
67.3    	-69.24  	-69.26  
67.4    	-69.09  	-69.12  
67.5    	-68.95  	-68.97  
67.6    	-68.81  	-68.83  
67.7    	-68.67  	-68.69  
67.8    	-68.53  	-68.55  
67.9    	-68.38  	-68.41  
68      	-68.24  	-68.26  
68.1    	-68.09  	-68.11  
68.2    	-67.93  	-67.95  
68.3    	-67.77  	-67.79  
68.4    	-67.61  	-67.62  
68.5    	-67.44  	-67.45  
68.6    	-67.27  	-67.28  
68.7    	-67.1   	-67.11  
68.8    	-66.92  	-66.94  
68.9    	-66.75  	-66.77  
69      	-66.58  	-66.6   
69.1    	-66.42  	-66.44  
69.2    	-66.26  	-66.28  
69.3    	-66.1   	-66.12  
69.4    	-65.94  	-65.96  
69.5    	-65.79  	-65.81  
69.6    	-65.64  	-65.66  
69.7    	-65.49  	-65.51  
69.8    	-65.34  	-65.36  
69.9    	-65.18  	-65.2   
70      	-65.02  	-65.04  
70.1    	-64.85  	-64.87  
70.2    	-64.68  	-64.7   
70.3    	-64.52  	-64.54  
70.4    	-64.35  	-64.38  
70.5    	-64.19  	-64.22  
70.6    	-64.04  	-64.06  
70.7    	-63.88  	-63.91  
70.8    	-63.73  	-63.75  
70.9    	-63.56  	-63.58  
71      	-63.39  	-63.41  
71.1    	-63.21  	-63.23  
71.2    	-63.04  	-63.06  
71.3    	-62.88  	-62.89  
71.4    	-62.71  	-62.73  
71.5    	-62.55  	-62.56  
71.6    	-62.39  	-62.39  
71.7    	-62.22  	-62.22  
71.8    	-62.06  	-62.06  
71.9    	-61.91  	-61.9   
72      	-61.75  	-61.75  
72.1    	-61.6   	-61.59  
72.2    	-61.44  	-61.44  
72.3    	-61.28  	-61.27  
72.4    	-61.1   	-61.1   
72.5    	-60.89  	-60.9   
72.6    	-60.66  	-60.66  
72.7    	-60.34  	-60.36  
72.8    	-59.83  	-59.89  
72.9    	-59.07  	-59.17  
73      	-58.1   	-58.25  
73.1    	-56.99  	-57.19  
73.2    	-55.65  	-55.91  
73.3    	-53.72  	-54.09  
73.4    	-51.16  	-51.66  
73.5    	-48.26  	-48.88  
73.6    	-44.68  	-45.45  
73.7    	-39.44  	-40.44  
73.8    	-29.35  	-30.86  
73.9    	-0.5949 	-3.381  
74      	31.84   	30.76   
74.1    	41.49   	41.53   
74.2    	43.52   	43.68   
74.3    	42.81   	42.98   
74.4    	40.75   	40.92   
74.5    	37.95   	38.12   
74.6    	34.67   	34.84   
74.7    	31.04   	31.22   
74.8    	27.16   	27.35   
74.9    	23.09   	23.27   
75      	18.86   	19.05   
75.1    	14.52   	14.7    
75.2    	10.1    	10.27   
75.3    	5.62    	5.79    
75.4    	1.12    	1.281   
75.5    	-3.379  	-3.228  
75.6    	-7.86   	-7.721  
75.7    	-12.31  	-12.19  
75.8    	-16.72  	-16.61  
75.9    	-21.05  	-20.95  
76      	-25.27  	-25.18  
76.1    	-29.37  	-29.3   
76.2    	-33.32  	-33.27  
76.3    	-37.11  	-37.07  
76.4    	-40.72  	-40.68  
76.5    	-44.14  	-44.12  
76.6    	-47.38  	-47.36  
76.7    	-50.39  	-50.38  
76.8    	-53.13  	-53.13  
76.9    	-55.6   	-55.59  
77      	-57.8   	-57.79  
77.1    	-59.75  	-59.74  
77.2    	-61.47  	-61.46  
77.3    	-62.99  	-62.98  
77.4    	-64.32  	-64.31  
77.5    	-65.49  	-65.47  
77.6    	-66.51  	-66.49  
77.7    	-67.41  	-67.39  
77.8    	-68.19  	-68.17  
77.9    	-68.87  	-68.85  
78      	-69.47  	-69.44  
78.1    	-69.99  	-69.96  
78.2    	-70.43  	-70.4   
78.3    	-70.8   	-70.77  
78.4    	-71.11  	-71.07  
78.5    	-71.37  	-71.34  
78.6    	-71.6   	-71.56  
78.7    	-71.79  	-71.75  
78.8    	-71.94  	-71.9   
78.9    	-72.07  	-72.03  
79      	-72.18  	-72.14  
79.1    	-72.27  	-72.23  
79.2    	-72.34  	-72.3   
79.3    	-72.38  	-72.34  
79.4    	-72.41  	-72.37  
79.5    	-72.43  	-72.38  
79.6    	-72.44  	-72.39  
79.7    	-72.44  	-72.39  
79.8    	-72.43  	-72.38  
79.9    	-72.42  	-72.36  
80      	-72.39  	-72.34  
80.1    	-72.35  	-72.3   
80.2    	-72.29  	-72.24  
80.3    	-72.23  	-72.18  
80.4    	-72.15  	-72.11  
80.5    	-72.07  	-72.03  
80.6    	-71.99  	-71.95  
80.7    	-71.91  	-71.87  
80.8    	-71.82  	-71.78  
80.9    	-71.74  	-71.7   
81      	-71.64  	-71.6   
81.1    	-71.55  	-71.51  
81.2    	-71.45  	-71.41  
81.3    	-71.35  	-71.31  
81.4    	-71.25  	-71.21  
81.5    	-71.14  	-71.1   
81.6    	-71.03  	-70.99  
81.7    	-70.92  	-70.88  
81.8    	-70.8   	-70.76  
81.9    	-70.68  	-70.64  
82      	-70.55  	-70.51  
82.1    	-70.42  	-70.38  
82.2    	-70.28  	-70.24  
82.3    	-70.14  	-70.1   
82.4    	-69.99  	-69.95  
82.5    	-69.83  	-69.8   
82.6    	-69.67  	-69.64  
82.7    	-69.51  	-69.48  
82.8    	-69.36  	-69.33  
82.9    	-69.21  	-69.18  
83      	-69.07  	-69.03  
83.1    	-68.92  	-68.88  
83.2    	-68.77  	-68.74  
83.3    	-68.61  	-68.58  
83.4    	-68.45  	-68.42  
83.5    	-68.29  	-68.26  
83.6    	-68.13  	-68.11  
83.7    	-67.97  	-67.94  
83.8    	-67.81  	-67.79  
83.9    	-67.66  	-67.64  
84      	-67.52  	-67.49  
84.1    	-67.37  	-67.34  
84.2    	-67.22  	-67.2   
84.3    	-67.07  	-67.05  
84.4    	-66.93  	-66.9   
84.5    	-66.78  	-66.76  
84.6    	-66.64  	-66.62  
84.7    	-66.5   	-66.47  
84.8    	-66.36  	-66.33  
84.9    	-66.2   	-66.17  
85      	-66.05  	-66.02  
85.1    	-65.89  	-65.86  
85.2    	-65.72  	-65.7   
85.3    	-65.56  	-65.53  
85.4    	-65.4   	-65.38  
85.5    	-65.24  	-65.22  
85.6    	-65.09  	-65.06  
85.7    	-64.92  	-64.9   
85.8    	-64.76  	-64.74  
85.9    	-64.6   	-64.58  
86      	-64.44  	-64.42  
86.1    	-64.28  	-64.26  
86.2    	-64.12  	-64.09  
86.3    	-63.95  	-63.92  
86.4    	-63.78  	-63.75  
86.5    	-63.62  	-63.58  
86.6    	-63.46  	-63.42  
86.7    	-63.29  	-63.26  
86.8    	-63.12  	-63.09  
86.9    	-62.96  	-62.92  
87      	-62.79  	-62.75  
87.1    	-62.61  	-62.58  
87.2    	-62.44  	-62.41  
87.3    	-62.26  	-62.24  
87.4    	-62.08  	-62.05  
87.5    	-61.88  	-61.86  
87.6    	-61.66  	-61.64  
87.7    	-61.4   	-61.39  
87.8    	-61.08  	-61.08  
87.9    	-60.62  	-60.65  
88      	-59.9   	-59.97  
88.1    	-58.93  	-59.06  
88.2    	-57.87  	-58.05  
88.3    	-56.77  	-56.98  
88.4    	-55.66  	-55.9   
88.5    	-54.58  	-54.84  
88.6    	-53.56  	-53.83  
88.7    	-52.59  	-52.86  
88.8    	-51.62  	-51.89  
88.9    	-50.55  	-50.82  
89      	-49.15  	-49.46  
89.1    	-46.85  	-47.27  
89.2    	-42.62  	-43.28  
89.3    	-35.04  	-36.09  
89.4    	-16.54  	-18.5   
89.5    	22.2    	20.4    
89.6    	39.19   	39.11   
89.7    	43.16   	43.33   
89.8    	43.23   	43.41   
89.9    	41.55   	41.72   
90      	38.95   	39.12   
90.1    	35.81   	35.98   
90.2    	32.28   	32.45   
90.3    	28.47   	28.65   
90.4    	24.45   	24.62   
90.5    	20.25   	20.43   
90.6    	15.94   	16.11   
90.7    	11.53   	11.69   
90.8    	7.052   	7.209   
90.9    	2.545   	2.694   
91      	-1.97   	-1.831  
91.1    	-6.474  	-6.346  
91.2    	-10.95  	-10.84  
91.3    	-15.4   	-15.3   
91.4    	-19.77  	-19.68  
91.5    	-24.04  	-23.96  
91.6    	-28.19  	-28.13  
91.7    	-32.21  	-32.16  
91.8    	-36.07  	-36.03  
91.9    	-39.74  	-39.72  
92      	-43.24  	-43.22  
92.1    	-46.54  	-46.54  
92.2    	-49.64  	-49.63  
92.3    	-52.46  	-52.46  
92.4    	-55     	-55     
92.5    	-57.26  	-57.27  
92.6    	-59.26  	-59.27  
92.7    	-61.03  	-61.04  
92.8    	-62.58  	-62.59  
92.9    	-63.94  	-63.95  
93      	-65.13  	-65.14  
93.1    	-66.17  	-66.18  
93.2    	-67.07  	-67.08  
93.3    	-67.86  	-67.86  
93.4    	-68.54  	-68.55  
93.5    	-69.14  	-69.14  
93.6    	-69.66  	-69.66  
93.7    	-70.11  	-70.11  
93.8    	-70.5   	-70.51  
93.9    	-70.84  	-70.84  
94      	-71.12  	-71.12  
94.1    	-71.35  	-71.36  
94.2    	-71.55  	-71.56  
94.3    	-71.72  	-71.72  
94.4    	-71.85  	-71.86  
94.5    	-71.96  	-71.96  
94.6    	-72.03  	-72.03  
94.7    	-72.08  	-72.08  
94.8    	-72.12  	-72.12  
94.9    	-72.14  	-72.15  
95      	-72.15  	-72.15  
95.1    	-72.14  	-72.14  
95.2    	-72.13  	-72.12  
95.3    	-72.11  	-72.09  
95.4    	-72.08  	-72.06  
95.5    	-72.04  	-72.02  
95.6    	-71.99  	-71.97  
95.7    	-71.93  	-71.92  
95.8    	-71.87  	-71.86  
95.9    	-71.8   	-71.79  
96      	-71.73  	-71.72  
96.1    	-71.64  	-71.63  
96.2    	-71.56  	-71.55  
96.3    	-71.47  	-71.46  
96.4    	-71.37  	-71.36  
96.5    	-71.26  	-71.26  
96.6    	-71.15  	-71.14  
96.7    	-71.02  	-71.02  
96.8    	-70.89  	-70.89  
96.9    	-70.76  	-70.76  
97      	-70.63  	-70.63  
97.1    	-70.49  	-70.5   
97.2    	-70.35  	-70.36  
97.3    	-70.21  	-70.22  
97.4    	-70.07  	-70.08  
97.5    	-69.92  	-69.94  
97.6    	-69.77  	-69.78  
97.7    	-69.6   	-69.62  
97.8    	-69.44  	-69.46  
97.9    	-69.28  	-69.3   
98      	-69.13  	-69.14  
98.1    	-68.97  	-68.98  
98.2    	-68.81  	-68.82  
98.3    	-68.65  	-68.65  
98.4    	-68.48  	-68.48  
98.5    	-68.32  	-68.32  
98.6    	-68.17  	-68.17  
98.7    	-68.02  	-68.02  
98.8    	-67.87  	-67.87  
98.9    	-67.72  	-67.72  
99      	-67.56  	-67.56  
99.1    	-67.4   	-67.41  
99.2    	-67.25  	-67.25  
99.3    	-67.09  	-67.09  
99.4    	-66.93  	-66.94  
99.5    	-66.78  	-66.78  
99.6    	-66.62  	-66.63  
99.7    	-66.47  	-66.48  
99.8    	-66.32  	-66.33  
99.9    	-66.17  	-66.18  
100     	-66.03  	-66.04  
