
SWEPT_VAR_1 = 55.0    // Syn: Source PP \ NetStim \ PARAMETER \ interval (ms)

t
ms
loc = s( 0.55 )
thresh = 0.0 (mV)
28.5    
49.3    
64.3    
79      
103.2   
115.9   
127.5   
145.3   
159.4   
171.8   
184.4   
198.4   
223.9   
239.8   
265.4   
281.9   
299.7   
332.3   
344.3   
356.3   
369.2   
384.1   
399.7   
414.2   
439.9   
467.3   
479.9   
493.9   
506.4   
520.8   
542.2   
566.8   
594.5   
606.3   
616.7   
635.6   
674.6   
688.6   
709.3   
727.1   
749.7   
777.4   
792.1   
826.3   
843.7   
888.9   
913.3   
927.6   
945.9   
961.5   
979.5   
992.4   
