
SWEPT_VAR_1 = 5.0    // Syn: Source PP \ NetStim \ PARAMETER \ interval (ms)

t
ms
loc = s( 0.55 )
thresh = 0.0 (mV)
6.6     
19.6    
32.4    
44.4    
56.4    
68.5    
81.5    
94      
106.4   
118.6   
130.9   
142.7   
154.9   
166.7   
178.2   
190.9   
203.6   
215.7   
227.6   
240.8   
253.7   
265.4   
277.5   
289.4   
301.8   
314.3   
326.5   
338.1   
350.2   
362.8   
374.1   
385.9   
397.6   
410.2   
422.1   
434.3   
446.7   
458.3   
469.6   
481.2   
493.2   
505.2   
516.9   
529     
540     
551.9   
563.7   
575.6   
587.1   
599.7   
611.8   
623     
635.1   
647.7   
659.5   
671.3   
683.6   
695.8   
707.7   
720     
732.2   
744.4   
756.8   
769.2   
780.6   
792.9   
804.7   
816.5   
828.5   
839.8   
850.8   
862.5   
874.1   
886.2   
897.9   
910     
921.9   
933.8   
945.9   
958.2   
970.3   
981.7   
993.7   
