
SWEPT_VAR_1 = 15.0    // Syn: Source PP \ NetStim \ PARAMETER \ interval (ms)

t
ms
loc = s( 0.55 )
thresh = 0.0 (mV)
10.1    
19.2    
29.8    
48.8    
67.3    
91      
110.4   
131.5   
156.8   
177.5   
196.2   
217.7   
236.3   
264.3   
279.2   
292.2   
314.4   
337.4   
366.1   
381.5   
399.9   
415.9   
434.5   
453.5   
475.4   
500.5   
516.7   
542.9   
561.7   
576.9   
594     
618.7   
640.7   
657     
670.6   
688.2   
707.8   
726.5   
743     
762     
779.6   
797.8   
816.9   
840.2   
866.7   
892.6   
914.8   
929     
948.4   
971.7   
987.8   
