
SWEPT_VAR_1 = 25.0    // Syn: Source PP \ NetStim \ PARAMETER \ interval (ms)

t
ms
loc = s( 0.55 )
thresh = 0.0 (mV)
10      
21.1    
31.5    
42.1    
54.4    
64.9    
77      
87.7    
98.4    
109     
119.8   
130.9   
141.9   
152.4   
165     
193.2   
214.3   
225.9   
236.8   
254.4   
266.5   
277.5   
287.6   
298.4   
324.1   
340.4   
352.1   
371.5   
382.5   
393.1   
403.7   
414.8   
425.7   
436.3   
447.2   
458.5   
469.1   
479.1   
489.7   
504.4   
514.7   
525.1   
536     
551.8   
564.6   
578.6   
589.7   
600.5   
611.3   
621.7   
632.6   
643.7   
654.5   
665.2   
677     
703.7   
714.5   
730.1   
741.9   
752.5   
762.7   
775.8   
794.7   
806.9   
825.6   
836.4   
846.8   
862.8   
874.8   
885.8   
896.6   
908.5   
919.3   
931.9   
943.1   
953.7   
963.9   
974.3   
985.4   
995.8   
