
SWEPT_VAR_1 = 35.0    // Syn: Source PP \ NetStim \ PARAMETER \ interval (ms)

t
ms
loc = s( 0.55 )
thresh = 0.0 (mV)
10.6    
24.9    
36.5    
47      
56.6    
70.1    
84.9    
100.4   
111.7   
124.7   
142.1   
153.8   
165     
176.4   
188     
199.3   
209.5   
220.6   
232.5   
245     
255.8   
270.2   
281.1   
293.1   
305.5   
319.7   
333.6   
352.6   
364.6   
374.8   
386.9   
398.5   
409.3   
421.4   
432.7   
444.3   
456.3   
466.9   
477.3   
489.6   
501.5   
513.2   
523.5   
534.2   
547.3   
559.4   
569.6   
579.8   
590.5   
601     
612     
625.4   
635.8   
649.5   
663.2   
676.3   
686.8   
698.6   
708.9   
723.3   
734.5   
745.5   
755.9   
770.9   
782     
795.7   
807     
822.7   
834.6   
845.3   
855     
865.9   
880.8   
891.4   
910.1   
926.7   
939.3   
951.3   
961.7   
973.4   
987.9   
