
SWEPT_VAR_1 = 45.0    // Syn: Source PP \ NetStim \ PARAMETER \ interval (ms)

t
ms
loc = s( 0.55 )
thresh = 0.0 (mV)
10.9    
23.5    
35.7    
48.4    
61.8    
72.3    
89.4    
105.6   
133.4   
144.4   
158     
172.4   
186.6   
199.6   
213     
224.7   
236.4   
249.6   
266.9   
282.7   
303.8   
322.4   
342.3   
371.1   
382     
392.9   
405.3   
416.4   
433.1   
445.4   
457.8   
473.1   
484.4   
497.2   
510.2   
524.2   
534.5   
545.9   
556.8   
569.1   
581.5   
593.4   
605.3   
619.3   
629.6   
640.5   
652.6   
671.7   
686.3   
698.7   
718.1   
731.2   
747.5   
757.7   
770.2   
781.8   
795.3   
810.7   
821.2   
833.8   
847.1   
861.3   
877     
887.9   
901.7   
914.7   
928.9   
959.6   
980.3   
994.9   
