
SWEPT_VAR_1 = 75.0    // Syn: Source PP \ NetStim \ PARAMETER \ interval (ms)

t	s.v( 0.05 )
ms	mV
0       	-64.65  
0.4     	-65.51  
0.8     	-66.35  
1.2     	-67.15  
1.6     	-67.92  
2       	-68.66  
2.4     	-69.37  
2.8     	-70.05  
3.2     	-70.7   
3.6     	-71.31  
4       	-71.9   
4.4     	-72.45  
4.8     	-72.98  
5.2     	-73.49  
5.6     	-73.96  
6       	-74.4   
6.4     	-74.82  
6.8     	-75.21  
7.2     	-75.58  
7.6     	-75.93  
8       	-76.26  
8.4     	-76.57  
8.8     	-76.85  
9.2     	-77.11  
9.6     	-77.35  
10      	-77.57  
10.4    	-77.77  
10.8    	-77.95  
11.2    	-78.1   
11.6    	-78.18  
12      	-78.02  
12.4    	-77.24  
12.8    	-73.98  
13.2    	-59.97  
13.6    	5.643   
14      	43.03   
14.4    	30.88   
14.8    	13.72   
15.2    	-4.161  
15.6    	-22.08  
16      	-41.03  
16.4    	-57.23  
16.8    	-67.35  
17.2    	-73.01  
17.6    	-76.16  
18      	-77.97  
18.4    	-79.05  
18.8    	-79.74  
19.2    	-80.19  
19.6    	-80.5   
20      	-80.73  
20.4    	-80.9   
20.8    	-81.02  
21.2    	-81.12  
21.6    	-81.2   
22      	-81.25  
22.4    	-81.28  
22.8    	-81.3   
23.2    	-81.3   
23.6    	-81.29  
24      	-81.27  
24.4    	-81.24  
24.8    	-81.21  
25.2    	-81.18  
25.6    	-81.15  
26      	-81.12  
26.4    	-81.08  
26.8    	-81.04  
27.2    	-81     
27.6    	-80.94  
28      	-80.89  
28.4    	-80.82  
28.8    	-80.66  
29.2    	-80.19  
29.6    	-78.92  
30      	-74.18  
30.4    	-55.72  
30.8    	26.22   
31.2    	41.8    
31.6    	28.4    
32      	10.98   
32.4    	-6.808  
32.8    	-24.86  
33.2    	-43.65  
33.6    	-58.97  
34      	-68.29  
34.4    	-73.5   
34.8    	-76.41  
35.2    	-78.09  
35.6    	-79.1   
36      	-79.74  
36.4    	-80.16  
36.8    	-80.44  
37.2    	-80.64  
37.6    	-80.78  
38      	-80.88  
38.4    	-80.96  
38.8    	-81.01  
39.2    	-81.05  
39.6    	-81.06  
40      	-81.07  
40.4    	-81.08  
40.8    	-81.08  
41.2    	-81.08  
41.6    	-81.08  
42      	-81.08  
42.4    	-81.08  
42.8    	-81.08  
43.2    	-81.08  
43.6    	-81.08  
44      	-81.08  
44.4    	-81.07  
44.8    	-81.06  
45.2    	-81.04  
45.6    	-81.03  
46      	-81.01  
46.4    	-80.99  
46.8    	-80.97  
47.2    	-80.96  
47.6    	-80.94  
48      	-80.93  
48.4    	-80.92  
48.8    	-80.9   
49.2    	-80.89  
49.6    	-80.88  
50      	-80.88  
50.4    	-80.88  
50.8    	-80.88  
51.2    	-80.89  
51.6    	-80.9   
52      	-80.91  
52.4    	-80.93  
52.8    	-80.95  
53.2    	-80.98  
53.6    	-81.01  
54      	-81.04  
54.4    	-81.08  
54.8    	-81.12  
55.2    	-81.16  
55.6    	-81.2   
56      	-81.24  
56.4    	-81.28  
56.8    	-81.32  
57.2    	-81.35  
57.6    	-81.37  
58      	-81.39  
58.4    	-81.4   
58.8    	-81.41  
59.2    	-81.4   
59.6    	-81.39  
60      	-81.37  
60.4    	-81.35  
60.8    	-81.32  
61.2    	-81.3   
61.6    	-81.28  
62      	-81.27  
62.4    	-81.26  
62.8    	-81.25  
63.2    	-81.25  
63.6    	-81.25  
64      	-81.25  
64.4    	-81.26  
64.8    	-81.28  
65.2    	-81.29  
65.6    	-81.32  
66      	-81.34  
66.4    	-81.37  
66.8    	-81.4   
67.2    	-81.43  
67.6    	-81.45  
68      	-81.47  
68.4    	-81.48  
68.8    	-81.49  
69.2    	-81.51  
69.6    	-81.52  
70      	-81.54  
70.4    	-81.56  
70.8    	-81.58  
71.2    	-81.6   
71.6    	-81.61  
72      	-81.63  
72.4    	-81.64  
72.8    	-81.65  
73.2    	-81.65  
73.6    	-81.65  
74      	-81.64  
74.4    	-81.62  
74.8    	-81.6   
75.2    	-81.58  
75.6    	-81.56  
76      	-81.55  
76.4    	-81.54  
76.8    	-81.54  
77.2    	-81.54  
77.6    	-81.54  
78      	-81.55  
78.4    	-81.56  
78.8    	-81.57  
79.2    	-81.58  
79.6    	-81.58  
80      	-81.59  
80.4    	-81.59  
80.8    	-81.59  
81.2    	-81.6   
81.6    	-81.61  
82      	-81.61  
82.4    	-81.6   
82.8    	-81.59  
83.2    	-81.58  
83.6    	-81.57  
84      	-81.55  
84.4    	-81.54  
84.8    	-81.52  
85.2    	-81.51  
85.6    	-81.51  
86      	-81.5   
86.4    	-81.5   
86.8    	-81.51  
87.2    	-81.52  
87.6    	-81.53  
88      	-81.54  
88.4    	-81.56  
88.8    	-81.58  
89.2    	-81.59  
89.6    	-81.61  
90      	-81.62  
90.4    	-81.64  
90.8    	-81.66  
91.2    	-81.68  
91.6    	-81.69  
92      	-81.71  
92.4    	-81.72  
92.8    	-81.74  
93.2    	-81.76  
93.6    	-81.78  
94      	-81.8   
94.4    	-81.83  
94.8    	-81.85  
95.2    	-81.88  
95.6    	-81.9   
96      	-81.91  
96.4    	-81.91  
96.8    	-81.9   
97.2    	-81.88  
97.6    	-81.86  
98      	-81.84  
98.4    	-81.83  
98.8    	-81.81  
99.2    	-81.8   
99.6    	-81.79  
100     	-81.78  
100.4   	-81.77  
100.8   	-81.76  
101.2   	-81.76  
101.6   	-81.75  
102     	-81.74  
102.4   	-81.73  
102.8   	-81.72  
103.2   	-81.71  
103.6   	-81.71  
104     	-81.7   
104.4   	-81.7   
104.8   	-81.7   
105.2   	-81.7   
105.6   	-81.7   
106     	-81.7   
106.4   	-81.7   
106.8   	-81.71  
107.2   	-81.71  
107.6   	-81.71  
108     	-81.72  
108.4   	-81.73  
108.8   	-81.74  
109.2   	-81.74  
109.6   	-81.74  
110     	-81.74  
110.4   	-81.74  
110.8   	-81.74  
111.2   	-81.74  
111.6   	-81.72  
112     	-81.7   
112.4   	-81.68  
112.8   	-81.65  
113.2   	-81.62  
113.6   	-81.59  
114     	-81.55  
114.4   	-81.53  
114.8   	-81.5   
115.2   	-81.48  
115.6   	-81.46  
116     	-81.45  
116.4   	-81.44  
116.8   	-81.43  
117.2   	-81.42  
117.6   	-81.41  
118     	-81.41  
118.4   	-81.41  
118.8   	-81.41  
119.2   	-81.42  
119.6   	-81.43  
120     	-81.45  
120.4   	-81.47  
120.8   	-81.49  
121.2   	-81.52  
121.6   	-81.55  
122     	-81.57  
122.4   	-81.59  
122.8   	-81.61  
123.2   	-81.63  
123.6   	-81.64  
124     	-81.66  
124.4   	-81.68  
124.8   	-81.7   
125.2   	-81.72  
125.6   	-81.75  
126     	-81.77  
126.4   	-81.8   
126.8   	-81.83  
127.2   	-81.85  
127.6   	-81.88  
128     	-81.9   
128.4   	-81.92  
128.8   	-81.94  
129.2   	-81.96  
129.6   	-81.98  
130     	-82     
130.4   	-82.01  
130.8   	-82.02  
131.2   	-82.02  
131.6   	-82.01  
132     	-82     
132.4   	-81.97  
132.8   	-81.95  
133.2   	-81.93  
133.6   	-81.91  
134     	-81.88  
134.4   	-81.86  
134.8   	-81.83  
135.2   	-81.81  
135.6   	-81.8   
136     	-81.78  
136.4   	-81.77  
136.8   	-81.76  
137.2   	-81.74  
137.6   	-81.72  
138     	-81.69  
138.4   	-81.65  
138.8   	-81.62  
139.2   	-81.59  
139.6   	-81.56  
140     	-81.54  
140.4   	-81.51  
140.8   	-81.49  
141.2   	-81.46  
141.6   	-81.43  
142     	-81.4   
142.4   	-81.38  
142.8   	-81.36  
143.2   	-81.33  
143.6   	-81.31  
144     	-81.29  
144.4   	-81.28  
144.8   	-81.26  
145.2   	-81.24  
145.6   	-81.2   
146     	-81.16  
146.4   	-81.11  
146.8   	-81.07  
147.2   	-81.02  
147.6   	-80.98  
148     	-80.94  
148.4   	-80.9   
148.8   	-80.84  
149.2   	-80.66  
149.6   	-80.11  
150     	-78.57  
150.4   	-72.68  
150.8   	-50.07  
151.2   	36.68   
151.6   	40.3    
152     	25.84   
152.4   	8.189   
152.8   	-9.546  
153.2   	-27.83  
153.6   	-46.43  
154     	-60.83  
154.4   	-69.35  
154.8   	-74.09  
155.2   	-76.75  
155.6   	-78.29  
156     	-79.23  
156.4   	-79.83  
156.8   	-80.23  
157.2   	-80.5   
157.6   	-80.68  
158     	-80.82  
158.4   	-80.92  
158.8   	-80.99  
159.2   	-81.04  
159.6   	-81.07  
160     	-81.08  
160.4   	-81.08  
160.8   	-81.07  
161.2   	-81.06  
161.6   	-81.05  
162     	-81.03  
162.4   	-81     
162.8   	-80.97  
163.2   	-80.93  
163.6   	-80.89  
164     	-80.84  
164.4   	-80.79  
164.8   	-80.73  
165.2   	-80.66  
165.6   	-80.58  
166     	-80.51  
166.4   	-80.44  
166.8   	-80.38  
167.2   	-80.33  
167.6   	-80.28  
168     	-80.24  
168.4   	-80.21  
168.8   	-80.19  
169.2   	-80.17  
169.6   	-80.15  
170     	-80.14  
170.4   	-80.13  
170.8   	-80.12  
171.2   	-80.11  
171.6   	-80.1   
172     	-80.08  
172.4   	-80.06  
172.8   	-80.05  
173.2   	-80.04  
173.6   	-80.03  
174     	-80.02  
174.4   	-80.02  
174.8   	-80.01  
175.2   	-79.99  
175.6   	-79.98  
176     	-79.97  
176.4   	-79.95  
176.8   	-79.94  
177.2   	-79.93  
177.6   	-79.93  
178     	-79.93  
178.4   	-79.94  
178.8   	-79.95  
179.2   	-79.97  
179.6   	-79.99  
180     	-80.01  
180.4   	-80.03  
180.8   	-80.04  
181.2   	-80.06  
181.6   	-80.07  
182     	-80.08  
182.4   	-80.09  
182.8   	-80.1   
183.2   	-80.11  
183.6   	-80.13  
184     	-80.16  
184.4   	-80.18  
184.8   	-80.19  
185.2   	-80.21  
185.6   	-80.23  
186     	-80.26  
186.4   	-80.28  
186.8   	-80.31  
187.2   	-80.35  
187.6   	-80.38  
188     	-80.4   
188.4   	-80.43  
188.8   	-80.45  
189.2   	-80.46  
189.6   	-80.49  
190     	-80.51  
190.4   	-80.52  
190.8   	-80.53  
191.2   	-80.53  
191.6   	-80.53  
192     	-80.53  
192.4   	-80.53  
192.8   	-80.53  
193.2   	-80.53  
193.6   	-80.53  
194     	-80.53  
194.4   	-80.52  
194.8   	-80.5   
195.2   	-80.48  
195.6   	-80.46  
196     	-80.44  
196.4   	-80.42  
196.8   	-80.4   
197.2   	-80.38  
197.6   	-80.37  
198     	-80.36  
198.4   	-80.34  
198.8   	-80.33  
199.2   	-80.33  
199.6   	-80.32  
200     	-80.31  
200.4   	-80.29  
200.8   	-80.27  
201.2   	-80.25  
201.6   	-80.22  
202     	-80.16  
202.4   	-79.94  
202.8   	-79.27  
203.2   	-77.13  
203.6   	-68.54  
204     	-35.4   
204.4   	43.09   
204.8   	36.56   
205.2   	20.61   
205.6   	2.735   
206     	-14.94  
206.4   	-33.62  
206.8   	-51.45  
207.2   	-63.93  
207.6   	-71.08  
208     	-75.05  
208.4   	-77.29  
208.8   	-78.61  
209.2   	-79.41  
209.6   	-79.92  
210     	-80.26  
210.4   	-80.48  
210.8   	-80.63  
211.2   	-80.73  
211.6   	-80.8   
212     	-80.84  
212.4   	-80.86  
212.8   	-80.87  
213.2   	-80.86  
213.6   	-80.85  
214     	-80.82  
214.4   	-80.8   
214.8   	-80.77  
215.2   	-80.73  
215.6   	-80.64  
216     	-80.32  
216.4   	-79.48  
216.8   	-76.71  
217.2   	-65.89  
217.6   	-23.96  
218     	43.62   
218.4   	34.38   
218.8   	17.9    
219.2   	-0.008134
219.6   	-17.75  
220     	-36.59  
220.4   	-53.85  
220.8   	-65.36  
221.2   	-71.88  
221.6   	-75.5   
222     	-77.56  
222.4   	-78.79  
222.8   	-79.54  
223.2   	-80.04  
223.6   	-80.37  
224     	-80.6   
224.4   	-80.76  
224.8   	-80.88  
225.2   	-80.96  
225.6   	-81.02  
226     	-81.06  
226.4   	-81.09  
226.8   	-81.1   
227.2   	-81.11  
227.6   	-81.1   
228     	-81.09  
228.4   	-81.06  
228.8   	-81.02  
229.2   	-80.99  
229.6   	-80.95  
230     	-80.92  
230.4   	-80.89  
230.8   	-80.86  
231.2   	-80.84  
231.6   	-80.82  
232     	-80.8   
232.4   	-80.78  
232.8   	-80.76  
233.2   	-80.75  
233.6   	-80.73  
234     	-80.72  
234.4   	-80.72  
234.8   	-80.72  
235.2   	-80.72  
235.6   	-80.73  
236     	-80.74  
236.4   	-80.76  
236.8   	-80.78  
237.2   	-80.81  
237.6   	-80.84  
238     	-80.87  
238.4   	-80.91  
238.8   	-80.95  
239.2   	-80.99  
239.6   	-81.02  
240     	-81.06  
240.4   	-81.09  
240.8   	-81.11  
241.2   	-81.13  
241.6   	-81.16  
242     	-81.18  
242.4   	-81.21  
242.8   	-81.23  
243.2   	-81.25  
243.6   	-81.25  
244     	-81.25  
244.4   	-81.25  
244.8   	-81.25  
245.2   	-81.25  
245.6   	-81.24  
246     	-81.23  
246.4   	-81.21  
246.8   	-81.18  
247.2   	-81.15  
247.6   	-81.11  
248     	-81.07  
248.4   	-81.02  
248.8   	-80.97  
249.2   	-80.91  
249.6   	-80.86  
250     	-80.79  
250.4   	-80.73  
250.8   	-80.67  
251.2   	-80.61  
251.6   	-80.55  
252     	-80.49  
252.4   	-80.42  
252.8   	-80.34  
253.2   	-80.15  
253.6   	-79.62  
254     	-78.03  
254.4   	-71.75  
254.8   	-47.43  
255.2   	38.95   
255.6   	39.53   
256     	24.68   
256.4   	6.96    
256.8   	-10.74  
257.2   	-29.1   
257.6   	-47.56  
258     	-61.54  
258.4   	-69.74  
258.8   	-74.31  
259.2   	-76.88  
259.6   	-78.38  
260     	-79.29  
260.4   	-79.87  
260.8   	-80.25  
261.2   	-80.51  
261.6   	-80.69  
262     	-80.83  
262.4   	-80.93  
262.8   	-80.99  
263.2   	-81.04  
263.6   	-81.06  
264     	-81.07  
264.4   	-81.07  
264.8   	-81.07  
265.2   	-81.06  
265.6   	-81.04  
266     	-81.02  
266.4   	-81     
266.8   	-80.98  
267.2   	-80.95  
267.6   	-80.92  
268     	-80.9   
268.4   	-80.87  
268.8   	-80.84  
269.2   	-80.8   
269.6   	-80.75  
270     	-80.69  
270.4   	-80.62  
270.8   	-80.53  
271.2   	-80.29  
271.6   	-79.61  
272     	-77.49  
272.4   	-69.14  
272.8   	-37.28  
273.2   	42.84   
273.6   	37      
274     	21.18   
274.4   	3.317   
274.8   	-14.37  
275.2   	-33.02  
275.6   	-50.97  
276     	-63.65  
276.4   	-70.92  
276.8   	-74.96  
277.2   	-77.24  
277.6   	-78.57  
278     	-79.38  
278.4   	-79.89  
278.8   	-80.23  
279.2   	-80.46  
279.6   	-80.61  
280     	-80.72  
280.4   	-80.79  
280.8   	-80.84  
281.2   	-80.86  
281.6   	-80.87  
282     	-80.87  
282.4   	-80.86  
282.8   	-80.85  
283.2   	-80.83  
283.6   	-80.8   
284     	-80.78  
284.4   	-80.75  
284.8   	-80.72  
285.2   	-80.69  
285.6   	-80.66  
286     	-80.63  
286.4   	-80.59  
286.8   	-80.56  
287.2   	-80.53  
287.6   	-80.51  
288     	-80.49  
288.4   	-80.48  
288.8   	-80.47  
289.2   	-80.46  
289.6   	-80.46  
290     	-80.46  
290.4   	-80.46  
290.8   	-80.47  
291.2   	-80.48  
291.6   	-80.49  
292     	-80.5   
292.4   	-80.51  
292.8   	-80.52  
293.2   	-80.53  
293.6   	-80.55  
294     	-80.57  
294.4   	-80.58  
294.8   	-80.6   
295.2   	-80.62  
295.6   	-80.64  
296     	-80.66  
296.4   	-80.68  
296.8   	-80.69  
297.2   	-80.7   
297.6   	-80.71  
298     	-80.72  
298.4   	-80.73  
298.8   	-80.75  
299.2   	-80.77  
299.6   	-80.78  
300     	-80.79  
300.4   	-80.79  
300.8   	-80.78  
301.2   	-80.77  
301.6   	-80.75  
302     	-80.72  
302.4   	-80.7   
302.8   	-80.69  
303.2   	-80.67  
303.6   	-80.64  
304     	-80.6   
304.4   	-80.56  
304.8   	-80.51  
305.2   	-80.46  
305.6   	-80.4   
306     	-80.36  
306.4   	-80.31  
306.8   	-80.27  
307.2   	-80.24  
307.6   	-80.2   
308     	-80.16  
308.4   	-80.13  
308.8   	-80.1   
309.2   	-80.06  
309.6   	-80.03  
310     	-79.99  
310.4   	-79.96  
310.8   	-79.93  
311.2   	-79.91  
311.6   	-79.89  
312     	-79.89  
312.4   	-79.88  
312.8   	-79.89  
313.2   	-79.9   
313.6   	-79.91  
314     	-79.93  
314.4   	-79.96  
314.8   	-79.99  
315.2   	-80.03  
315.6   	-80.07  
316     	-80.1   
316.4   	-80.14  
316.8   	-80.17  
317.2   	-80.2   
317.6   	-80.23  
318     	-80.27  
318.4   	-80.3   
318.8   	-80.34  
319.2   	-80.38  
319.6   	-80.41  
320     	-80.43  
320.4   	-80.46  
320.8   	-80.49  
321.2   	-80.52  
321.6   	-80.54  
322     	-80.57  
322.4   	-80.6   
322.8   	-80.63  
323.2   	-80.66  
323.6   	-80.7   
324     	-80.73  
324.4   	-80.77  
324.8   	-80.81  
325.2   	-80.85  
325.6   	-80.88  
326     	-80.91  
326.4   	-80.94  
326.8   	-80.97  
327.2   	-80.98  
327.6   	-80.98  
328     	-80.98  
328.4   	-80.98  
328.8   	-80.97  
329.2   	-80.95  
329.6   	-80.94  
330     	-80.92  
330.4   	-80.91  
330.8   	-80.89  
331.2   	-80.88  
331.6   	-80.87  
332     	-80.86  
332.4   	-80.86  
332.8   	-80.86  
333.2   	-80.86  
333.6   	-80.86  
334     	-80.86  
334.4   	-80.87  
334.8   	-80.87  
335.2   	-80.88  
335.6   	-80.89  
336     	-80.87  
336.4   	-80.71  
336.8   	-80.17  
337.2   	-78.64  
337.6   	-72.85  
338     	-50.63  
338.4   	36.06   
338.8   	40.45   
339.2   	26.09   
339.6   	8.45    
340     	-9.295  
340.4   	-27.57  
340.8   	-46.2   
341.2   	-60.69  
341.6   	-69.28  
342     	-74.07  
342.4   	-76.76  
342.8   	-78.33  
343.2   	-79.28  
343.6   	-79.89  
344     	-80.29  
344.4   	-80.56  
344.8   	-80.75  
345.2   	-80.88  
345.6   	-80.97  
346     	-81.03  
346.4   	-81.07  
346.8   	-81.1   
347.2   	-81.13  
347.6   	-81.14  
348     	-81.16  
348.4   	-81.17  
348.8   	-81.18  
349.2   	-81.18  
349.6   	-81.18  
350     	-81.18  
350.4   	-81.17  
350.8   	-81.15  
351.2   	-81.14  
351.6   	-81.11  
352     	-81.08  
352.4   	-81.04  
352.8   	-80.99  
353.2   	-80.94  
353.6   	-80.88  
354     	-80.82  
354.4   	-80.77  
354.8   	-80.72  
355.2   	-80.67  
355.6   	-80.62  
356     	-80.57  
356.4   	-80.53  
356.8   	-80.5   
357.2   	-80.47  
357.6   	-80.44  
358     	-80.42  
358.4   	-80.4   
358.8   	-80.39  
359.2   	-80.38  
359.6   	-80.38  
360     	-80.38  
360.4   	-80.38  
360.8   	-80.37  
361.2   	-80.37  
361.6   	-80.36  
362     	-80.36  
362.4   	-80.36  
362.8   	-80.36  
363.2   	-80.37  
363.6   	-80.38  
364     	-80.39  
364.4   	-80.4   
364.8   	-80.41  
365.2   	-80.42  
365.6   	-80.43  
366     	-80.45  
366.4   	-80.46  
366.8   	-80.47  
367.2   	-80.49  
367.6   	-80.51  
368     	-80.53  
368.4   	-80.55  
368.8   	-80.57  
369.2   	-80.59  
369.6   	-80.61  
370     	-80.63  
370.4   	-80.66  
370.8   	-80.68  
371.2   	-80.71  
371.6   	-80.73  
372     	-80.76  
372.4   	-80.79  
372.8   	-80.81  
373.2   	-80.83  
373.6   	-80.86  
374     	-80.88  
374.4   	-80.9   
374.8   	-80.93  
375.2   	-80.94  
375.6   	-80.96  
376     	-80.97  
376.4   	-80.97  
376.8   	-80.97  
377.2   	-80.97  
377.6   	-80.94  
378     	-80.82  
378.4   	-80.38  
378.8   	-79.18  
379.2   	-74.81  
379.6   	-57.86  
380     	18.5    
380.4   	42.38   
380.8   	29.52   
381.2   	12.22   
381.6   	-5.605  
382     	-23.59  
382.4   	-42.45  
382.8   	-58.16  
383.2   	-67.85  
383.6   	-73.27  
384     	-76.3   
384.4   	-78.05  
384.8   	-79.1   
385.2   	-79.76  
385.6   	-80.2   
386     	-80.48  
386.4   	-80.69  
386.8   	-80.83  
387.2   	-80.93  
387.6   	-81     
388     	-81.05  
388.4   	-81.08  
388.8   	-81.11  
389.2   	-81.12  
389.6   	-81.13  
390     	-81.14  
390.4   	-81.13  
390.8   	-81.12  
391.2   	-81.1   
391.6   	-81.08  
392     	-81.06  
392.4   	-81.03  
392.8   	-81.01  
393.2   	-80.98  
393.6   	-80.94  
394     	-80.9   
394.4   	-80.86  
394.8   	-80.83  
395.2   	-80.79  
395.6   	-80.75  
396     	-80.71  
396.4   	-80.67  
396.8   	-80.64  
397.2   	-80.6   
397.6   	-80.57  
398     	-80.55  
398.4   	-80.52  
398.8   	-80.51  
399.2   	-80.49  
399.6   	-80.48  
400     	-80.48  
400.4   	-80.48  
400.8   	-80.48  
401.2   	-80.49  
401.6   	-80.49  
402     	-80.5   
402.4   	-80.5   
402.8   	-80.49  
403.2   	-80.47  
403.6   	-80.3   
404     	-79.74  
404.4   	-78.06  
404.8   	-71.47  
405.2   	-46.15  
405.6   	39.84   
406     	39.19   
406.4   	24.18   
406.8   	6.435   
407.2   	-11.26  
407.6   	-29.68  
408     	-48.09  
408.4   	-61.89  
408.8   	-69.96  
409.2   	-74.45  
409.6   	-76.99  
410     	-78.48  
410.4   	-79.39  
410.8   	-79.98  
411.2   	-80.39  
411.6   	-80.68  
412     	-80.89  
412.4   	-81.06  
412.8   	-81.19  
413.2   	-81.31  
413.6   	-81.4   
414     	-81.48  
414.4   	-81.55  
414.8   	-81.61  
415.2   	-81.66  
415.6   	-81.7   
416     	-81.73  
416.4   	-81.76  
416.8   	-81.78  
417.2   	-81.81  
417.6   	-81.83  
418     	-81.85  
418.4   	-81.86  
418.8   	-81.88  
419.2   	-81.9   
419.6   	-81.91  
420     	-81.93  
420.4   	-81.95  
420.8   	-81.96  
421.2   	-81.98  
421.6   	-81.99  
422     	-82.01  
422.4   	-82.02  
422.8   	-82.04  
423.2   	-82.06  
423.6   	-82.07  
424     	-82.09  
424.4   	-82.09  
424.8   	-82.08  
425.2   	-82.08  
425.6   	-82.08  
426     	-82.07  
426.4   	-82.06  
426.8   	-82.05  
427.2   	-82.03  
427.6   	-82.01  
428     	-81.99  
428.4   	-81.96  
428.8   	-81.94  
429.2   	-81.92  
429.6   	-81.89  
430     	-81.86  
430.4   	-81.82  
430.8   	-81.79  
431.2   	-81.75  
431.6   	-81.71  
432     	-81.67  
432.4   	-81.63  
432.8   	-81.6   
433.2   	-81.57  
433.6   	-81.55  
434     	-81.53  
434.4   	-81.52  
434.8   	-81.51  
435.2   	-81.5   
435.6   	-81.5   
436     	-81.5   
436.4   	-81.5   
436.8   	-81.51  
437.2   	-81.52  
437.6   	-81.53  
438     	-81.55  
438.4   	-81.57  
438.8   	-81.59  
439.2   	-81.61  
439.6   	-81.63  
440     	-81.65  
440.4   	-81.67  
440.8   	-81.69  
441.2   	-81.71  
441.6   	-81.74  
442     	-81.75  
442.4   	-81.76  
442.8   	-81.77  
443.2   	-81.78  
443.6   	-81.78  
444     	-81.78  
444.4   	-81.77  
444.8   	-81.75  
445.2   	-81.73  
445.6   	-81.69  
446     	-81.58  
446.4   	-81.22  
446.8   	-80.31  
447.2   	-77.47  
447.6   	-66.74  
448     	-26.38  
448.4   	43.65   
448.8   	34.85   
449.2   	18.47   
449.6   	0.5708  
450     	-17.15  
450.4   	-35.96  
450.8   	-53.35  
451.2   	-65.06  
451.6   	-71.72  
452     	-75.43  
452.4   	-77.55  
452.8   	-78.8   
453.2   	-79.59  
453.6   	-80.1   
454     	-80.45  
454.4   	-80.71  
454.8   	-80.9   
455.2   	-81.04  
455.6   	-81.16  
456     	-81.24  
456.4   	-81.31  
456.8   	-81.36  
457.2   	-81.4   
457.6   	-81.44  
458     	-81.46  
458.4   	-81.47  
458.8   	-81.47  
459.2   	-81.46  
459.6   	-81.45  
460     	-81.44  
460.4   	-81.42  
460.8   	-81.4   
461.2   	-81.37  
461.6   	-81.33  
462     	-81.3   
462.4   	-81.27  
462.8   	-81.24  
463.2   	-81.21  
463.6   	-81.2   
464     	-81.18  
464.4   	-81.17  
464.8   	-81.17  
465.2   	-81.17  
465.6   	-81.17  
466     	-81.18  
466.4   	-81.2   
466.8   	-81.21  
467.2   	-81.22  
467.6   	-81.23  
468     	-81.24  
468.4   	-81.25  
468.8   	-81.26  
469.2   	-81.27  
469.6   	-81.27  
470     	-81.27  
470.4   	-81.27  
470.8   	-81.28  
471.2   	-81.28  
471.6   	-81.29  
472     	-81.3   
472.4   	-81.32  
472.8   	-81.33  
473.2   	-81.34  
473.6   	-81.34  
474     	-81.35  
474.4   	-81.37  
474.8   	-81.38  
475.2   	-81.39  
475.6   	-81.41  
476     	-81.43  
476.4   	-81.44  
476.8   	-81.46  
477.2   	-81.47  
477.6   	-81.48  
478     	-81.48  
478.4   	-81.47  
478.8   	-81.45  
479.2   	-81.44  
479.6   	-81.43  
480     	-81.42  
480.4   	-81.41  
480.8   	-81.41  
481.2   	-81.4   
481.6   	-81.41  
482     	-81.41  
482.4   	-81.4   
482.8   	-81.4   
483.2   	-81.4   
483.6   	-81.39  
484     	-81.37  
484.4   	-81.35  
484.8   	-81.32  
485.2   	-81.29  
485.6   	-81.24  
486     	-81.17  
486.4   	-81     
486.8   	-80.51  
487.2   	-79.2   
487.6   	-74.43  
488     	-56.07  
488.4   	25.25   
488.8   	41.88   
489.2   	28.56   
489.6   	11.16   
490     	-6.626  
490.4   	-24.66  
490.8   	-43.43  
491.2   	-58.81  
491.6   	-68.19  
492     	-73.43  
492.4   	-76.36  
492.8   	-78.04  
493.2   	-79.06  
493.6   	-79.69  
494     	-80.1   
494.4   	-80.37  
494.8   	-80.56  
495.2   	-80.69  
495.6   	-80.78  
496     	-80.84  
496.4   	-80.88  
496.8   	-80.89  
497.2   	-80.9   
497.6   	-80.89  
498     	-80.88  
498.4   	-80.86  
498.8   	-80.84  
499.2   	-80.82  
499.6   	-80.8   
500     	-80.77  
500.4   	-80.75  
500.8   	-80.73  
501.2   	-80.7   
501.6   	-80.67  
502     	-80.64  
502.4   	-80.61  
502.8   	-80.57  
503.2   	-80.54  
503.6   	-80.5   
504     	-80.38  
504.4   	-79.99  
504.8   	-78.9   
505.2   	-74.91  
505.6   	-59.12  
506     	12.2    
506.4   	42.71   
506.8   	30.23   
507.2   	13.02   
507.6   	-4.835  
508     	-22.78  
508.4   	-41.67  
508.8   	-57.63  
509.2   	-67.54  
509.6   	-73.09  
510     	-76.18  
510.4   	-77.96  
510.8   	-79.02  
511.2   	-79.69  
511.6   	-80.12  
512     	-80.41  
512.4   	-80.61  
512.8   	-80.75  
513.2   	-80.85  
513.6   	-80.91  
514     	-80.95  
514.4   	-80.98  
514.8   	-80.99  
515.2   	-80.98  
515.6   	-80.97  
516     	-80.95  
516.4   	-80.93  
516.8   	-80.91  
517.2   	-80.89  
517.6   	-80.86  
518     	-80.83  
518.4   	-80.79  
518.8   	-80.75  
519.2   	-80.71  
519.6   	-80.68  
520     	-80.65  
520.4   	-80.62  
520.8   	-80.6   
521.2   	-80.59  
521.6   	-80.57  
522     	-80.55  
522.4   	-80.54  
522.8   	-80.52  
523.2   	-80.51  
523.6   	-80.49  
524     	-80.47  
524.4   	-80.45  
524.8   	-80.44  
525.2   	-80.43  
525.6   	-80.43  
526     	-80.43  
526.4   	-80.43  
526.8   	-80.44  
527.2   	-80.45  
527.6   	-80.45  
528     	-80.46  
528.4   	-80.46  
528.8   	-80.46  
529.2   	-80.45  
529.6   	-80.37  
530     	-80     
530.4   	-78.97  
530.8   	-75.23  
531.2   	-60.38  
531.6   	5.238   
532     	43.01   
532.4   	30.95   
532.8   	13.83   
533.2   	-4.044  
533.6   	-21.95  
534     	-40.86  
534.4   	-57.05  
534.8   	-67.22  
535.2   	-72.92  
535.6   	-76.1   
536     	-77.92  
536.4   	-79.01  
536.8   	-79.7   
537.2   	-80.15  
537.6   	-80.46  
538     	-80.67  
538.4   	-80.84  
538.8   	-80.96  
539.2   	-81.06  
539.6   	-81.13  
540     	-81.18  
540.4   	-81.21  
540.8   	-81.23  
541.2   	-81.24  
541.6   	-81.25  
542     	-81.25  
542.4   	-81.24  
542.8   	-81.23  
543.2   	-81.22  
543.6   	-81.2   
544     	-81.19  
544.4   	-81.18  
544.8   	-81.17  
545.2   	-81.15  
545.6   	-81.13  
546     	-81.12  
546.4   	-81.1   
546.8   	-81.09  
547.2   	-81.08  
547.6   	-81.07  
548     	-81.06  
548.4   	-81.06  
548.8   	-81.06  
549.2   	-81.06  
549.6   	-81.05  
550     	-81.05  
550.4   	-81.04  
550.8   	-81.04  
551.2   	-81.04  
551.6   	-81.04  
552     	-81.05  
552.4   	-81.06  
552.8   	-81.07  
553.2   	-81.09  
553.6   	-81.11  
554     	-81.13  
554.4   	-81.16  
554.8   	-81.19  
555.2   	-81.22  
555.6   	-81.25  
556     	-81.27  
556.4   	-81.29  
556.8   	-81.31  
557.2   	-81.32  
557.6   	-81.34  
558     	-81.35  
558.4   	-81.37  
558.8   	-81.39  
559.2   	-81.41  
559.6   	-81.43  
560     	-81.45  
560.4   	-81.48  
560.8   	-81.5   
561.2   	-81.51  
561.6   	-81.52  
562     	-81.54  
562.4   	-81.55  
562.8   	-81.56  
563.2   	-81.56  
563.6   	-81.55  
564     	-81.54  
564.4   	-81.52  
564.8   	-81.49  
565.2   	-81.46  
565.6   	-81.43  
566     	-81.4   
566.4   	-81.36  
566.8   	-81.33  
567.2   	-81.3   
567.6   	-81.27  
568     	-81.25  
568.4   	-81.22  
568.8   	-81.2   
569.2   	-81.17  
569.6   	-81.14  
570     	-81.12  
570.4   	-81.09  
570.8   	-81.07  
571.2   	-81.06  
571.6   	-81.05  
572     	-81.05  
572.4   	-81.05  
572.8   	-81.06  
573.2   	-81.06  
573.6   	-81.07  
574     	-81.07  
574.4   	-81.07  
574.8   	-81.07  
575.2   	-81.07  
575.6   	-81.08  
576     	-81.09  
576.4   	-81.1   
576.8   	-81.11  
577.2   	-81.12  
577.6   	-81.13  
578     	-81.13  
578.4   	-81.13  
578.8   	-81.12  
579.2   	-81.12  
579.6   	-81.11  
580     	-81.09  
580.4   	-81.07  
580.8   	-81.04  
581.2   	-81.01  
581.6   	-80.98  
582     	-80.93  
582.4   	-80.78  
582.8   	-80.28  
583.2   	-78.93  
583.6   	-73.91  
584     	-54.5   
584.4   	29.59   
584.8   	41.49   
585.2   	27.83   
585.6   	10.35   
586     	-7.432  
586.4   	-25.55  
586.8   	-44.31  
587.2   	-59.43  
587.6   	-68.56  
588     	-73.65  
588.4   	-76.5   
588.8   	-78.15  
589.2   	-79.15  
589.6   	-79.78  
590     	-80.19  
590.4   	-80.48  
590.8   	-80.68  
591.2   	-80.83  
591.6   	-80.94  
592     	-81.03  
592.4   	-81.1   
592.8   	-81.15  
593.2   	-81.2   
593.6   	-81.23  
594     	-81.25  
594.4   	-81.25  
594.8   	-81.24  
595.2   	-81.2   
595.6   	-81.15  
596     	-81.1   
596.4   	-81.03  
596.8   	-80.96  
597.2   	-80.9   
597.6   	-80.83  
598     	-80.77  
598.4   	-80.71  
598.8   	-80.66  
599.2   	-80.61  
599.6   	-80.57  
600     	-80.54  
600.4   	-80.51  
600.8   	-80.48  
601.2   	-80.46  
601.6   	-80.44  
602     	-80.42  
602.4   	-80.4   
602.8   	-80.38  
603.2   	-80.37  
603.6   	-80.35  
604     	-80.33  
604.4   	-80.32  
604.8   	-80.31  
605.2   	-80.3   
605.6   	-80.3   
606     	-80.3   
606.4   	-80.3   
606.8   	-80.3   
607.2   	-80.3   
607.6   	-80.3   
608     	-80.31  
608.4   	-80.3   
608.8   	-80.3   
609.2   	-80.3   
609.6   	-80.29  
610     	-80.27  
610.4   	-80.24  
610.8   	-80.06  
611.2   	-79.48  
611.6   	-77.67  
612     	-70.47  
612.4   	-42.76  
612.8   	41.52   
613.2   	38.33   
613.6   	22.97   
614     	5.154   
614.4   	-12.54  
614.8   	-31.08  
615.2   	-49.33  
615.6   	-62.66  
616     	-70.38  
616.4   	-74.67  
616.8   	-77.1   
617.2   	-78.52  
617.6   	-79.39  
618     	-79.95  
618.4   	-80.32  
618.8   	-80.58  
619.2   	-80.77  
619.6   	-80.91  
620     	-81.02  
620.4   	-81.11  
620.8   	-81.18  
621.2   	-81.23  
621.6   	-81.26  
622     	-81.28  
622.4   	-81.29  
622.8   	-81.3   
623.2   	-81.3   
623.6   	-81.3   
624     	-81.3   
624.4   	-81.3   
624.8   	-81.29  
625.2   	-81.29  
625.6   	-81.29  
626     	-81.28  
626.4   	-81.28  
626.8   	-81.28  
627.2   	-81.27  
627.6   	-81.26  
628     	-81.24  
628.4   	-81.24  
628.8   	-81.23  
629.2   	-81.22  
629.6   	-81.21  
630     	-81.2   
630.4   	-81.19  
630.8   	-81.18  
631.2   	-81.17  
631.6   	-81.15  
632     	-81.14  
632.4   	-81.12  
632.8   	-81.11  
633.2   	-81.09  
633.6   	-81.08  
634     	-81.07  
634.4   	-81.07  
634.8   	-81.05  
635.2   	-81.03  
635.6   	-81.01  
636     	-80.99  
636.4   	-80.97  
636.8   	-80.96  
637.2   	-80.95  
637.6   	-80.95  
638     	-80.95  
638.4   	-80.95  
638.8   	-80.96  
639.2   	-80.95  
639.6   	-80.95  
640     	-80.95  
640.4   	-80.94  
640.8   	-80.94  
641.2   	-80.93  
641.6   	-80.91  
642     	-80.9   
642.4   	-80.88  
642.8   	-80.87  
643.2   	-80.85  
643.6   	-80.83  
644     	-80.81  
644.4   	-80.78  
644.8   	-80.74  
645.2   	-80.7   
645.6   	-80.67  
646     	-80.64  
646.4   	-80.61  
646.8   	-80.59  
647.2   	-80.57  
647.6   	-80.55  
648     	-80.54  
648.4   	-80.54  
648.8   	-80.54  
649.2   	-80.54  
649.6   	-80.55  
650     	-80.55  
650.4   	-80.56  
650.8   	-80.56  
651.2   	-80.56  
651.6   	-80.57  
652     	-80.58  
652.4   	-80.57  
652.8   	-80.56  
653.2   	-80.55  
653.6   	-80.54  
654     	-80.52  
654.4   	-80.51  
654.8   	-80.5   
655.2   	-80.48  
655.6   	-80.47  
656     	-80.46  
656.4   	-80.45  
656.8   	-80.43  
657.2   	-80.32  
657.6   	-79.91  
658     	-78.72  
658.4   	-74.3   
658.8   	-56.82  
659.2   	22.47   
659.6   	42.11   
660     	28.97   
660.4   	11.6    
660.8   	-6.201  
661.2   	-24.22  
661.6   	-43.04  
662     	-58.57  
662.4   	-68.08  
662.8   	-73.4   
663.2   	-76.38  
663.6   	-78.1   
664     	-79.15  
664.4   	-79.81  
664.8   	-80.26  
665.2   	-80.57  
665.6   	-80.8   
666     	-80.97  
666.4   	-81.1   
666.8   	-81.21  
667.2   	-81.29  
667.6   	-81.34  
668     	-81.38  
668.4   	-81.4   
668.8   	-81.42  
669.2   	-81.42  
669.6   	-81.42  
670     	-81.4   
670.4   	-81.37  
670.8   	-81.35  
671.2   	-81.31  
671.6   	-81.24  
672     	-80.99  
672.4   	-80.3   
672.8   	-78.3   
673.2   	-70.68  
673.6   	-42.27  
674     	41.61   
674.4   	38.17   
674.8   	22.79   
675.2   	4.978   
675.6   	-12.71  
676     	-31.26  
676.4   	-49.47  
676.8   	-62.73  
677.2   	-70.42  
677.6   	-74.69  
678     	-77.11  
678.4   	-78.52  
678.8   	-79.39  
679.2   	-79.96  
679.6   	-80.33  
680     	-80.6   
680.4   	-80.79  
680.8   	-80.93  
681.2   	-81.03  
681.6   	-81.1   
682     	-81.15  
682.4   	-81.19  
682.8   	-81.22  
683.2   	-81.24  
683.6   	-81.25  
684     	-81.24  
684.4   	-81.24  
684.8   	-81.22  
685.2   	-81.21  
685.6   	-81.2   
686     	-81.18  
686.4   	-81.16  
686.8   	-81.15  
687.2   	-81.13  
687.6   	-81.11  
688     	-81.09  
688.4   	-81.07  
688.8   	-81.06  
689.2   	-81.05  
689.6   	-81.04  
690     	-81.04  
690.4   	-81.04  
690.8   	-81.04  
691.2   	-81.05  
691.6   	-81.06  
692     	-81.07  
692.4   	-81.08  
692.8   	-81.09  
693.2   	-81.09  
693.6   	-81.09  
694     	-81.08  
694.4   	-81.08  
694.8   	-81.08  
695.2   	-81.08  
695.6   	-81.09  
696     	-81.09  
696.4   	-81.1   
696.8   	-81.11  
697.2   	-81.12  
697.6   	-81.14  
698     	-81.16  
698.4   	-81.18  
698.8   	-81.2   
699.2   	-81.21  
699.6   	-81.22  
700     	-81.22  
700.4   	-81.21  
700.8   	-81.21  
701.2   	-81.2   
701.6   	-81.2   
702     	-81.19  
702.4   	-81.19  
702.8   	-81.19  
703.2   	-81.19  
703.6   	-81.19  
704     	-81.2   
704.4   	-81.19  
704.8   	-81.17  
705.2   	-81.13  
705.6   	-81.08  
706     	-81.02  
706.4   	-80.96  
706.8   	-80.91  
707.2   	-80.86  
707.6   	-80.82  
708     	-80.78  
708.4   	-80.75  
708.8   	-80.73  
709.2   	-80.71  
709.6   	-80.7   
710     	-80.69  
710.4   	-80.69  
710.8   	-80.7   
711.2   	-80.71  
711.6   	-80.72  
712     	-80.73  
712.4   	-80.74  
712.8   	-80.74  
713.2   	-80.75  
713.6   	-80.75  
714     	-80.76  
714.4   	-80.78  
714.8   	-80.79  
715.2   	-80.81  
715.6   	-80.83  
716     	-80.83  
716.4   	-80.83  
716.8   	-80.83  
717.2   	-80.82  
717.6   	-80.81  
718     	-80.8   
718.4   	-80.8   
718.8   	-80.8   
719.2   	-80.79  
719.6   	-80.79  
720     	-80.79  
720.4   	-80.8   
720.8   	-80.8   
721.2   	-80.81  
721.6   	-80.82  
722     	-80.83  
722.4   	-80.85  
722.8   	-80.87  
723.2   	-80.89  
723.6   	-80.91  
724     	-80.93  
724.4   	-80.96  
724.8   	-80.99  
725.2   	-81.03  
725.6   	-81.06  
726     	-81.08  
726.4   	-81.11  
726.8   	-81.12  
727.2   	-81.12  
727.6   	-81.11  
728     	-81.1   
728.4   	-81.08  
728.8   	-81.06  
729.2   	-81.04  
729.6   	-81.02  
730     	-81     
730.4   	-80.98  
730.8   	-80.97  
731.2   	-80.96  
731.6   	-80.96  
732     	-80.95  
732.4   	-80.95  
732.8   	-80.94  
733.2   	-80.93  
733.6   	-80.91  
734     	-80.9   
734.4   	-80.88  
734.8   	-80.87  
735.2   	-80.85  
735.6   	-80.84  
736     	-80.83  
736.4   	-80.82  
736.8   	-80.8   
737.2   	-80.76  
737.6   	-80.59  
738     	-80.05  
738.4   	-78.51  
738.8   	-72.59  
739.2   	-49.85  
739.6   	36.91   
740     	40.23   
740.4   	25.74   
740.8   	8.081   
741.2   	-9.656  
741.6   	-27.96  
742     	-46.56  
742.4   	-60.92  
742.8   	-69.42  
743.2   	-74.15  
743.6   	-76.81  
744     	-78.37  
744.4   	-79.32  
744.8   	-79.94  
745.2   	-80.35  
745.6   	-80.64  
746     	-80.86  
746.4   	-81.03  
746.8   	-81.16  
747.2   	-81.28  
747.6   	-81.37  
748     	-81.45  
748.4   	-81.53  
748.8   	-81.6   
749.2   	-81.66  
749.6   	-81.72  
750     	-81.78  
750.4   	-81.83  
750.8   	-81.89  
751.2   	-81.94  
751.6   	-81.99  
752     	-82.04  
752.4   	-82.08  
752.8   	-82.12  
753.2   	-82.15  
753.6   	-82.17  
754     	-82.19  
754.4   	-82.2   
754.8   	-82.2   
755.2   	-82.2   
755.6   	-82.2   
756     	-82.19  
756.4   	-82.18  
756.8   	-82.17  
757.2   	-82.16  
757.6   	-82.14  
758     	-82.11  
758.4   	-82.07  
758.8   	-82.04  
759.2   	-82     
759.6   	-81.97  
760     	-81.94  
760.4   	-81.92  
760.8   	-81.9   
761.2   	-81.89  
761.6   	-81.88  
762     	-81.87  
762.4   	-81.86  
762.8   	-81.85  
763.2   	-81.84  
763.6   	-81.81  
764     	-81.78  
764.4   	-81.73  
764.8   	-81.69  
765.2   	-81.64  
765.6   	-81.6   
766     	-81.55  
766.4   	-81.51  
766.8   	-81.47  
767.2   	-81.44  
767.6   	-81.41  
768     	-81.37  
768.4   	-81.35  
768.8   	-81.32  
769.2   	-81.29  
769.6   	-81.26  
770     	-81.22  
770.4   	-81.19  
770.8   	-81.15  
771.2   	-81.11  
771.6   	-81.06  
772     	-81.02  
772.4   	-80.97  
772.8   	-80.92  
773.2   	-80.87  
773.6   	-80.83  
774     	-80.79  
774.4   	-80.75  
774.8   	-80.72  
775.2   	-80.68  
775.6   	-80.65  
776     	-80.62  
776.4   	-80.6   
776.8   	-80.58  
777.2   	-80.55  
777.6   	-80.53  
778     	-80.51  
778.4   	-80.49  
778.8   	-80.48  
779.2   	-80.47  
779.6   	-80.46  
780     	-80.45  
780.4   	-80.45  
780.8   	-80.45  
781.2   	-80.45  
781.6   	-80.46  
782     	-80.46  
782.4   	-80.48  
782.8   	-80.49  
783.2   	-80.49  
783.6   	-80.5   
784     	-80.49  
784.4   	-80.49  
784.8   	-80.49  
785.2   	-80.49  
785.6   	-80.49  
786     	-80.5   
786.4   	-80.5   
786.8   	-80.5   
787.2   	-80.5   
787.6   	-80.51  
788     	-80.51  
788.4   	-80.52  
788.8   	-80.52  
789.2   	-80.53  
789.6   	-80.53  
790     	-80.53  
790.4   	-80.53  
790.8   	-80.53  
791.2   	-80.53  
791.6   	-80.53  
792     	-80.53  
792.4   	-80.54  
792.8   	-80.54  
793.2   	-80.53  
793.6   	-80.46  
794     	-80.11  
794.4   	-79.12  
794.8   	-75.62  
795.2   	-61.78  
795.6   	-2.829  
796     	43.26   
796.4   	31.73   
796.8   	14.74   
797.2   	-3.142  
797.6   	-20.99  
798     	-39.9   
798.4   	-56.35  
798.8   	-66.82  
799.2   	-72.71  
799.6   	-75.99  
800     	-77.88  
800.4   	-79.02  
800.8   	-79.74  
801.2   	-80.21  
801.6   	-80.54  
802     	-80.78  
802.4   	-80.95  
802.8   	-81.09  
803.2   	-81.2   
803.6   	-81.29  
804     	-81.36  
804.4   	-81.42  
804.8   	-81.46  
805.2   	-81.49  
805.6   	-81.51  
806     	-81.53  
806.4   	-81.54  
806.8   	-81.55  
807.2   	-81.55  
807.6   	-81.55  
808     	-81.54  
808.4   	-81.53  
808.8   	-81.51  
809.2   	-81.5   
809.6   	-81.48  
810     	-81.46  
810.4   	-81.44  
810.8   	-81.42  
811.2   	-81.4   
811.6   	-81.38  
812     	-81.36  
812.4   	-81.33  
812.8   	-81.29  
813.2   	-81.16  
813.6   	-80.75  
814     	-79.7   
814.4   	-76.1   
814.8   	-62.23  
815.2   	-4.753  
815.6   	43.3    
816     	31.93   
816.4   	14.98   
816.8   	-2.898  
817.2   	-20.73  
817.6   	-39.62  
818     	-56.13  
818.4   	-66.68  
818.8   	-72.62  
819.2   	-75.94  
819.6   	-77.84  
820     	-78.99  
820.4   	-79.71  
820.8   	-80.19  
821.2   	-80.53  
821.6   	-80.77  
822     	-80.95  
822.4   	-81.09  
822.8   	-81.2   
823.2   	-81.29  
823.6   	-81.36  
824     	-81.42  
824.4   	-81.46  
824.8   	-81.5   
825.2   	-81.53  
825.6   	-81.55  
826     	-81.57  
826.4   	-81.59  
826.8   	-81.61  
827.2   	-81.62  
827.6   	-81.62  
828     	-81.62  
828.4   	-81.61  
828.8   	-81.59  
829.2   	-81.56  
829.6   	-81.51  
830     	-81.45  
830.4   	-81.39  
830.8   	-81.33  
831.2   	-81.27  
831.6   	-81.21  
832     	-81.15  
832.4   	-81.09  
832.8   	-80.95  
833.2   	-80.53  
833.6   	-79.41  
834     	-75.46  
834.4   	-60.14  
834.8   	7.075   
835.2   	42.92   
835.6   	30.77   
836     	13.63   
836.4   	-4.229  
836.8   	-22.14  
837.2   	-41.03  
837.6   	-57.16  
838     	-67.27  
838.4   	-72.94  
838.8   	-76.1   
839.2   	-77.92  
839.6   	-79.01  
840     	-79.7   
840.4   	-80.14  
840.8   	-80.45  
841.2   	-80.67  
841.6   	-80.83  
842     	-80.95  
842.4   	-81.04  
842.8   	-81.1   
843.2   	-81.15  
843.6   	-81.17  
844     	-81.19  
844.4   	-81.2   
844.8   	-81.21  
845.2   	-81.22  
845.6   	-81.22  
846     	-81.23  
846.4   	-81.23  
846.8   	-81.22  
847.2   	-81.22  
847.6   	-81.22  
848     	-81.2   
848.4   	-81.18  
848.8   	-81.16  
849.2   	-81.13  
849.6   	-81.11  
850     	-81.08  
850.4   	-81.06  
850.8   	-81.04  
851.2   	-81.01  
851.6   	-80.98  
852     	-80.95  
852.4   	-80.92  
852.8   	-80.88  
853.2   	-80.84  
853.6   	-80.79  
854     	-80.74  
854.4   	-80.69  
854.8   	-80.63  
855.2   	-80.54  
855.6   	-80.33  
856     	-79.72  
856.4   	-77.88  
856.8   	-70.66  
857.2   	-43.06  
857.6   	41.39   
858     	38.4    
858.4   	23.08   
858.8   	5.27    
859.2   	-12.42  
859.6   	-30.94  
860     	-49.19  
860.4   	-62.56  
860.8   	-70.31  
861.2   	-74.62  
861.6   	-77.05  
862     	-78.48  
862.4   	-79.35  
862.8   	-79.9   
863.2   	-80.28  
863.6   	-80.53  
864     	-80.72  
864.4   	-80.86  
864.8   	-80.96  
865.2   	-81.05  
865.6   	-81.11  
866     	-81.14  
866.4   	-81.16  
866.8   	-81.17  
867.2   	-81.16  
867.6   	-81.16  
868     	-81.15  
868.4   	-81.14  
868.8   	-81.12  
869.2   	-81.11  
869.6   	-81.09  
870     	-81.06  
870.4   	-81.02  
870.8   	-80.97  
871.2   	-80.91  
871.6   	-80.83  
872     	-80.68  
872.4   	-80.24  
872.8   	-79.07  
873.2   	-74.8   
873.6   	-58.11  
874     	17.27   
874.4   	42.44   
874.8   	29.66   
875.2   	12.37   
875.6   	-5.455  
876     	-23.43  
876.4   	-42.29  
876.8   	-58.06  
877.2   	-67.78  
877.6   	-73.23  
878     	-76.27  
878.4   	-78.02  
878.8   	-79.08  
879.2   	-79.75  
879.6   	-80.19  
880     	-80.49  
880.4   	-80.7   
880.8   	-80.86  
881.2   	-80.98  
881.6   	-81.08  
882     	-81.16  
882.4   	-81.22  
882.8   	-81.28  
883.2   	-81.33  
883.6   	-81.38  
884     	-81.42  
884.4   	-81.46  
884.8   	-81.5   
885.2   	-81.53  
885.6   	-81.55  
886     	-81.57  
886.4   	-81.59  
886.8   	-81.6   
887.2   	-81.62  
887.6   	-81.63  
888     	-81.64  
888.4   	-81.64  
888.8   	-81.65  
889.2   	-81.65  
889.6   	-81.64  
890     	-81.64  
890.4   	-81.64  
890.8   	-81.63  
891.2   	-81.62  
891.6   	-81.62  
892     	-81.62  
892.4   	-81.61  
892.8   	-81.61  
893.2   	-81.61  
893.6   	-81.6   
894     	-81.6   
894.4   	-81.59  
894.8   	-81.59  
895.2   	-81.58  
895.6   	-81.57  
896     	-81.57  
896.4   	-81.56  
896.8   	-81.55  
897.2   	-81.54  
897.6   	-81.54  
898     	-81.53  
898.4   	-81.53  
898.8   	-81.53  
899.2   	-81.53  
899.6   	-81.54  
900     	-81.54  
900.4   	-81.54  
900.8   	-81.55  
901.2   	-81.55  
901.6   	-81.56  
902     	-81.56  
902.4   	-81.56  
902.8   	-81.56  
903.2   	-81.55  
903.6   	-81.54  
904     	-81.53  
904.4   	-81.52  
904.8   	-81.51  
905.2   	-81.49  
905.6   	-81.48  
906     	-81.46  
906.4   	-81.45  
906.8   	-81.44  
907.2   	-81.43  
907.6   	-81.43  
908     	-81.42  
908.4   	-81.42  
908.8   	-81.41  
909.2   	-81.39  
909.6   	-81.37  
910     	-81.35  
910.4   	-81.31  
910.8   	-81.15  
911.2   	-80.63  
911.6   	-79.26  
912     	-74.28  
912.4   	-55.24  
912.8   	27.76   
913.2   	41.67   
913.6   	28.17   
914     	10.72   
914.4   	-7.058  
914.8   	-25.14  
915.2   	-43.91  
915.6   	-59.15  
916     	-68.4   
916.4   	-73.57  
916.8   	-76.47  
917.2   	-78.15  
917.6   	-79.16  
918     	-79.8   
918.4   	-80.22  
918.8   	-80.5   
919.2   	-80.7   
919.6   	-80.84  
920     	-80.95  
920.4   	-81.02  
920.8   	-81.08  
921.2   	-81.12  
921.6   	-81.14  
922     	-81.16  
922.4   	-81.17  
922.8   	-81.17  
923.2   	-81.17  
923.6   	-81.17  
924     	-81.17  
924.4   	-81.16  
924.8   	-81.14  
925.2   	-81.13  
925.6   	-81.11  
926     	-81.1   
926.4   	-81.09  
926.8   	-81.08  
927.2   	-81.07  
927.6   	-81.05  
928     	-81.04  
928.4   	-81.03  
928.8   	-81.02  
929.2   	-81.01  
929.6   	-81     
930     	-81     
930.4   	-80.99  
930.8   	-80.99  
931.2   	-80.98  
931.6   	-80.98  
932     	-80.98  
932.4   	-80.98  
932.8   	-80.98  
933.2   	-80.97  
933.6   	-80.96  
934     	-80.96  
934.4   	-80.95  
934.8   	-80.94  
935.2   	-80.93  
935.6   	-80.93  
936     	-80.92  
936.4   	-80.91  
936.8   	-80.9   
937.2   	-80.89  
937.6   	-80.89  
938     	-80.88  
938.4   	-80.86  
938.8   	-80.84  
939.2   	-80.81  
939.6   	-80.78  
940     	-80.75  
940.4   	-80.73  
940.8   	-80.71  
941.2   	-80.69  
941.6   	-80.68  
942     	-80.68  
942.4   	-80.68  
942.8   	-80.68  
943.2   	-80.69  
943.6   	-80.7   
944     	-80.72  
944.4   	-80.75  
944.8   	-80.77  
945.2   	-80.8   
945.6   	-80.83  
946     	-80.86  
946.4   	-80.87  
946.8   	-80.89  
947.2   	-80.9   
947.6   	-80.91  
948     	-80.92  
948.4   	-80.93  
948.8   	-80.94  
949.2   	-80.95  
949.6   	-80.95  
950     	-80.93  
950.4   	-80.92  
950.8   	-80.9   
951.2   	-80.89  
951.6   	-80.88  
952     	-80.86  
952.4   	-80.85  
952.8   	-80.82  
953.2   	-80.8   
953.6   	-80.78  
954     	-80.75  
954.4   	-80.71  
954.8   	-80.67  
955.2   	-80.63  
955.6   	-80.59  
956     	-80.56  
956.4   	-80.52  
956.8   	-80.49  
957.2   	-80.44  
957.6   	-80.4   
958     	-80.35  
958.4   	-80.31  
958.8   	-80.27  
959.2   	-80.24  
959.6   	-80.21  
960     	-80.19  
960.4   	-80.16  
960.8   	-80.14  
961.2   	-80.13  
961.6   	-80.11  
962     	-80.09  
962.4   	-80.08  
962.8   	-80.07  
963.2   	-80.07  
963.6   	-80.07  
964     	-80.07  
964.4   	-80.08  
964.8   	-80.09  
965.2   	-80.11  
965.6   	-80.12  
966     	-80.11  
966.4   	-79.96  
966.8   	-79.4   
967.2   	-77.68  
967.6   	-70.78  
968     	-44.1   
968.4   	40.97   
968.8   	38.66   
969.2   	23.43   
969.6   	5.637   
970     	-12.06  
970.4   	-30.56  
970.8   	-48.88  
971.2   	-62.39  
971.6   	-70.24  
972     	-74.61  
972.4   	-77.08  
972.8   	-78.53  
973.2   	-79.42  
973.6   	-80     
974     	-80.39  
974.4   	-80.67  
974.8   	-80.87  
975.2   	-81.03  
975.6   	-81.15  
976     	-81.25  
976.4   	-81.34  
976.8   	-81.41  
977.2   	-81.48  
977.6   	-81.54  
978     	-81.59  
978.4   	-81.65  
978.8   	-81.7   
979.2   	-81.75  
979.6   	-81.8   
980     	-81.84  
980.4   	-81.89  
980.8   	-81.93  
981.2   	-81.96  
981.6   	-82     
982     	-82.02  
982.4   	-82.05  
982.8   	-82.07  
983.2   	-82.09  
983.6   	-82.1   
984     	-82.11  
984.4   	-82.11  
984.8   	-82.11  
985.2   	-82.1   
985.6   	-82.08  
986     	-82.05  
986.4   	-82.01  
986.8   	-81.97  
987.2   	-81.93  
987.6   	-81.89  
988     	-81.85  
988.4   	-81.8   
988.8   	-81.75  
989.2   	-81.7   
989.6   	-81.65  
990     	-81.6   
990.4   	-81.55  
990.8   	-81.49  
991.2   	-81.43  
991.6   	-81.37  
992     	-81.32  
992.4   	-81.27  
992.8   	-81.22  
993.2   	-81.18  
993.6   	-81.14  
994     	-81.1   
994.4   	-81.05  
994.8   	-80.99  
995.2   	-80.93  
995.6   	-80.87  
996     	-80.81  
996.4   	-80.76  
996.8   	-80.71  
997.2   	-80.66  
997.6   	-80.6   
998     	-80.54  
998.4   	-80.48  
998.8   	-80.42  
999.2   	-80.37  
999.6   	-80.32  
