
SWEPT_VAR_1 = 85.0    // Syn: Source PP \ NetStim \ PARAMETER \ interval (ms)

t	s.v( 0.05 )
ms	mV
0       	-64.65  
0.4     	-65.51  
0.8     	-66.35  
1.2     	-67.15  
1.6     	-67.92  
2       	-68.66  
2.4     	-69.37  
2.8     	-70.05  
3.2     	-70.7   
3.6     	-71.33  
4       	-71.92  
4.4     	-72.48  
4.8     	-73.02  
5.2     	-73.52  
5.6     	-73.99  
6       	-74.44  
6.4     	-74.85  
6.8     	-75.23  
7.2     	-75.59  
7.6     	-75.92  
8       	-76.23  
8.4     	-76.53  
8.8     	-76.82  
9.2     	-77.09  
9.6     	-77.35  
10      	-77.6   
10.4    	-77.84  
10.8    	-78.07  
11.2    	-78.29  
11.6    	-78.51  
12      	-78.72  
12.4    	-78.92  
12.8    	-79.11  
13.2    	-79.3   
13.6    	-79.48  
14      	-79.65  
14.4    	-79.82  
14.8    	-79.99  
15.2    	-80.14  
15.6    	-80.3   
16      	-80.45  
16.4    	-80.59  
16.8    	-80.73  
17.2    	-80.87  
17.6    	-81     
18      	-81.12  
18.4    	-81.25  
18.8    	-81.37  
19.2    	-81.48  
19.6    	-81.58  
20      	-81.66  
20.4    	-81.73  
20.8    	-81.79  
21.2    	-81.85  
21.6    	-81.9   
22      	-81.94  
22.4    	-81.98  
22.8    	-82.02  
23.2    	-82.05  
23.6    	-82.08  
24      	-82.11  
24.4    	-82.14  
24.8    	-82.17  
25.2    	-82.2   
25.6    	-82.23  
26      	-82.25  
26.4    	-82.28  
26.8    	-82.3   
27.2    	-82.33  
27.6    	-82.35  
28      	-82.38  
28.4    	-82.4   
28.8    	-82.43  
29.2    	-82.44  
29.6    	-82.45  
30      	-82.46  
30.4    	-82.47  
30.8    	-82.48  
31.2    	-82.49  
31.6    	-82.49  
32      	-82.51  
32.4    	-82.52  
32.8    	-82.53  
33.2    	-82.54  
33.6    	-82.54  
34      	-82.54  
34.4    	-82.55  
34.8    	-82.54  
35.2    	-82.53  
35.6    	-82.52  
36      	-82.5   
36.4    	-82.48  
36.8    	-82.45  
37.2    	-82.42  
37.6    	-82.38  
38      	-82.34  
38.4    	-82.3   
38.8    	-82.27  
39.2    	-82.24  
39.6    	-82.2   
40      	-82.16  
40.4    	-82.1   
40.8    	-82.04  
41.2    	-81.97  
41.6    	-81.89  
42      	-81.8   
42.4    	-81.72  
42.8    	-81.64  
43.2    	-81.56  
43.6    	-81.49  
44      	-81.42  
44.4    	-81.35  
44.8    	-81.29  
45.2    	-81.24  
45.6    	-81.19  
46      	-81.15  
46.4    	-81.12  
46.8    	-81.1   
47.2    	-81.08  
47.6    	-81.06  
48      	-81.05  
48.4    	-81.04  
48.8    	-81.04  
49.2    	-81.04  
49.6    	-81.04  
50      	-81.04  
50.4    	-81.05  
50.8    	-81.05  
51.2    	-81.06  
51.6    	-81.06  
52      	-81.07  
52.4    	-81.07  
52.8    	-81.07  
53.2    	-81.07  
53.6    	-81.07  
54      	-81.07  
54.4    	-81.06  
54.8    	-81.03  
55.2    	-80.99  
55.6    	-80.95  
56      	-80.92  
56.4    	-80.88  
56.8    	-80.85  
57.2    	-80.82  
57.6    	-80.79  
58      	-80.78  
58.4    	-80.76  
58.8    	-80.74  
59.2    	-80.73  
59.6    	-80.71  
60      	-80.69  
60.4    	-80.68  
60.8    	-80.67  
61.2    	-80.66  
61.6    	-80.65  
62      	-80.65  
62.4    	-80.65  
62.8    	-80.65  
63.2    	-80.65  
63.6    	-80.65  
64      	-80.66  
64.4    	-80.66  
64.8    	-80.67  
65.2    	-80.68  
65.6    	-80.69  
66      	-80.7   
66.4    	-80.7   
66.8    	-80.7   
67.2    	-80.69  
67.6    	-80.69  
68      	-80.69  
68.4    	-80.69  
68.8    	-80.7   
69.2    	-80.71  
69.6    	-80.72  
70      	-80.73  
70.4    	-80.75  
70.8    	-80.76  
71.2    	-80.77  
71.6    	-80.79  
72      	-80.81  
72.4    	-80.83  
72.8    	-80.85  
73.2    	-80.86  
73.6    	-80.88  
74      	-80.9   
74.4    	-80.92  
74.8    	-80.94  
75.2    	-80.97  
75.6    	-81     
76      	-81.03  
76.4    	-81.06  
76.8    	-81.08  
77.2    	-81.11  
77.6    	-81.13  
78      	-81.14  
78.4    	-81.15  
78.8    	-81.15  
79.2    	-81.16  
79.6    	-81.17  
80      	-81.18  
80.4    	-81.19  
80.8    	-81.2   
81.2    	-81.2   
81.6    	-81.2   
82      	-81.2   
82.4    	-81.19  
82.8    	-81.17  
83.2    	-81.15  
83.6    	-81.13  
84      	-81.11  
84.4    	-81.1   
84.8    	-81.08  
85.2    	-81.06  
85.6    	-81.04  
86      	-81.02  
86.4    	-81.01  
86.8    	-81     
87.2    	-81     
87.6    	-81     
88      	-81     
88.4    	-81     
88.8    	-80.99  
89.2    	-80.99  
89.6    	-80.97  
90      	-80.96  
90.4    	-80.93  
90.8    	-80.91  
91.2    	-80.89  
91.6    	-80.86  
92      	-80.83  
92.4    	-80.8   
92.8    	-80.77  
93.2    	-80.74  
93.6    	-80.7   
94      	-80.66  
94.4    	-80.62  
94.8    	-80.58  
95.2    	-80.54  
95.6    	-80.5   
96      	-80.46  
96.4    	-80.41  
96.8    	-80.34  
97.2    	-80.15  
97.6    	-79.6   
98      	-77.97  
98.4    	-71.52  
98.8    	-46.59  
99.2    	39.55   
99.6    	39.3    
100     	24.35   
100.4   	6.606   
100.8   	-11.08  
101.2   	-29.48  
101.6   	-47.9   
102     	-61.76  
102.4   	-69.87  
102.8   	-74.37  
103.2   	-76.91  
103.6   	-78.39  
104     	-79.29  
104.4   	-79.87  
104.8   	-80.25  
105.2   	-80.51  
105.6   	-80.7   
106     	-80.84  
106.4   	-80.94  
106.8   	-81.01  
107.2   	-81.07  
107.6   	-81.11  
108     	-81.15  
108.4   	-81.18  
108.8   	-81.2   
109.2   	-81.22  
109.6   	-81.22  
110     	-81.21  
110.4   	-81.2   
110.8   	-81.19  
111.2   	-81.18  
111.6   	-81.17  
112     	-81.15  
112.4   	-81.14  
112.8   	-81.12  
113.2   	-81.11  
113.6   	-81.09  
114     	-81.08  
114.4   	-81.06  
114.8   	-81.05  
115.2   	-81.01  
115.6   	-80.85  
116     	-80.35  
116.4   	-78.97  
116.8   	-73.86  
117.2   	-54.17  
117.6   	30.35   
118     	41.4    
118.4   	27.67   
118.8   	10.17   
119.2   	-7.602  
119.6   	-25.74  
120     	-44.49  
120.4   	-59.55  
120.8   	-68.63  
121.2   	-73.7   
121.6   	-76.55  
122     	-78.2   
122.4   	-79.2   
122.8   	-79.83  
123.2   	-80.25  
123.6   	-80.54  
124     	-80.74  
124.4   	-80.9   
124.8   	-81.01  
125.2   	-81.1   
125.6   	-81.17  
126     	-81.22  
126.4   	-81.26  
126.8   	-81.29  
127.2   	-81.3   
127.6   	-81.31  
128     	-81.31  
128.4   	-81.3   
128.8   	-81.29  
129.2   	-81.29  
129.6   	-81.28  
130     	-81.27  
130.4   	-81.25  
130.8   	-81.24  
131.2   	-81.23  
131.6   	-81.23  
132     	-81.22  
132.4   	-81.22  
132.8   	-81.22  
133.2   	-81.22  
133.6   	-81.22  
134     	-81.22  
134.4   	-81.21  
134.8   	-81.21  
135.2   	-81.22  
135.6   	-81.21  
136     	-81.21  
136.4   	-81.2   
136.8   	-81.19  
137.2   	-81.17  
137.6   	-81.16  
138     	-81.15  
138.4   	-81.13  
138.8   	-81.12  
139.2   	-81.12  
139.6   	-81.11  
140     	-81.11  
140.4   	-81.11  
140.8   	-81.12  
141.2   	-81.12  
141.6   	-81.13  
142     	-81.14  
142.4   	-81.15  
142.8   	-81.17  
143.2   	-81.19  
143.6   	-81.21  
144     	-81.23  
144.4   	-81.26  
144.8   	-81.29  
145.2   	-81.31  
145.6   	-81.33  
146     	-81.34  
146.4   	-81.34  
146.8   	-81.34  
147.2   	-81.33  
147.6   	-81.33  
148     	-81.33  
148.4   	-81.33  
148.8   	-81.34  
149.2   	-81.35  
149.6   	-81.36  
150     	-81.37  
150.4   	-81.39  
150.8   	-81.41  
151.2   	-81.43  
151.6   	-81.44  
152     	-81.45  
152.4   	-81.46  
152.8   	-81.46  
153.2   	-81.46  
153.6   	-81.47  
154     	-81.47  
154.4   	-81.47  
154.8   	-81.47  
155.2   	-81.46  
155.6   	-81.45  
156     	-81.44  
156.4   	-81.41  
156.8   	-81.39  
157.2   	-81.36  
157.6   	-81.33  
158     	-81.3   
158.4   	-81.25  
158.8   	-81.2   
159.2   	-81.14  
159.6   	-81.08  
160     	-81.01  
160.4   	-80.8   
160.8   	-80.2   
161.2   	-78.54  
161.6   	-72.16  
162     	-47.95  
162.4   	38.57   
162.8   	39.68   
163.2   	24.91   
163.6   	7.205   
164     	-10.5   
164.4   	-28.84  
164.8   	-47.33  
165.2   	-61.39  
165.6   	-69.67  
166     	-74.28  
166.4   	-76.88  
166.8   	-78.39  
167.2   	-79.33  
167.6   	-79.92  
168     	-80.33  
168.4   	-80.62  
168.8   	-80.83  
169.2   	-80.99  
169.6   	-81.12  
170     	-81.22  
170.4   	-81.3   
170.8   	-81.35  
171.2   	-81.4   
171.6   	-81.43  
172     	-81.47  
172.4   	-81.49  
172.8   	-81.52  
173.2   	-81.54  
173.6   	-81.57  
174     	-81.59  
174.4   	-81.62  
174.8   	-81.64  
175.2   	-81.67  
175.6   	-81.69  
176     	-81.71  
176.4   	-81.73  
176.8   	-81.73  
177.2   	-81.74  
177.6   	-81.73  
178     	-81.73  
178.4   	-81.73  
178.8   	-81.73  
179.2   	-81.72  
179.6   	-81.72  
180     	-81.72  
180.4   	-81.72  
180.8   	-81.72  
181.2   	-81.72  
181.6   	-81.72  
182     	-81.71  
182.4   	-81.71  
182.8   	-81.71  
183.2   	-81.71  
183.6   	-81.72  
184     	-81.73  
184.4   	-81.74  
184.8   	-81.75  
185.2   	-81.76  
185.6   	-81.77  
186     	-81.78  
186.4   	-81.78  
186.8   	-81.79  
187.2   	-81.79  
187.6   	-81.79  
188     	-81.79  
188.4   	-81.79  
188.8   	-81.78  
189.2   	-81.78  
189.6   	-81.77  
190     	-81.75  
190.4   	-81.72  
190.8   	-81.7   
191.2   	-81.67  
191.6   	-81.64  
192     	-81.61  
192.4   	-81.58  
192.8   	-81.55  
193.2   	-81.52  
193.6   	-81.49  
194     	-81.47  
194.4   	-81.44  
194.8   	-81.42  
195.2   	-81.4   
195.6   	-81.38  
196     	-81.36  
196.4   	-81.34  
196.8   	-81.32  
197.2   	-81.29  
197.6   	-81.26  
198     	-81.22  
198.4   	-81.19  
198.8   	-81.15  
199.2   	-81.13  
199.6   	-81.1   
200     	-81.09  
200.4   	-81.07  
200.8   	-81.06  
201.2   	-81.05  
201.6   	-81.04  
202     	-81.03  
202.4   	-81.02  
202.8   	-81.01  
203.2   	-80.99  
203.6   	-80.97  
204     	-80.94  
204.4   	-80.9   
204.8   	-80.87  
205.2   	-80.83  
205.6   	-80.78  
206     	-80.74  
206.4   	-80.69  
206.8   	-80.65  
207.2   	-80.59  
207.6   	-80.4   
208     	-79.85  
208.4   	-78.23  
208.8   	-71.92  
209.2   	-47.65  
209.6   	38.79   
210     	39.59   
210.4   	24.78   
210.8   	7.064   
211.2   	-10.63  
211.6   	-28.99  
212     	-47.46  
212.4   	-61.48  
212.8   	-69.71  
213.2   	-74.3   
213.6   	-76.87  
214     	-78.36  
214.4   	-79.26  
214.8   	-79.83  
215.2   	-80.2   
215.6   	-80.45  
216     	-80.62  
216.4   	-80.74  
216.8   	-80.81  
217.2   	-80.86  
217.6   	-80.88  
218     	-80.89  
218.4   	-80.88  
218.8   	-80.88  
219.2   	-80.86  
219.6   	-80.85  
220     	-80.83  
220.4   	-80.81  
220.8   	-80.72  
221.2   	-80.4   
221.6   	-79.56  
222     	-76.75  
222.4   	-65.85  
222.8   	-23.73  
223.2   	43.62   
223.6   	34.34   
224     	17.85   
224.4   	-0.05591
224.8   	-17.8   
225.2   	-36.65  
225.6   	-53.91  
226     	-65.4   
226.4   	-71.91  
226.8   	-75.53  
227.2   	-77.59  
227.6   	-78.81  
228     	-79.57  
228.4   	-80.07  
228.8   	-80.41  
229.2   	-80.65  
229.6   	-80.82  
230     	-80.96  
230.4   	-81.07  
230.8   	-81.15  
231.2   	-81.22  
231.6   	-81.27  
232     	-81.31  
232.4   	-81.34  
232.8   	-81.35  
233.2   	-81.36  
233.6   	-81.37  
234     	-81.37  
234.4   	-81.38  
234.8   	-81.38  
235.2   	-81.38  
235.6   	-81.38  
236     	-81.37  
236.4   	-81.36  
236.8   	-81.35  
237.2   	-81.35  
237.6   	-81.35  
238     	-81.34  
238.4   	-81.33  
238.8   	-81.31  
239.2   	-81.28  
239.6   	-81.24  
240     	-81.15  
240.4   	-80.85  
240.8   	-80.08  
241.2   	-77.72  
241.6   	-68.67  
242     	-34.68  
242.4   	43.12   
242.8   	36.4    
243.2   	20.42   
243.6   	2.548   
244     	-15.12  
244.4   	-33.8   
244.8   	-51.58  
245.2   	-63.99  
245.6   	-71.11  
246     	-75.07  
246.4   	-77.32  
246.8   	-78.64  
247.2   	-79.46  
247.6   	-79.99  
248     	-80.35  
248.4   	-80.59  
248.8   	-80.77  
249.2   	-80.91  
249.6   	-81.01  
250     	-81.09  
250.4   	-81.15  
250.8   	-81.2   
251.2   	-81.23  
251.6   	-81.26  
252     	-81.29  
252.4   	-81.31  
252.8   	-81.33  
253.2   	-81.35  
253.6   	-81.37  
254     	-81.39  
254.4   	-81.4   
254.8   	-81.41  
255.2   	-81.41  
255.6   	-81.39  
256     	-81.37  
256.4   	-81.35  
256.8   	-81.32  
257.2   	-81.29  
257.6   	-81.26  
258     	-81.23  
258.4   	-81.21  
258.8   	-81.18  
259.2   	-81.16  
259.6   	-81.14  
260     	-81.12  
260.4   	-81.1   
260.8   	-81.09  
261.2   	-81.07  
261.6   	-81.04  
262     	-81.01  
262.4   	-80.97  
262.8   	-80.93  
263.2   	-80.88  
263.6   	-80.83  
264     	-80.78  
264.4   	-80.74  
264.8   	-80.7   
265.2   	-80.67  
265.6   	-80.64  
266     	-80.61  
266.4   	-80.59  
266.8   	-80.58  
267.2   	-80.56  
267.6   	-80.55  
268     	-80.54  
268.4   	-80.53  
268.8   	-80.52  
269.2   	-80.48  
269.6   	-80.27  
270     	-79.62  
270.4   	-77.59  
270.8   	-69.56  
271.2   	-38.95  
271.6   	42.56   
272     	37.4    
272.4   	21.71   
272.8   	3.855   
273.2   	-13.84  
273.6   	-32.47  
274     	-50.53  
274.4   	-63.4   
274.8   	-70.8   
275.2   	-74.92  
275.6   	-77.25  
276     	-78.61  
276.4   	-79.45  
276.8   	-79.99  
277.2   	-80.35  
277.6   	-80.61  
278     	-80.79  
278.4   	-80.93  
278.8   	-81.04  
279.2   	-81.12  
279.6   	-81.19  
280     	-81.25  
280.4   	-81.29  
280.8   	-81.33  
281.2   	-81.36  
281.6   	-81.38  
282     	-81.4   
282.4   	-81.41  
282.8   	-81.43  
283.2   	-81.44  
283.6   	-81.45  
284     	-81.44  
284.4   	-81.44  
284.8   	-81.44  
285.2   	-81.43  
285.6   	-81.42  
286     	-81.41  
286.4   	-81.4   
286.8   	-81.39  
287.2   	-81.37  
287.6   	-81.35  
288     	-81.31  
288.4   	-81.28  
288.8   	-81.25  
289.2   	-81.22  
289.6   	-81.2   
290     	-81.18  
290.4   	-81.16  
290.8   	-81.15  
291.2   	-81.14  
291.6   	-81.13  
292     	-81.11  
292.4   	-81.09  
292.8   	-81.07  
293.2   	-81.05  
293.6   	-81.03  
294     	-81.01  
294.4   	-80.99  
294.8   	-80.97  
295.2   	-80.96  
295.6   	-80.95  
296     	-80.94  
296.4   	-80.94  
296.8   	-80.94  
297.2   	-80.94  
297.6   	-80.95  
298     	-80.96  
298.4   	-80.97  
298.8   	-80.99  
299.2   	-81.01  
299.6   	-81.03  
300     	-81.05  
300.4   	-81.08  
300.8   	-81.1   
301.2   	-81.12  
301.6   	-81.13  
302     	-81.12  
302.4   	-81.11  
302.8   	-81.09  
303.2   	-81.06  
303.6   	-81.04  
304     	-81.01  
304.4   	-80.99  
304.8   	-80.97  
305.2   	-80.95  
305.6   	-80.94  
306     	-80.92  
306.4   	-80.91  
306.8   	-80.89  
307.2   	-80.87  
307.6   	-80.86  
308     	-80.84  
308.4   	-80.82  
308.8   	-80.8   
309.2   	-80.77  
309.6   	-80.74  
310     	-80.72  
310.4   	-80.69  
310.8   	-80.68  
311.2   	-80.66  
311.6   	-80.66  
312     	-80.66  
312.4   	-80.66  
312.8   	-80.67  
313.2   	-80.68  
313.6   	-80.7   
314     	-80.72  
314.4   	-80.75  
314.8   	-80.78  
315.2   	-80.81  
315.6   	-80.83  
316     	-80.85  
316.4   	-80.86  
316.8   	-80.88  
317.2   	-80.89  
317.6   	-80.91  
318     	-80.93  
318.4   	-80.95  
318.8   	-80.98  
319.2   	-81     
319.6   	-81.03  
320     	-81.06  
320.4   	-81.08  
320.8   	-81.11  
321.2   	-81.14  
321.6   	-81.17  
322     	-81.2   
322.4   	-81.22  
322.8   	-81.24  
323.2   	-81.26  
323.6   	-81.26  
324     	-81.26  
324.4   	-81.25  
324.8   	-81.23  
325.2   	-81.21  
325.6   	-81.19  
326     	-81.18  
326.4   	-81.16  
326.8   	-81.15  
327.2   	-81.14  
327.6   	-81.14  
328     	-81.13  
328.4   	-81.12  
328.8   	-81.12  
329.2   	-81.11  
329.6   	-81.11  
330     	-81.11  
330.4   	-81.11  
330.8   	-81.1   
331.2   	-81.09  
331.6   	-81.07  
332     	-81.05  
332.4   	-81.02  
332.8   	-80.99  
333.2   	-80.96  
333.6   	-80.94  
334     	-80.91  
334.4   	-80.87  
334.8   	-80.72  
335.2   	-80.24  
335.6   	-78.9   
336     	-73.89  
336.4   	-54.52  
336.8   	29.54   
337.2   	41.5    
337.6   	27.84   
338     	10.36   
338.4   	-7.423  
338.8   	-25.54  
339.2   	-44.3   
339.6   	-59.43  
340     	-68.57  
340.4   	-73.67  
340.8   	-76.53  
341.2   	-78.2   
341.6   	-79.21  
342     	-79.85  
342.4   	-80.29  
342.8   	-80.59  
343.2   	-80.82  
343.6   	-80.99  
344     	-81.13  
344.4   	-81.25  
344.8   	-81.35  
345.2   	-81.43  
345.6   	-81.51  
346     	-81.58  
346.4   	-81.64  
346.8   	-81.67  
347.2   	-81.69  
347.6   	-81.7   
348     	-81.71  
348.4   	-81.71  
348.8   	-81.72  
349.2   	-81.73  
349.6   	-81.72  
350     	-81.72  
350.4   	-81.71  
350.8   	-81.71  
351.2   	-81.71  
351.6   	-81.71  
352     	-81.71  
352.4   	-81.72  
352.8   	-81.72  
353.2   	-81.73  
353.6   	-81.74  
354     	-81.75  
354.4   	-81.75  
354.8   	-81.76  
355.2   	-81.78  
355.6   	-81.79  
356     	-81.8   
356.4   	-81.82  
356.8   	-81.84  
357.2   	-81.86  
357.6   	-81.88  
358     	-81.9   
358.4   	-81.92  
358.8   	-81.94  
359.2   	-81.96  
359.6   	-81.99  
360     	-82.01  
360.4   	-82.04  
360.8   	-82.07  
361.2   	-82.09  
361.6   	-82.11  
362     	-82.13  
362.4   	-82.13  
362.8   	-82.14  
363.2   	-82.14  
363.6   	-82.13  
364     	-82.11  
364.4   	-82.09  
364.8   	-82.06  
365.2   	-82.03  
365.6   	-82     
366     	-81.97  
366.4   	-81.94  
366.8   	-81.91  
367.2   	-81.87  
367.6   	-81.83  
368     	-81.78  
368.4   	-81.73  
368.8   	-81.68  
369.2   	-81.63  
369.6   	-81.58  
370     	-81.53  
370.4   	-81.48  
370.8   	-81.43  
371.2   	-81.38  
371.6   	-81.33  
372     	-81.29  
372.4   	-81.24  
372.8   	-81.2   
373.2   	-81.16  
373.6   	-81.12  
374     	-81.08  
374.4   	-81.05  
374.8   	-81.01  
375.2   	-80.98  
375.6   	-80.95  
376     	-80.92  
376.4   	-80.89  
376.8   	-80.86  
377.2   	-80.82  
377.6   	-80.77  
378     	-80.73  
378.4   	-80.7   
378.8   	-80.66  
379.2   	-80.64  
379.6   	-80.61  
380     	-80.59  
380.4   	-80.56  
380.8   	-80.54  
381.2   	-80.51  
381.6   	-80.49  
382     	-80.48  
382.4   	-80.46  
382.8   	-80.44  
383.2   	-80.43  
383.6   	-80.42  
384     	-80.41  
384.4   	-80.4   
384.8   	-80.39  
385.2   	-80.39  
385.6   	-80.39  
386     	-80.39  
386.4   	-80.4   
386.8   	-80.42  
387.2   	-80.44  
387.6   	-80.46  
388     	-80.49  
388.4   	-80.51  
388.8   	-80.54  
389.2   	-80.57  
389.6   	-80.6   
390     	-80.62  
390.4   	-80.63  
390.8   	-80.63  
391.2   	-80.63  
391.6   	-80.62  
392     	-80.61  
392.4   	-80.59  
392.8   	-80.58  
393.2   	-80.57  
393.6   	-80.55  
394     	-80.54  
394.4   	-80.52  
394.8   	-80.5   
395.2   	-80.48  
395.6   	-80.46  
396     	-80.44  
396.4   	-80.42  
396.8   	-80.4   
397.2   	-80.39  
397.6   	-80.38  
398     	-80.37  
398.4   	-80.37  
398.8   	-80.38  
399.2   	-80.39  
399.6   	-80.4   
400     	-80.42  
400.4   	-80.45  
400.8   	-80.48  
401.2   	-80.51  
401.6   	-80.54  
402     	-80.58  
402.4   	-80.63  
402.8   	-80.67  
403.2   	-80.72  
403.6   	-80.77  
404     	-80.81  
404.4   	-80.85  
404.8   	-80.89  
405.2   	-80.93  
405.6   	-80.97  
406     	-81     
406.4   	-81.04  
406.8   	-81.08  
407.2   	-81.12  
407.6   	-81.17  
408     	-81.21  
408.4   	-81.26  
408.8   	-81.3   
409.2   	-81.35  
409.6   	-81.4   
410     	-81.45  
410.4   	-81.51  
410.8   	-81.56  
411.2   	-81.62  
411.6   	-81.67  
412     	-81.72  
412.4   	-81.76  
412.8   	-81.8   
413.2   	-81.83  
413.6   	-81.86  
414     	-81.89  
414.4   	-81.92  
414.8   	-81.93  
415.2   	-81.94  
415.6   	-81.95  
416     	-81.94  
416.4   	-81.92  
416.8   	-81.89  
417.2   	-81.84  
417.6   	-81.79  
418     	-81.74  
418.4   	-81.69  
418.8   	-81.64  
419.2   	-81.6   
419.6   	-81.56  
420     	-81.53  
420.4   	-81.5   
420.8   	-81.49  
421.2   	-81.47  
421.6   	-81.46  
422     	-81.46  
422.4   	-81.45  
422.8   	-81.43  
423.2   	-81.41  
423.6   	-81.37  
424     	-81.32  
424.4   	-81.28  
424.8   	-81.24  
425.2   	-81.2   
425.6   	-81.16  
426     	-81.12  
426.4   	-81.09  
426.8   	-81.06  
427.2   	-81.04  
427.6   	-81.03  
428     	-81.01  
428.4   	-81.01  
428.8   	-81.01  
429.2   	-81.01  
429.6   	-81.01  
430     	-81.01  
430.4   	-81.01  
430.8   	-81     
431.2   	-80.98  
431.6   	-80.95  
432     	-80.92  
432.4   	-80.88  
432.8   	-80.86  
433.2   	-80.83  
433.6   	-80.81  
434     	-80.79  
434.4   	-80.78  
434.8   	-80.77  
435.2   	-80.76  
435.6   	-80.76  
436     	-80.75  
436.4   	-80.75  
436.8   	-80.74  
437.2   	-80.73  
437.6   	-80.72  
438     	-80.71  
438.4   	-80.71  
438.8   	-80.7   
439.2   	-80.69  
439.6   	-80.68  
440     	-80.68  
440.4   	-80.69  
440.8   	-80.7   
441.2   	-80.71  
441.6   	-80.73  
442     	-80.75  
442.4   	-80.77  
442.8   	-80.8   
443.2   	-80.82  
443.6   	-80.84  
444     	-80.85  
444.4   	-80.86  
444.8   	-80.87  
445.2   	-80.88  
445.6   	-80.88  
446     	-80.89  
446.4   	-80.89  
446.8   	-80.9   
447.2   	-80.91  
447.6   	-80.91  
448     	-80.91  
448.4   	-80.91  
448.8   	-80.9   
449.2   	-80.89  
449.6   	-80.87  
450     	-80.85  
450.4   	-80.82  
450.8   	-80.8   
451.2   	-80.77  
451.6   	-80.75  
452     	-80.73  
452.4   	-80.71  
452.8   	-80.7   
453.2   	-80.68  
453.6   	-80.68  
454     	-80.67  
454.4   	-80.67  
454.8   	-80.67  
455.2   	-80.67  
455.6   	-80.68  
456     	-80.68  
456.4   	-80.68  
456.8   	-80.59  
457.2   	-80.22  
457.6   	-79.2   
458     	-75.58  
458.4   	-61.35  
458.8   	-0.181  
459.2   	43.18   
459.6   	31.47   
460     	14.44   
460.4   	-3.438  
460.8   	-21.3   
461.2   	-40.21  
461.6   	-56.58  
462     	-66.95  
462.4   	-72.77  
462.8   	-76.02  
463.2   	-77.89  
463.6   	-79.02  
464     	-79.72  
464.4   	-80.19  
464.8   	-80.51  
465.2   	-80.74  
465.6   	-80.92  
466     	-81.05  
466.4   	-81.16  
466.8   	-81.25  
467.2   	-81.32  
467.6   	-81.38  
468     	-81.43  
468.4   	-81.47  
468.8   	-81.5   
469.2   	-81.51  
469.6   	-81.52  
470     	-81.52  
470.4   	-81.52  
470.8   	-81.51  
471.2   	-81.5   
471.6   	-81.49  
472     	-81.48  
472.4   	-81.46  
472.8   	-81.43  
473.2   	-81.39  
473.6   	-81.36  
474     	-81.32  
474.4   	-81.29  
474.8   	-81.26  
475.2   	-81.22  
475.6   	-81.18  
476     	-81.15  
476.4   	-81.12  
476.8   	-81.1   
477.2   	-81.08  
477.6   	-81.06  
478     	-81.04  
478.4   	-81.02  
478.8   	-80.99  
479.2   	-80.96  
479.6   	-80.93  
480     	-80.89  
480.4   	-80.85  
480.8   	-80.8   
481.2   	-80.75  
481.6   	-80.7   
482     	-80.65  
482.4   	-80.6   
482.8   	-80.56  
483.2   	-80.52  
483.6   	-80.49  
484     	-80.46  
484.4   	-80.42  
484.8   	-80.39  
485.2   	-80.36  
485.6   	-80.33  
486     	-80.3   
486.4   	-80.26  
486.8   	-80.23  
487.2   	-80.18  
487.6   	-80.13  
488     	-80.08  
488.4   	-80.02  
488.8   	-79.94  
489.2   	-79.7   
489.6   	-79.01  
490     	-76.71  
490.4   	-67.43  
490.8   	-31.19  
491.2   	43.48   
491.6   	35.69   
492     	19.5    
492.4   	1.607   
492.8   	-16.09  
493.2   	-34.84  
493.6   	-52.45  
494     	-64.52  
494.4   	-71.4   
494.8   	-75.22  
495.2   	-77.37  
495.6   	-78.63  
496     	-79.39  
496.4   	-79.86  
496.8   	-80.17  
497.2   	-80.37  
497.6   	-80.5   
498     	-80.58  
498.4   	-80.63  
498.8   	-80.65  
499.2   	-80.66  
499.6   	-80.66  
500     	-80.64  
500.4   	-80.59  
500.8   	-80.4   
501.2   	-79.85  
501.6   	-78.28  
502     	-72.25  
502.4   	-49.19  
502.8   	37.21   
503.2   	39.89   
503.6   	25.34   
504     	7.679   
504.4   	-10.04  
504.8   	-28.36  
505.2   	-46.9   
505.6   	-61.12  
506     	-69.51  
506.4   	-74.17  
506.8   	-76.79  
507.2   	-78.31  
507.6   	-79.24  
508     	-79.82  
508.4   	-80.21  
508.8   	-80.47  
509.2   	-80.66  
509.6   	-80.8   
510     	-80.89  
510.4   	-80.96  
510.8   	-81.01  
511.2   	-81.05  
511.6   	-81.08  
512     	-81.11  
512.4   	-81.12  
512.8   	-81.13  
513.2   	-81.14  
513.6   	-81.14  
514     	-81.14  
514.4   	-81.14  
514.8   	-81.14  
515.2   	-81.13  
515.6   	-81.13  
516     	-81.13  
516.4   	-81.12  
516.8   	-81.12  
517.2   	-81.13  
517.6   	-81.13  
518     	-81.14  
518.4   	-81.14  
518.8   	-81.15  
519.2   	-81.16  
519.6   	-81.18  
520     	-81.19  
520.4   	-81.2   
520.8   	-81.2   
521.2   	-81.2   
521.6   	-81.2   
522     	-81.19  
522.4   	-81.18  
522.8   	-81.17  
523.2   	-81.16  
523.6   	-81.16  
524     	-81.15  
524.4   	-81.15  
524.8   	-81.14  
525.2   	-81.14  
525.6   	-81.13  
526     	-81.11  
526.4   	-81.08  
526.8   	-80.93  
527.2   	-80.44  
527.6   	-79.11  
528     	-74.21  
528.4   	-55.34  
528.8   	27.45   
529.2   	41.7    
529.6   	28.22   
530     	10.78   
530.4   	-7.008  
530.8   	-25.08  
531.2   	-43.86  
531.6   	-59.12  
532     	-68.38  
532.4   	-73.56  
532.8   	-76.46  
533.2   	-78.13  
533.6   	-79.15  
534     	-79.8   
534.4   	-80.22  
534.8   	-80.51  
535.2   	-80.71  
535.6   	-80.85  
536     	-80.96  
536.4   	-81.03  
536.8   	-81.07  
537.2   	-81.1   
537.6   	-81.12  
538     	-81.13  
538.4   	-81.13  
538.8   	-81.12  
539.2   	-81.09  
539.6   	-81.07  
540     	-81.04  
540.4   	-81.01  
540.8   	-80.98  
541.2   	-80.96  
541.6   	-80.94  
542     	-80.92  
542.4   	-80.91  
542.8   	-80.91  
543.2   	-80.9   
543.6   	-80.91  
544     	-80.91  
544.4   	-80.92  
544.8   	-80.93  
545.2   	-80.93  
545.6   	-80.94  
546     	-80.94  
546.4   	-80.95  
546.8   	-80.97  
547.2   	-80.98  
547.6   	-81     
548     	-81.02  
548.4   	-81.04  
548.8   	-81.05  
549.2   	-81.07  
549.6   	-81.09  
550     	-81.11  
550.4   	-81.13  
550.8   	-81.14  
551.2   	-81.15  
551.6   	-81.14  
552     	-81.11  
552.4   	-81.09  
552.8   	-81.05  
553.2   	-81.01  
553.6   	-80.97  
554     	-80.93  
554.4   	-80.89  
554.8   	-80.85  
555.2   	-80.81  
555.6   	-80.78  
556     	-80.73  
556.4   	-80.57  
556.8   	-80.05  
557.2   	-78.55  
557.6   	-72.81  
558     	-50.72  
558.4   	35.96   
558.8   	40.48   
559.2   	26.13   
559.6   	8.492   
560     	-9.254  
560.4   	-27.52  
560.8   	-46.16  
561.2   	-60.66  
561.6   	-69.26  
562     	-74.05  
562.4   	-76.74  
562.8   	-78.31  
563.2   	-79.25  
563.6   	-79.85  
564     	-80.25  
564.4   	-80.53  
564.8   	-80.73  
565.2   	-80.87  
565.6   	-80.99  
566     	-81.07  
566.4   	-81.14  
566.8   	-81.2   
567.2   	-81.25  
567.6   	-81.29  
568     	-81.32  
568.4   	-81.34  
568.8   	-81.36  
569.2   	-81.38  
569.6   	-81.4   
570     	-81.41  
570.4   	-81.43  
570.8   	-81.45  
571.2   	-81.47  
571.6   	-81.49  
572     	-81.5   
572.4   	-81.52  
572.8   	-81.54  
573.2   	-81.55  
573.6   	-81.56  
574     	-81.56  
574.4   	-81.56  
574.8   	-81.56  
575.2   	-81.56  
575.6   	-81.55  
576     	-81.55  
576.4   	-81.54  
576.8   	-81.53  
577.2   	-81.53  
577.6   	-81.52  
578     	-81.51  
578.4   	-81.5   
578.8   	-81.5   
579.2   	-81.49  
579.6   	-81.49  
580     	-81.48  
580.4   	-81.48  
580.8   	-81.48  
581.2   	-81.49  
581.6   	-81.5   
582     	-81.51  
582.4   	-81.52  
582.8   	-81.54  
583.2   	-81.56  
583.6   	-81.59  
584     	-81.61  
584.4   	-81.64  
584.8   	-81.67  
585.2   	-81.71  
585.6   	-81.74  
586     	-81.76  
586.4   	-81.77  
586.8   	-81.78  
587.2   	-81.78  
587.6   	-81.78  
588     	-81.77  
588.4   	-81.77  
588.8   	-81.76  
589.2   	-81.76  
589.6   	-81.75  
590     	-81.75  
590.4   	-81.73  
590.8   	-81.71  
591.2   	-81.67  
591.6   	-81.63  
592     	-81.59  
592.4   	-81.54  
592.8   	-81.48  
593.2   	-81.42  
593.6   	-81.37  
594     	-81.31  
594.4   	-81.26  
594.8   	-81.21  
595.2   	-81.16  
595.6   	-81.12  
596     	-81.09  
596.4   	-81.06  
596.8   	-81.03  
597.2   	-81.01  
597.6   	-80.99  
598     	-80.97  
598.4   	-80.96  
598.8   	-80.95  
599.2   	-80.95  
599.6   	-80.95  
600     	-80.96  
600.4   	-80.97  
600.8   	-80.98  
601.2   	-81     
601.6   	-81.02  
602     	-81.04  
602.4   	-81.06  
602.8   	-81.09  
603.2   	-81.12  
603.6   	-81.15  
604     	-81.19  
604.4   	-81.22  
604.8   	-81.26  
605.2   	-81.3   
605.6   	-81.33  
606     	-81.37  
606.4   	-81.4   
606.8   	-81.43  
607.2   	-81.46  
607.6   	-81.49  
608     	-81.53  
608.4   	-81.56  
608.8   	-81.6   
609.2   	-81.63  
609.6   	-81.67  
610     	-81.71  
610.4   	-81.74  
610.8   	-81.77  
611.2   	-81.8   
611.6   	-81.83  
612     	-81.87  
612.4   	-81.9   
612.8   	-81.92  
613.2   	-81.94  
613.6   	-81.95  
614     	-81.95  
614.4   	-81.95  
614.8   	-81.95  
615.2   	-81.94  
615.6   	-81.93  
616     	-81.92  
616.4   	-81.9   
616.8   	-81.88  
617.2   	-81.86  
617.6   	-81.84  
618     	-81.81  
618.4   	-81.77  
618.8   	-81.74  
619.2   	-81.7   
619.6   	-81.66  
620     	-81.62  
620.4   	-81.59  
620.8   	-81.57  
621.2   	-81.54  
621.6   	-81.53  
622     	-81.52  
622.4   	-81.51  
622.8   	-81.51  
623.2   	-81.5   
623.6   	-81.51  
624     	-81.51  
624.4   	-81.52  
624.8   	-81.53  
625.2   	-81.54  
625.6   	-81.54  
626     	-81.53  
626.4   	-81.51  
626.8   	-81.49  
627.2   	-81.47  
627.6   	-81.45  
628     	-81.43  
628.4   	-81.41  
628.8   	-81.39  
629.2   	-81.38  
629.6   	-81.37  
630     	-81.36  
630.4   	-81.36  
630.8   	-81.36  
631.2   	-81.37  
631.6   	-81.37  
632     	-81.38  
632.4   	-81.39  
632.8   	-81.39  
633.2   	-81.4   
633.6   	-81.41  
634     	-81.42  
634.4   	-81.43  
634.8   	-81.44  
635.2   	-81.46  
635.6   	-81.47  
636     	-81.49  
636.4   	-81.5   
636.8   	-81.52  
637.2   	-81.54  
637.6   	-81.56  
638     	-81.59  
638.4   	-81.61  
638.8   	-81.64  
639.2   	-81.66  
639.6   	-81.67  
640     	-81.68  
640.4   	-81.67  
640.8   	-81.66  
641.2   	-81.63  
641.6   	-81.5   
642     	-81.08  
642.4   	-80.04  
642.8   	-76.6   
643.2   	-63.51  
643.6   	-11.38  
644     	43.45   
644.4   	32.65   
644.8   	15.82   
645.2   	-2.055  
645.6   	-19.83  
646     	-38.69  
646.4   	-55.42  
646.8   	-66.26  
647.2   	-72.38  
647.6   	-75.8   
648     	-77.76  
648.4   	-78.94  
648.8   	-79.67  
649.2   	-80.16  
649.6   	-80.49  
650     	-80.73  
650.4   	-80.91  
650.8   	-81.04  
651.2   	-81.15  
651.6   	-81.22  
652     	-81.28  
652.4   	-81.33  
652.8   	-81.37  
653.2   	-81.4   
653.6   	-81.42  
654     	-81.43  
654.4   	-81.43  
654.8   	-81.43  
655.2   	-81.42  
655.6   	-81.4   
656     	-81.38  
656.4   	-81.37  
656.8   	-81.35  
657.2   	-81.33  
657.6   	-81.32  
658     	-81.3   
658.4   	-81.28  
658.8   	-81.25  
659.2   	-81.23  
659.6   	-81.2   
660     	-81.18  
660.4   	-81.17  
660.8   	-81.15  
661.2   	-81.14  
661.6   	-81.12  
662     	-81.1   
662.4   	-81.08  
662.8   	-81.06  
663.2   	-81.02  
663.6   	-80.99  
664     	-80.96  
664.4   	-80.93  
664.8   	-80.91  
665.2   	-80.89  
665.6   	-80.87  
666     	-80.87  
666.4   	-80.86  
666.8   	-80.86  
667.2   	-80.85  
667.6   	-80.84  
668     	-80.83  
668.4   	-80.82  
668.8   	-80.81  
669.2   	-80.8   
669.6   	-80.79  
670     	-80.79  
670.4   	-80.78  
670.8   	-80.77  
671.2   	-80.76  
671.6   	-80.74  
672     	-80.72  
672.4   	-80.7   
672.8   	-80.68  
673.2   	-80.66  
673.6   	-80.64  
674     	-80.62  
674.4   	-80.61  
674.8   	-80.61  
675.2   	-80.61  
675.6   	-80.61  
676     	-80.62  
676.4   	-80.64  
676.8   	-80.66  
677.2   	-80.68  
677.6   	-80.71  
678     	-80.74  
678.4   	-80.78  
678.8   	-80.82  
679.2   	-80.86  
679.6   	-80.91  
680     	-80.95  
680.4   	-80.99  
680.8   	-81.03  
681.2   	-81.06  
681.6   	-81.09  
682     	-81.12  
682.4   	-81.15  
682.8   	-81.16  
683.2   	-81.17  
683.6   	-81.18  
684     	-81.18  
684.4   	-81.2   
684.8   	-81.21  
685.2   	-81.22  
685.6   	-81.24  
686     	-81.26  
686.4   	-81.29  
686.8   	-81.32  
687.2   	-81.35  
687.6   	-81.38  
688     	-81.41  
688.4   	-81.44  
688.8   	-81.48  
689.2   	-81.51  
689.6   	-81.55  
690     	-81.58  
690.4   	-81.61  
690.8   	-81.63  
691.2   	-81.65  
691.6   	-81.67  
692     	-81.69  
692.4   	-81.71  
692.8   	-81.73  
693.2   	-81.75  
693.6   	-81.77  
694     	-81.79  
694.4   	-81.82  
694.8   	-81.84  
695.2   	-81.87  
695.6   	-81.9   
696     	-81.93  
696.4   	-81.96  
696.8   	-82     
697.2   	-82.03  
697.6   	-82.05  
698     	-82.07  
698.4   	-82.08  
698.8   	-82.1   
699.2   	-82.11  
699.6   	-82.12  
700     	-82.14  
700.4   	-82.16  
700.8   	-82.17  
701.2   	-82.19  
701.6   	-82.21  
702     	-82.21  
702.4   	-82.22  
702.8   	-82.22  
703.2   	-82.21  
703.6   	-82.21  
704     	-82.21  
704.4   	-82.19  
704.8   	-82.17  
705.2   	-82.14  
705.6   	-82.11  
706     	-82.07  
706.4   	-82.04  
706.8   	-82.01  
707.2   	-81.97  
707.6   	-81.94  
708     	-81.92  
708.4   	-81.9   
708.8   	-81.88  
709.2   	-81.86  
709.6   	-81.86  
710     	-81.85  
710.4   	-81.85  
710.8   	-81.85  
711.2   	-81.86  
711.6   	-81.87  
712     	-81.88  
712.4   	-81.89  
712.8   	-81.9   
713.2   	-81.9   
713.6   	-81.89  
714     	-81.87  
714.4   	-81.83  
714.8   	-81.78  
715.2   	-81.74  
715.6   	-81.69  
716     	-81.64  
716.4   	-81.59  
716.8   	-81.54  
717.2   	-81.48  
717.6   	-81.32  
718     	-80.84  
718.4   	-79.63  
718.8   	-75.39  
719.2   	-59.14  
719.6   	12.72   
720     	42.68   
720.4   	30.2    
720.8   	12.98   
721.2   	-4.86   
721.6   	-22.8   
722     	-41.68  
722.4   	-57.62  
722.8   	-67.54  
723.2   	-73.09  
723.6   	-76.2   
724     	-77.99  
724.4   	-79.07  
724.8   	-79.75  
725.2   	-80.2   
725.6   	-80.51  
726     	-80.73  
726.4   	-80.89  
726.8   	-81.01  
727.2   	-81.11  
727.6   	-81.18  
728     	-81.24  
728.4   	-81.28  
728.8   	-81.31  
729.2   	-81.33  
729.6   	-81.34  
730     	-81.35  
730.4   	-81.34  
730.8   	-81.32  
731.2   	-81.3   
731.6   	-81.28  
732     	-81.26  
732.4   	-81.23  
732.8   	-81.2   
733.2   	-81.16  
733.6   	-81.13  
734     	-81.11  
734.4   	-81.08  
734.8   	-81.04  
735.2   	-81.01  
735.6   	-80.97  
736     	-80.93  
736.4   	-80.89  
736.8   	-80.86  
737.2   	-80.83  
737.6   	-80.81  
738     	-80.8   
738.4   	-80.79  
738.8   	-80.78  
739.2   	-80.78  
739.6   	-80.79  
740     	-80.8   
740.4   	-80.81  
740.8   	-80.83  
741.2   	-80.85  
741.6   	-80.88  
742     	-80.91  
742.4   	-80.94  
742.8   	-80.98  
743.2   	-81.01  
743.6   	-81.04  
744     	-81.07  
744.4   	-81.1   
744.8   	-81.14  
745.2   	-81.17  
745.6   	-81.19  
746     	-81.22  
746.4   	-81.25  
746.8   	-81.27  
747.2   	-81.3   
747.6   	-81.32  
748     	-81.35  
748.4   	-81.38  
748.8   	-81.41  
749.2   	-81.44  
749.6   	-81.47  
750     	-81.51  
750.4   	-81.54  
750.8   	-81.58  
751.2   	-81.62  
751.6   	-81.66  
752     	-81.71  
752.4   	-81.75  
752.8   	-81.8   
753.2   	-81.84  
753.6   	-81.88  
754     	-81.92  
754.4   	-81.96  
754.8   	-82     
755.2   	-82.04  
755.6   	-82.08  
756     	-82.11  
756.4   	-82.14  
756.8   	-82.17  
757.2   	-82.2   
757.6   	-82.23  
758     	-82.27  
758.4   	-82.3   
758.8   	-82.32  
759.2   	-82.34  
759.6   	-82.36  
760     	-82.37  
760.4   	-82.38  
760.8   	-82.38  
761.2   	-82.39  
761.6   	-82.4   
762     	-82.41  
762.4   	-82.42  
762.8   	-82.43  
763.2   	-82.45  
763.6   	-82.46  
764     	-82.47  
764.4   	-82.48  
764.8   	-82.47  
765.2   	-82.46  
765.6   	-82.45  
766     	-82.42  
766.4   	-82.39  
766.8   	-82.35  
767.2   	-82.32  
767.6   	-82.29  
768     	-82.26  
768.4   	-82.23  
768.8   	-82.22  
769.2   	-82.2   
769.6   	-82.19  
770     	-82.19  
770.4   	-82.18  
770.8   	-82.18  
771.2   	-82.18  
771.6   	-82.18  
772     	-82.17  
772.4   	-82.16  
772.8   	-82.14  
773.2   	-82.12  
773.6   	-82.1   
774     	-82.07  
774.4   	-82.04  
774.8   	-81.99  
775.2   	-81.94  
775.6   	-81.89  
776     	-81.83  
776.4   	-81.76  
776.8   	-81.69  
777.2   	-81.61  
777.6   	-81.54  
778     	-81.47  
778.4   	-81.4   
778.8   	-81.34  
779.2   	-81.29  
779.6   	-81.24  
780     	-81.2   
780.4   	-81.16  
780.8   	-81.13  
781.2   	-81.11  
781.6   	-81.09  
782     	-81.08  
782.4   	-81.07  
782.8   	-81.07  
783.2   	-81.06  
783.6   	-81.05  
784     	-81.03  
784.4   	-81.01  
784.8   	-81     
785.2   	-80.98  
785.6   	-80.97  
786     	-80.97  
786.4   	-80.96  
786.8   	-80.96  
787.2   	-80.96  
787.6   	-80.96  
788     	-80.96  
788.4   	-80.94  
788.8   	-80.91  
789.2   	-80.88  
789.6   	-80.85  
790     	-80.82  
790.4   	-80.78  
790.8   	-80.74  
791.2   	-80.7   
791.6   	-80.67  
792     	-80.64  
792.4   	-80.62  
792.8   	-80.59  
793.2   	-80.57  
793.6   	-80.55  
794     	-80.52  
794.4   	-80.5   
794.8   	-80.49  
795.2   	-80.48  
795.6   	-80.46  
796     	-80.45  
796.4   	-80.44  
796.8   	-80.43  
797.2   	-80.43  
797.6   	-80.43  
798     	-80.43  
798.4   	-80.44  
798.8   	-80.45  
799.2   	-80.47  
799.6   	-80.49  
800     	-80.51  
800.4   	-80.54  
800.8   	-80.58  
801.2   	-80.61  
801.6   	-80.65  
802     	-80.7   
802.4   	-80.74  
802.8   	-80.79  
803.2   	-80.84  
803.6   	-80.89  
804     	-80.94  
804.4   	-80.99  
804.8   	-81.04  
805.2   	-81.08  
805.6   	-81.13  
806     	-81.17  
806.4   	-81.22  
806.8   	-81.26  
807.2   	-81.3   
807.6   	-81.33  
808     	-81.35  
808.4   	-81.36  
808.8   	-81.36  
809.2   	-81.36  
809.6   	-81.35  
810     	-81.35  
810.4   	-81.34  
810.8   	-81.33  
811.2   	-81.33  
811.6   	-81.33  
812     	-81.33  
812.4   	-81.33  
812.8   	-81.34  
813.2   	-81.35  
813.6   	-81.35  
814     	-81.36  
814.4   	-81.36  
814.8   	-81.37  
815.2   	-81.38  
815.6   	-81.4   
816     	-81.41  
816.4   	-81.43  
816.8   	-81.46  
817.2   	-81.48  
817.6   	-81.51  
818     	-81.53  
818.4   	-81.55  
818.8   	-81.57  
819.2   	-81.59  
819.6   	-81.6   
820     	-81.6   
820.4   	-81.59  
820.8   	-81.58  
821.2   	-81.56  
821.6   	-81.55  
822     	-81.53  
822.4   	-81.5   
822.8   	-81.48  
823.2   	-81.46  
823.6   	-81.43  
824     	-81.42  
824.4   	-81.41  
824.8   	-81.39  
825.2   	-81.37  
825.6   	-81.34  
826     	-81.31  
826.4   	-81.27  
826.8   	-81.23  
827.2   	-81.19  
827.6   	-81.15  
828     	-81.12  
828.4   	-81.1   
828.8   	-81.07  
829.2   	-81.05  
829.6   	-81.03  
830     	-81     
830.4   	-80.97  
830.8   	-80.92  
831.2   	-80.88  
831.6   	-80.83  
832     	-80.78  
832.4   	-80.74  
832.8   	-80.71  
833.2   	-80.68  
833.6   	-80.65  
834     	-80.63  
834.4   	-80.62  
834.8   	-80.61  
835.2   	-80.61  
835.6   	-80.61  
836     	-80.61  
836.4   	-80.6   
836.8   	-80.6   
837.2   	-80.59  
837.6   	-80.58  
838     	-80.57  
838.4   	-80.56  
838.8   	-80.54  
839.2   	-80.53  
839.6   	-80.52  
840     	-80.51  
840.4   	-80.5   
840.8   	-80.5   
841.2   	-80.5   
841.6   	-80.51  
842     	-80.52  
842.4   	-80.53  
842.8   	-80.54  
843.2   	-80.56  
843.6   	-80.58  
844     	-80.6   
844.4   	-80.61  
844.8   	-80.62  
845.2   	-80.63  
845.6   	-80.64  
846     	-80.64  
846.4   	-80.65  
846.8   	-80.66  
847.2   	-80.67  
847.6   	-80.68  
848     	-80.69  
848.4   	-80.71  
848.8   	-80.72  
849.2   	-80.74  
849.6   	-80.77  
850     	-80.79  
850.4   	-80.82  
850.8   	-80.85  
851.2   	-80.88  
851.6   	-80.9   
852     	-80.93  
852.4   	-80.95  
852.8   	-80.98  
853.2   	-81     
853.6   	-81.02  
854     	-81.04  
854.4   	-81.06  
854.8   	-81.07  
855.2   	-81.07  
855.6   	-81.07  
856     	-81.06  
856.4   	-81.06  
856.8   	-81.05  
857.2   	-81.05  
857.6   	-81.05  
858     	-81.04  
858.4   	-81.02  
858.8   	-80.98  
859.2   	-80.83  
859.6   	-80.33  
860     	-78.97  
860.4   	-73.9   
860.8   	-54.36  
861.2   	29.93   
861.6   	41.45   
862     	27.76   
862.4   	10.28   
862.8   	-7.5    
863.2   	-25.62  
863.6   	-44.37  
864     	-59.46  
864.4   	-68.57  
864.8   	-73.66  
865.2   	-76.51  
865.6   	-78.16  
866     	-79.16  
866.4   	-79.79  
866.8   	-80.21  
867.2   	-80.51  
867.6   	-80.72  
868     	-80.87  
868.4   	-80.99  
868.8   	-81.07  
869.2   	-81.14  
869.6   	-81.19  
870     	-81.23  
870.4   	-81.27  
870.8   	-81.3   
871.2   	-81.33  
871.6   	-81.35  
872     	-81.35  
872.4   	-81.35  
872.8   	-81.33  
873.2   	-81.31  
873.6   	-81.29  
874     	-81.27  
874.4   	-81.25  
874.8   	-81.23  
875.2   	-81.21  
875.6   	-81.19  
876     	-81.17  
876.4   	-81.15  
876.8   	-81.14  
877.2   	-81.12  
877.6   	-81.11  
878     	-81.08  
878.4   	-80.97  
878.8   	-80.58  
879.2   	-79.53  
879.6   	-75.91  
880     	-61.84  
880.4   	-2.721  
880.8   	43.24   
881.2   	31.72   
881.6   	14.73   
882     	-3.142  
882.4   	-20.99  
882.8   	-39.89  
883.2   	-56.33  
883.6   	-66.8   
884     	-72.69  
884.4   	-75.98  
884.8   	-77.87  
885.2   	-79     
885.6   	-79.71  
886     	-80.17  
886.4   	-80.5   
886.8   	-80.72  
887.2   	-80.9   
887.6   	-81.02  
888     	-81.12  
888.4   	-81.19  
888.8   	-81.24  
889.2   	-81.27  
889.6   	-81.28  
890     	-81.29  
890.4   	-81.3   
890.8   	-81.29  
891.2   	-81.28  
891.6   	-81.26  
892     	-81.24  
892.4   	-81.22  
892.8   	-81.19  
893.2   	-81.12  
893.6   	-80.84  
894     	-80.09  
894.4   	-77.83  
894.8   	-69.16  
895.2   	-36.69  
895.6   	42.87   
896     	36.84   
896.4   	21      
896.8   	3.133   
897.2   	-14.55  
897.6   	-33.22  
898     	-51.13  
898.4   	-63.75  
898.8   	-70.99  
899.2   	-75.03  
899.6   	-77.31  
900     	-78.66  
900.4   	-79.5   
900.8   	-80.05  
901.2   	-80.42  
901.6   	-80.69  
902     	-80.89  
902.4   	-81.05  
902.8   	-81.17  
903.2   	-81.27  
903.6   	-81.35  
904     	-81.41  
904.4   	-81.47  
904.8   	-81.52  
905.2   	-81.56  
905.6   	-81.58  
906     	-81.6   
906.4   	-81.62  
906.8   	-81.63  
907.2   	-81.65  
907.6   	-81.66  
908     	-81.66  
908.4   	-81.67  
908.8   	-81.67  
909.2   	-81.66  
909.6   	-81.64  
910     	-81.61  
910.4   	-81.56  
910.8   	-81.35  
911.2   	-80.76  
911.6   	-79.19  
912     	-73.39  
912.4   	-51.61  
912.8   	34.84   
913.2   	40.7    
913.6   	26.51   
914     	8.913   
914.4   	-8.84   
914.8   	-27.07  
915.2   	-45.74  
915.6   	-60.38  
916     	-69.1   
916.4   	-73.97  
916.8   	-76.69  
917.2   	-78.27  
917.6   	-79.22  
918     	-79.82  
918.4   	-80.21  
918.8   	-80.48  
919.2   	-80.67  
919.6   	-80.81  
920     	-80.91  
920.4   	-80.98  
920.8   	-81.03  
921.2   	-81.07  
921.6   	-81.09  
922     	-81.11  
922.4   	-81.13  
922.8   	-81.14  
923.2   	-81.16  
923.6   	-81.17  
924     	-81.18  
924.4   	-81.19  
924.8   	-81.2   
925.2   	-81.21  
925.6   	-81.22  
926     	-81.23  
926.4   	-81.25  
926.8   	-81.26  
927.2   	-81.28  
927.6   	-81.3   
928     	-81.33  
928.4   	-81.35  
928.8   	-81.38  
929.2   	-81.41  
929.6   	-81.45  
930     	-81.48  
930.4   	-81.52  
930.8   	-81.56  
931.2   	-81.6   
931.6   	-81.63  
932     	-81.66  
932.4   	-81.68  
932.8   	-81.71  
933.2   	-81.74  
933.6   	-81.77  
934     	-81.79  
934.4   	-81.81  
934.8   	-81.83  
935.2   	-81.85  
935.6   	-81.87  
936     	-81.89  
936.4   	-81.91  
936.8   	-81.94  
937.2   	-81.97  
937.6   	-82     
938     	-82.02  
938.4   	-82.03  
938.8   	-82.05  
939.2   	-82.07  
939.6   	-82.08  
940     	-82.1   
940.4   	-82.1   
940.8   	-82.1   
941.2   	-82.09  
941.6   	-82.08  
942     	-82.07  
942.4   	-82.06  
942.8   	-82.05  
943.2   	-82.05  
943.6   	-82.05  
944     	-82.05  
944.4   	-82.05  
944.8   	-82.06  
945.2   	-82.07  
945.6   	-82.08  
946     	-82.1   
946.4   	-82.11  
946.8   	-82.12  
947.2   	-82.13  
947.6   	-82.14  
948     	-82.15  
948.4   	-82.15  
948.8   	-82.15  
949.2   	-82.15  
949.6   	-82.14  
950     	-82.13  
950.4   	-82.13  
950.8   	-82.13  
951.2   	-82.13  
951.6   	-82.14  
952     	-82.14  
952.4   	-82.15  
952.8   	-82.17  
953.2   	-82.18  
953.6   	-82.2   
954     	-82.22  
954.4   	-82.23  
954.8   	-82.25  
955.2   	-82.27  
955.6   	-82.29  
956     	-82.31  
956.4   	-82.33  
956.8   	-82.35  
957.2   	-82.38  
957.6   	-82.4   
958     	-82.43  
958.4   	-82.46  
958.8   	-82.48  
959.2   	-82.48  
959.6   	-82.48  
960     	-82.47  
960.4   	-82.46  
960.8   	-82.44  
961.2   	-82.43  
961.6   	-82.42  
962     	-82.42  
962.4   	-82.41  
962.8   	-82.4   
963.2   	-82.39  
963.6   	-82.39  
964     	-82.38  
964.4   	-82.38  
964.8   	-82.38  
965.2   	-82.39  
965.6   	-82.39  
966     	-82.4   
966.4   	-82.41  
966.8   	-82.41  
967.2   	-82.42  
967.6   	-82.42  
968     	-82.42  
968.4   	-82.42  
968.8   	-82.41  
969.2   	-82.41  
969.6   	-82.41  
970     	-82.42  
970.4   	-82.42  
970.8   	-82.42  
971.2   	-82.42  
971.6   	-82.41  
972     	-82.41  
972.4   	-82.4   
972.8   	-82.39  
973.2   	-82.39  
973.6   	-82.39  
974     	-82.38  
974.4   	-82.38  
974.8   	-82.38  
975.2   	-82.38  
975.6   	-82.38  
976     	-82.37  
976.4   	-82.37  
976.8   	-82.37  
977.2   	-82.36  
977.6   	-82.36  
978     	-82.35  
978.4   	-82.33  
978.8   	-82.23  
979.2   	-81.86  
979.6   	-80.98  
980     	-78.42  
980.4   	-69.04  
980.8   	-34.84  
981.2   	43.07   
981.6   	36.44   
982     	20.49   
982.4   	2.632   
982.8   	-15.03  
983.2   	-33.7   
983.6   	-51.49  
984     	-63.93  
984.4   	-71.07  
984.8   	-75.06  
985.2   	-77.32  
985.6   	-78.65  
986     	-79.48  
986.4   	-80.01  
986.8   	-80.37  
987.2   	-80.62  
987.6   	-80.8   
988     	-80.93  
988.4   	-81.04  
988.8   	-81.12  
989.2   	-81.18  
989.6   	-81.24  
990     	-81.28  
990.4   	-81.32  
990.8   	-81.35  
991.2   	-81.38  
991.6   	-81.41  
992     	-81.43  
992.4   	-81.45  
992.8   	-81.46  
993.2   	-81.46  
993.6   	-81.46  
994     	-81.45  
994.4   	-81.43  
994.8   	-81.41  
995.2   	-81.38  
995.6   	-81.35  
996     	-81.32  
996.4   	-81.28  
996.8   	-81.25  
997.2   	-81.22  
997.6   	-81.2   
998     	-81.17  
998.4   	-81.15  
998.8   	-81.14  
999.2   	-81.12  
999.6   	-81.1   
