
SWEPT_VAR_1 = 65.0    // Syn: Source PP \ NetStim \ PARAMETER \ interval (ms)

t	s.v( 0.05 )
ms	mV
0       	-64.65  
0.4     	-65.51  
0.8     	-66.35  
1.2     	-67.15  
1.6     	-67.92  
2       	-68.66  
2.4     	-69.37  
2.8     	-70.05  
3.2     	-70.7   
3.6     	-71.33  
4       	-71.92  
4.4     	-72.48  
4.8     	-73.02  
5.2     	-73.52  
5.6     	-74     
6       	-74.44  
6.4     	-74.87  
6.8     	-75.26  
7.2     	-75.64  
7.6     	-76     
8       	-76.33  
8.4     	-76.64  
8.8     	-76.91  
9.2     	-77.15  
9.6     	-77.37  
10      	-77.58  
10.4    	-77.78  
10.8    	-77.96  
11.2    	-78.14  
11.6    	-78.31  
12      	-78.46  
12.4    	-78.61  
12.8    	-78.76  
13.2    	-78.9   
13.6    	-79.03  
14      	-79.16  
14.4    	-79.29  
14.8    	-79.41  
15.2    	-79.53  
15.6    	-79.65  
16      	-79.77  
16.4    	-79.89  
16.8    	-80     
17.2    	-80.11  
17.6    	-80.21  
18      	-80.31  
18.4    	-80.39  
18.8    	-80.47  
19.2    	-80.53  
19.6    	-80.58  
20      	-80.62  
20.4    	-80.66  
20.8    	-80.7   
21.2    	-80.73  
21.6    	-80.76  
22      	-80.79  
22.4    	-80.82  
22.8    	-80.84  
23.2    	-80.86  
23.6    	-80.87  
24      	-80.88  
24.4    	-80.89  
24.8    	-80.89  
25.2    	-80.89  
25.6    	-80.88  
26      	-80.86  
26.4    	-80.84  
26.8    	-80.82  
27.2    	-80.8   
27.6    	-80.77  
28      	-80.75  
28.4    	-80.72  
28.8    	-80.7   
29.2    	-80.69  
29.6    	-80.68  
30      	-80.67  
30.4    	-80.66  
30.8    	-80.64  
31.2    	-80.64  
31.6    	-80.63  
32      	-80.63  
32.4    	-80.63  
32.8    	-80.62  
33.2    	-80.61  
33.6    	-80.6   
34      	-80.58  
34.4    	-80.57  
34.8    	-80.55  
35.2    	-80.53  
35.6    	-80.51  
36      	-80.49  
36.4    	-80.46  
36.8    	-80.42  
37.2    	-80.39  
37.6    	-80.36  
38      	-80.33  
38.4    	-80.3   
38.8    	-80.28  
39.2    	-80.26  
39.6    	-80.24  
40      	-80.22  
40.4    	-80.19  
40.8    	-80.16  
41.2    	-80.12  
41.6    	-80.07  
42      	-80.02  
42.4    	-79.97  
42.8    	-79.92  
43.2    	-79.88  
43.6    	-79.85  
44      	-79.81  
44.4    	-79.78  
44.8    	-79.74  
45.2    	-79.71  
45.6    	-79.69  
46      	-79.67  
46.4    	-79.66  
46.8    	-79.66  
47.2    	-79.66  
47.6    	-79.67  
48      	-79.68  
48.4    	-79.7   
48.8    	-79.73  
49.2    	-79.75  
49.6    	-79.77  
50      	-79.78  
50.4    	-79.79  
50.8    	-79.8   
51.2    	-79.82  
51.6    	-79.83  
52      	-79.85  
52.4    	-79.87  
52.8    	-79.89  
53.2    	-79.91  
53.6    	-79.93  
54      	-79.94  
54.4    	-79.95  
54.8    	-79.95  
55.2    	-79.94  
55.6    	-79.93  
56      	-79.91  
56.4    	-79.88  
56.8    	-79.86  
57.2    	-79.82  
57.6    	-79.69  
58      	-79.23  
58.4    	-77.8   
58.8    	-72.07  
59.2    	-49.38  
59.6    	37.37   
60      	40.11   
60.4    	25.53   
60.8    	7.853   
61.2    	-9.878  
61.6    	-28.19  
62      	-46.77  
62.4    	-61.06  
62.8    	-69.49  
63.2    	-74.17  
63.6    	-76.8   
64      	-78.32  
64.4    	-79.25  
64.8    	-79.84  
65.2    	-80.23  
65.6    	-80.49  
66      	-80.68  
66.4    	-80.81  
66.8    	-80.89  
67.2    	-80.95  
67.6    	-80.98  
68      	-80.99  
68.4    	-81     
68.8    	-81     
69.2    	-81     
69.6    	-80.99  
70      	-80.99  
70.4    	-80.98  
70.8    	-80.97  
71.2    	-80.95  
71.6    	-80.94  
72      	-80.93  
72.4    	-80.91  
72.8    	-80.89  
73.2    	-80.87  
73.6    	-80.83  
74      	-80.79  
74.4    	-80.73  
74.8    	-80.59  
75.2    	-80.15  
75.6    	-78.94  
76      	-74.44  
76.4    	-56.87  
76.8    	22.33   
77.2    	42.1    
77.6    	28.98   
78      	11.62   
78.4    	-6.175  
78.8    	-24.18  
79.2    	-42.98  
79.6    	-58.51  
80      	-68.02  
80.4    	-73.33  
80.8    	-76.29  
81.2    	-77.99  
81.6    	-79.01  
82      	-79.64  
82.4    	-80.05  
82.8    	-80.33  
83.2    	-80.51  
83.6    	-80.63  
84      	-80.71  
84.4    	-80.76  
84.8    	-80.79  
85.2    	-80.81  
85.6    	-80.81  
86      	-80.8   
86.4    	-80.79  
86.8    	-80.78  
87.2    	-80.75  
87.6    	-80.72  
88      	-80.66  
88.4    	-80.53  
88.8    	-80.13  
89.2    	-79.04  
89.6    	-75.1   
90      	-59.63  
90.4    	9.214   
90.8    	42.77   
91.2    	30.49   
91.6    	13.32   
92      	-4.536  
92.4    	-22.46  
92.8    	-41.34  
93.2    	-57.38  
93.6    	-67.38  
94      	-72.98  
94.4    	-76.1   
94.8    	-77.89  
95.2    	-78.95  
95.6    	-79.62  
96      	-80.04  
96.4    	-80.32  
96.8    	-80.5   
97.2    	-80.62  
97.6    	-80.69  
98      	-80.74  
98.4    	-80.76  
98.8    	-80.77  
99.2    	-80.77  
99.6    	-80.75  
100     	-80.73  
100.4   	-80.71  
100.8   	-80.69  
101.2   	-80.66  
101.6   	-80.64  
102     	-80.61  
102.4   	-80.59  
102.8   	-80.55  
103.2   	-80.51  
103.6   	-80.46  
104     	-80.39  
104.4   	-80.24  
104.8   	-79.79  
105.2   	-78.51  
105.6   	-73.62  
106     	-54.36  
106.4   	29.78   
106.8   	41.45   
107.2   	27.76   
107.6   	10.27   
108     	-7.506  
108.4   	-25.63  
108.8   	-44.39  
109.2   	-59.49  
109.6   	-68.6   
110     	-73.68  
110.4   	-76.52  
110.8   	-78.16  
111.2   	-79.15  
111.6   	-79.77  
112     	-80.18  
112.4   	-80.46  
112.8   	-80.65  
113.2   	-80.79  
113.6   	-80.9   
114     	-80.97  
114.4   	-81.03  
114.8   	-81.07  
115.2   	-81.1   
115.6   	-81.12  
116     	-81.14  
116.4   	-81.15  
116.8   	-81.14  
117.2   	-81.13  
117.6   	-81.11  
118     	-81.09  
118.4   	-81.06  
118.8   	-81.02  
119.2   	-80.98  
119.6   	-80.93  
120     	-80.88  
120.4   	-80.82  
120.8   	-80.76  
121.2   	-80.71  
121.6   	-80.65  
122     	-80.6   
122.4   	-80.55  
122.8   	-80.5   
123.2   	-80.46  
123.6   	-80.42  
124     	-80.39  
124.4   	-80.37  
124.8   	-80.35  
125.2   	-80.34  
125.6   	-80.33  
126     	-80.33  
126.4   	-80.34  
126.8   	-80.34  
127.2   	-80.35  
127.6   	-80.36  
128     	-80.37  
128.4   	-80.37  
128.8   	-80.38  
129.2   	-80.38  
129.6   	-80.38  
130     	-80.38  
130.4   	-80.36  
130.8   	-80.3   
131.2   	-80.11  
131.6   	-79.53  
132     	-77.77  
132.4   	-70.78  
132.8   	-43.85  
133.2   	41.08   
133.6   	38.6    
134     	23.35   
134.4   	5.552   
134.8   	-12.14  
135.2   	-30.63  
135.6   	-48.92  
136     	-62.39  
136.4   	-70.22  
136.8   	-74.56  
137.2   	-77     
137.6   	-78.42  
138     	-79.29  
138.4   	-79.83  
138.8   	-80.19  
139.2   	-80.42  
139.6   	-80.57  
140     	-80.67  
140.4   	-80.73  
140.8   	-80.77  
141.2   	-80.78  
141.6   	-80.79  
142     	-80.78  
142.4   	-80.76  
142.8   	-80.74  
143.2   	-80.72  
143.6   	-80.69  
144     	-80.66  
144.4   	-80.62  
144.8   	-80.52  
145.2   	-80.15  
145.6   	-79.17  
146     	-75.7   
146.4   	-62.03  
146.8   	-4.532  
147.2   	43.23   
147.6   	31.84   
148     	14.88   
148.4   	-2.993  
148.8   	-20.83  
149.2   	-39.72  
149.6   	-56.21  
150     	-66.72  
150.4   	-72.62  
150.8   	-75.92  
151.2   	-77.8   
151.6   	-78.93  
152     	-79.63  
152.4   	-80.09  
152.8   	-80.41  
153.2   	-80.63  
153.6   	-80.8   
154     	-80.92  
154.4   	-81.02  
154.8   	-81.09  
155.2   	-81.15  
155.6   	-81.19  
156     	-81.23  
156.4   	-81.24  
156.8   	-81.25  
157.2   	-81.24  
157.6   	-81.23  
158     	-81.22  
158.4   	-81.2   
158.8   	-81.19  
159.2   	-81.18  
159.6   	-81.17  
160     	-81.15  
160.4   	-81.12  
160.8   	-81.1   
161.2   	-81.07  
161.6   	-81.05  
162     	-81.01  
162.4   	-80.98  
162.8   	-80.95  
163.2   	-80.93  
163.6   	-80.9   
164     	-80.89  
164.4   	-80.87  
164.8   	-80.86  
165.2   	-80.85  
165.6   	-80.84  
166     	-80.82  
166.4   	-80.8   
166.8   	-80.77  
167.2   	-80.74  
167.6   	-80.69  
168     	-80.48  
168.4   	-79.87  
168.8   	-78.03  
169.2   	-70.89  
169.6   	-43.71  
170     	41.13   
170.4   	38.56   
170.8   	23.3    
171.2   	5.508   
171.6   	-12.18  
172     	-30.68  
172.4   	-48.97  
172.8   	-62.42  
173.2   	-70.24  
173.6   	-74.59  
174     	-77.03  
174.4   	-78.46  
174.8   	-79.33  
175.2   	-79.89  
175.6   	-80.26  
176     	-80.51  
176.4   	-80.69  
176.8   	-80.82  
177.2   	-80.91  
177.6   	-80.98  
178     	-81.02  
178.4   	-81.05  
178.8   	-81.07  
179.2   	-81.06  
179.6   	-80.93  
180     	-80.48  
180.4   	-79.32  
180.8   	-75.22  
181.2   	-59.44  
181.6   	9.947   
182     	42.61   
182.4   	30.31   
182.8   	13.14   
183.2   	-4.709  
183.6   	-22.65  
184     	-41.54  
184.4   	-57.53  
184.8   	-67.49  
185.2   	-73.08  
185.6   	-76.2   
186     	-78     
186.4   	-79.08  
186.8   	-79.77  
187.2   	-80.22  
187.6   	-80.53  
188     	-80.76  
188.4   	-80.92  
188.8   	-81.05  
189.2   	-81.16  
189.6   	-81.24  
190     	-81.31  
190.4   	-81.37  
190.8   	-81.42  
191.2   	-81.46  
191.6   	-81.51  
192     	-81.54  
192.4   	-81.57  
192.8   	-81.59  
193.2   	-81.6   
193.6   	-81.6   
194     	-81.59  
194.4   	-81.58  
194.8   	-81.57  
195.2   	-81.56  
195.6   	-81.55  
196     	-81.54  
196.4   	-81.53  
196.8   	-81.52  
197.2   	-81.51  
197.6   	-81.48  
198     	-81.34  
198.4   	-80.87  
198.8   	-79.66  
199.2   	-75.43  
199.6   	-59.27  
200     	12.06   
200.4   	42.71   
200.8   	30.26   
201.2   	13.06   
201.6   	-4.785  
202     	-22.72  
202.4   	-41.59  
202.8   	-57.56  
203.2   	-67.49  
203.6   	-73.06  
204     	-76.16  
204.4   	-77.95  
204.8   	-79.03  
205.2   	-79.7   
205.6   	-80.14  
206     	-80.45  
206.4   	-80.66  
206.8   	-80.82  
207.2   	-80.94  
207.6   	-81.03  
208     	-81.1   
208.4   	-81.16  
208.8   	-81.2   
209.2   	-81.24  
209.6   	-81.26  
210     	-81.27  
210.4   	-81.28  
210.8   	-81.28  
211.2   	-81.28  
211.6   	-81.28  
212     	-81.27  
212.4   	-81.26  
212.8   	-81.26  
213.2   	-81.25  
213.6   	-81.24  
214     	-81.23  
214.4   	-81.22  
214.8   	-81.21  
215.2   	-81.2   
215.6   	-81.2   
216     	-81.2   
216.4   	-81.19  
216.8   	-81.18  
217.2   	-81.17  
217.6   	-81.15  
218     	-81.13  
218.4   	-81.11  
218.8   	-81.06  
219.2   	-81.01  
219.6   	-80.96  
220     	-80.9   
220.4   	-80.86  
220.8   	-80.81  
221.2   	-80.76  
221.6   	-80.69  
222     	-80.44  
222.4   	-79.74  
222.8   	-77.55  
223.2   	-69.01  
223.6   	-36.58  
224     	42.94   
224.4   	36.84   
224.8   	20.98   
225.2   	3.11    
225.6   	-14.57  
226     	-33.23  
226.4   	-51.14  
226.8   	-63.75  
227.2   	-70.98  
227.6   	-75.01  
228     	-77.28  
228.4   	-78.63  
228.8   	-79.45  
229.2   	-79.99  
229.6   	-80.36  
230     	-80.61  
230.4   	-80.8   
230.8   	-80.94  
231.2   	-81.04  
231.6   	-81.12  
232     	-81.18  
232.4   	-81.22  
232.8   	-81.26  
233.2   	-81.29  
233.6   	-81.32  
234     	-81.34  
234.4   	-81.37  
234.8   	-81.39  
235.2   	-81.41  
235.6   	-81.43  
236     	-81.45  
236.4   	-81.47  
236.8   	-81.49  
237.2   	-81.51  
237.6   	-81.53  
238     	-81.54  
238.4   	-81.54  
238.8   	-81.55  
239.2   	-81.55  
239.6   	-81.52  
240     	-81.34  
240.4   	-80.79  
240.8   	-79.35  
241.2   	-74.12  
241.6   	-54.33  
242     	30.06   
242.4   	41.42   
242.8   	27.74   
243.2   	10.25   
243.6   	-7.525  
244     	-25.65  
244.4   	-44.39  
244.8   	-59.48  
245.2   	-68.59  
245.6   	-73.67  
246     	-76.52  
246.4   	-78.18  
246.8   	-79.18  
247.2   	-79.82  
247.6   	-80.24  
248     	-80.54  
248.4   	-80.76  
248.8   	-80.92  
249.2   	-81.04  
249.6   	-81.15  
250     	-81.22  
250.4   	-81.29  
250.8   	-81.33  
251.2   	-81.37  
251.6   	-81.41  
252     	-81.44  
252.4   	-81.47  
252.8   	-81.49  
253.2   	-81.52  
253.6   	-81.54  
254     	-81.56  
254.4   	-81.56  
254.8   	-81.55  
255.2   	-81.53  
255.6   	-81.49  
256     	-81.38  
256.4   	-81     
256.8   	-80.05  
257.2   	-76.96  
257.6   	-65.22  
258     	-20.01  
258.4   	43.65   
258.8   	33.82   
259.2   	17.21   
259.6   	-0.6859 
260     	-18.44  
260.4   	-37.29  
260.8   	-54.39  
261.2   	-65.67  
261.6   	-72.05  
262     	-75.61  
262.4   	-77.64  
262.8   	-78.85  
263.2   	-79.6   
263.6   	-80.09  
264     	-80.42  
264.4   	-80.65  
264.8   	-80.81  
265.2   	-80.92  
265.6   	-81     
266     	-81.07  
266.4   	-81.11  
266.8   	-81.15  
267.2   	-81.18  
267.6   	-81.2   
268     	-81.21  
268.4   	-81.22  
268.8   	-81.23  
269.2   	-81.23  
269.6   	-81.23  
270     	-81.22  
270.4   	-81.22  
270.8   	-81.22  
271.2   	-81.23  
271.6   	-81.23  
272     	-81.24  
272.4   	-81.24  
272.8   	-81.24  
273.2   	-81.24  
273.6   	-81.25  
274     	-81.25  
274.4   	-81.26  
274.8   	-81.27  
275.2   	-81.28  
275.6   	-81.3   
276     	-81.32  
276.4   	-81.34  
276.8   	-81.36  
277.2   	-81.38  
277.6   	-81.4   
278     	-81.4   
278.4   	-81.4   
278.8   	-81.4   
279.2   	-81.39  
279.6   	-81.37  
280     	-81.35  
280.4   	-81.31  
280.8   	-81.27  
281.2   	-81.23  
281.6   	-81.19  
282     	-81.15  
282.4   	-81.12  
282.8   	-81.08  
283.2   	-81.06  
283.6   	-81.03  
284     	-81.01  
284.4   	-80.99  
284.8   	-80.97  
285.2   	-80.96  
285.6   	-80.95  
286     	-80.95  
286.4   	-80.94  
286.8   	-80.94  
287.2   	-80.92  
287.6   	-80.9   
288     	-80.88  
288.4   	-80.85  
288.8   	-80.82  
289.2   	-80.78  
289.6   	-80.74  
290     	-80.7   
290.4   	-80.65  
290.8   	-80.61  
291.2   	-80.57  
291.6   	-80.53  
292     	-80.5   
292.4   	-80.47  
292.8   	-80.43  
293.2   	-80.41  
293.6   	-80.38  
294     	-80.35  
294.4   	-80.32  
294.8   	-80.3   
295.2   	-80.28  
295.6   	-80.27  
296     	-80.26  
296.4   	-80.24  
296.8   	-80.21  
297.2   	-80.19  
297.6   	-80.17  
298     	-80.15  
298.4   	-80.14  
298.8   	-80.13  
299.2   	-80.12  
299.6   	-80.11  
300     	-80.1   
300.4   	-80.09  
300.8   	-80.07  
301.2   	-80.05  
301.6   	-80.04  
302     	-80.03  
302.4   	-80.02  
302.8   	-80.02  
303.2   	-80.02  
303.6   	-80.03  
304     	-80.05  
304.4   	-80.06  
304.8   	-80.09  
305.2   	-80.12  
305.6   	-80.15  
306     	-80.18  
306.4   	-80.22  
306.8   	-80.25  
307.2   	-80.29  
307.6   	-80.32  
308     	-80.35  
308.4   	-80.39  
308.8   	-80.42  
309.2   	-80.45  
309.6   	-80.48  
310     	-80.52  
310.4   	-80.55  
310.8   	-80.59  
311.2   	-80.63  
311.6   	-80.67  
312     	-80.71  
312.4   	-80.75  
312.8   	-80.79  
313.2   	-80.83  
313.6   	-80.87  
314     	-80.89  
314.4   	-80.9   
314.8   	-80.91  
315.2   	-80.91  
315.6   	-80.88  
316     	-80.69  
316.4   	-80.1   
316.8   	-78.37  
317.2   	-71.7   
317.6   	-46.43  
318     	39.65   
318.4   	39.25   
318.8   	24.29   
319.2   	6.551   
319.6   	-11.14  
320     	-29.54  
320.4   	-47.94  
320.8   	-61.78  
321.2   	-69.88  
321.6   	-74.39  
322     	-76.93  
322.4   	-78.42  
322.8   	-79.33  
323.2   	-79.92  
323.6   	-80.31  
324     	-80.58  
324.4   	-80.78  
324.8   	-80.93  
325.2   	-81.04  
325.6   	-81.13  
326     	-81.2   
326.4   	-81.25  
326.8   	-81.29  
327.2   	-81.32  
327.6   	-81.35  
328     	-81.37  
328.4   	-81.37  
328.8   	-81.34  
329.2   	-81.11  
329.6   	-80.46  
330     	-78.67  
330.4   	-71.93  
330.8   	-46.78  
331.2   	39.27   
331.6   	39.27   
332     	24.37   
332.4   	6.651   
332.8   	-11.04  
333.2   	-29.42  
333.6   	-47.83  
334     	-61.7   
334.4   	-69.83  
334.8   	-74.35  
335.2   	-76.9   
335.6   	-78.39  
336     	-79.29  
336.4   	-79.87  
336.8   	-80.26  
337.2   	-80.52  
337.6   	-80.71  
338     	-80.85  
338.4   	-80.95  
338.8   	-81.03  
339.2   	-81.07  
339.6   	-81.11  
340     	-81.13  
340.4   	-81.14  
340.8   	-81.15  
341.2   	-81.16  
341.6   	-81.16  
342     	-81.16  
342.4   	-81.16  
342.8   	-81.16  
343.2   	-81.16  
343.6   	-81.16  
344     	-81.16  
344.4   	-81.17  
344.8   	-81.17  
345.2   	-81.18  
345.6   	-81.18  
346     	-81.18  
346.4   	-81.19  
346.8   	-81.2   
347.2   	-81.21  
347.6   	-81.22  
348     	-81.23  
348.4   	-81.23  
348.8   	-81.22  
349.2   	-81.2   
349.6   	-81.15  
350     	-81     
350.4   	-80.51  
350.8   	-79.21  
351.2   	-74.48  
351.6   	-56.28  
352     	24.56   
352.4   	41.93   
352.8   	28.66   
353.2   	11.27   
353.6   	-6.522  
354     	-24.55  
354.4   	-43.34  
354.8   	-58.76  
355.2   	-68.17  
355.6   	-73.44  
356     	-76.38  
356.4   	-78.08  
356.8   	-79.1   
357.2   	-79.73  
357.6   	-80.14  
358     	-80.41  
358.4   	-80.61  
358.8   	-80.74  
359.2   	-80.83  
359.6   	-80.88  
360     	-80.91  
360.4   	-80.93  
360.8   	-80.93  
361.2   	-80.93  
361.6   	-80.93  
362     	-80.92  
362.4   	-80.91  
362.8   	-80.9   
363.2   	-80.88  
363.6   	-80.87  
364     	-80.85  
364.4   	-80.83  
364.8   	-80.79  
365.2   	-80.76  
365.6   	-80.72  
366     	-80.69  
366.4   	-80.65  
366.8   	-80.62  
367.2   	-80.56  
367.6   	-80.36  
368     	-79.77  
368.4   	-77.99  
368.8   	-70.99  
369.2   	-44.28  
369.6   	40.86   
370     	38.7    
370.4   	23.5    
370.8   	5.71    
371.2   	-11.98  
371.6   	-30.47  
372     	-48.78  
372.4   	-62.31  
372.8   	-70.18  
373.2   	-74.55  
373.6   	-77.02  
374     	-78.46  
374.4   	-79.35  
374.8   	-79.92  
375.2   	-80.3   
375.6   	-80.56  
376     	-80.74  
376.4   	-80.87  
376.8   	-80.96  
377.2   	-81.02  
377.6   	-81.04  
378     	-81.05  
378.4   	-81.03  
378.8   	-81     
379.2   	-80.95  
379.6   	-80.88  
380     	-80.82  
380.4   	-80.75  
380.8   	-80.68  
381.2   	-80.62  
381.6   	-80.55  
382     	-80.48  
382.4   	-80.41  
382.8   	-80.33  
383.2   	-80.24  
383.6   	-80.16  
384     	-80.07  
384.4   	-79.98  
384.8   	-79.9   
385.2   	-79.83  
385.6   	-79.77  
386     	-79.72  
386.4   	-79.67  
386.8   	-79.63  
387.2   	-79.6   
387.6   	-79.59  
388     	-79.57  
388.4   	-79.56  
388.8   	-79.55  
389.2   	-79.52  
389.6   	-79.48  
390     	-79.45  
390.4   	-79.42  
390.8   	-79.39  
391.2   	-79.37  
391.6   	-79.34  
392     	-79.32  
392.4   	-79.29  
392.8   	-79.26  
393.2   	-79.21  
393.6   	-79.15  
394     	-79.09  
394.4   	-79.01  
394.8   	-78.94  
395.2   	-78.86  
395.6   	-78.79  
396     	-78.72  
396.4   	-78.59  
396.8   	-78.17  
397.2   	-76.74  
397.6   	-70.64  
398     	-45.73  
398.4   	40.13   
398.8   	39.09   
399.2   	24.01   
399.6   	6.239   
400     	-11.46  
400.4   	-29.9   
400.8   	-48.3   
401.2   	-62.03  
401.6   	-70.02  
402     	-74.46  
402.4   	-76.95  
402.8   	-78.41  
403.2   	-79.29  
403.6   	-79.85  
404     	-80.21  
404.4   	-80.46  
404.8   	-80.63  
405.2   	-80.75  
405.6   	-80.84  
406     	-80.91  
406.4   	-80.96  
406.8   	-81     
407.2   	-81.03  
407.6   	-81.05  
408     	-81.07  
408.4   	-81.08  
408.8   	-81.08  
409.2   	-81.09  
409.6   	-81.08  
410     	-81.07  
410.4   	-81.05  
410.8   	-81.04  
411.2   	-81.01  
411.6   	-80.99  
412     	-80.97  
412.4   	-80.94  
412.8   	-80.9   
413.2   	-80.86  
413.6   	-80.8   
414     	-80.6   
414.4   	-80.01  
414.8   	-78.3   
415.2   	-71.68  
415.6   	-46.5   
416     	39.59   
416.4   	39.27   
416.8   	24.31   
417.2   	6.574   
417.6   	-11.11  
418     	-29.51  
418.4   	-47.91  
418.8   	-61.75  
419.2   	-69.86  
419.6   	-74.37  
420     	-76.92  
420.4   	-78.4   
420.8   	-79.31  
421.2   	-79.89  
421.6   	-80.28  
422     	-80.55  
422.4   	-80.75  
422.8   	-80.9   
423.2   	-81.02  
423.6   	-81.11  
424     	-81.19  
424.4   	-81.26  
424.8   	-81.31  
425.2   	-81.37  
425.6   	-81.41  
426     	-81.46  
426.4   	-81.49  
426.8   	-81.51  
427.2   	-81.52  
427.6   	-81.54  
428     	-81.55  
428.4   	-81.55  
428.8   	-81.55  
429.2   	-81.55  
429.6   	-81.55  
430     	-81.53  
430.4   	-81.51  
430.8   	-81.49  
431.2   	-81.47  
431.6   	-81.44  
432     	-81.42  
432.4   	-81.4   
432.8   	-81.38  
433.2   	-81.35  
433.6   	-81.33  
434     	-81.31  
434.4   	-81.3   
434.8   	-81.28  
435.2   	-81.26  
435.6   	-81.24  
436     	-81.21  
436.4   	-81.18  
436.8   	-81.15  
437.2   	-81.1   
437.6   	-81.02  
438     	-80.8   
438.4   	-80.19  
438.8   	-78.42  
439.2   	-71.65  
439.6   	-46.07  
440     	39.88   
440.4   	39.16   
440.8   	24.16   
441.2   	6.412   
441.6   	-11.28  
442     	-29.69  
442.4   	-48.07  
442.8   	-61.86  
443.2   	-69.92  
443.6   	-74.41  
444     	-76.93  
444.4   	-78.41  
444.8   	-79.31  
445.2   	-79.88  
445.6   	-80.26  
446     	-80.53  
446.4   	-80.71  
446.8   	-80.85  
447.2   	-80.95  
447.6   	-81.02  
448     	-81.08  
448.4   	-81.12  
448.8   	-81.14  
449.2   	-81.17  
449.6   	-81.18  
450     	-81.2   
450.4   	-81.21  
450.8   	-81.21  
451.2   	-81.22  
451.6   	-81.21  
452     	-81.2   
452.4   	-81.19  
452.8   	-81.18  
453.2   	-81.17  
453.6   	-81.16  
454     	-81.15  
454.4   	-81.14  
454.8   	-81.12  
455.2   	-81.11  
455.6   	-81.09  
456     	-81.08  
456.4   	-81.07  
456.8   	-81.06  
457.2   	-81.06  
457.6   	-81.06  
458     	-81.06  
458.4   	-81.06  
458.8   	-81.06  
459.2   	-81.06  
459.6   	-81.06  
460     	-81.04  
460.4   	-81.02  
460.8   	-81     
461.2   	-80.98  
461.6   	-80.95  
462     	-80.92  
462.4   	-80.89  
462.8   	-80.86  
463.2   	-80.83  
463.6   	-80.8   
464     	-80.78  
464.4   	-80.76  
464.8   	-80.73  
465.2   	-80.71  
465.6   	-80.68  
466     	-80.65  
466.4   	-80.62  
466.8   	-80.59  
467.2   	-80.49  
467.6   	-80.11  
468     	-79.08  
468.4   	-75.37  
468.8   	-60.69  
469.2   	3.575   
469.6   	43.06   
470     	31.11   
470.4   	14.01   
470.8   	-3.856  
471.2   	-21.75  
471.6   	-40.65  
472     	-56.9   
472.4   	-67.13  
472.8   	-72.86  
473.2   	-76.07  
473.6   	-77.9   
474     	-79     
474.4   	-79.68  
474.8   	-80.12  
475.2   	-80.42  
475.6   	-80.63  
476     	-80.78  
476.4   	-80.9   
476.8   	-80.99  
477.2   	-81.05  
477.6   	-81.11  
478     	-81.15  
478.4   	-81.18  
478.8   	-81.2   
479.2   	-81.21  
479.6   	-81.22  
480     	-81.21  
480.4   	-81.2   
480.8   	-81.19  
481.2   	-81.18  
481.6   	-81.18  
482     	-81.17  
482.4   	-81.16  
482.8   	-81.15  
483.2   	-81.15  
483.6   	-81.14  
484     	-81.14  
484.4   	-81.14  
484.8   	-81.15  
485.2   	-81.16  
485.6   	-81.17  
486     	-81.18  
486.4   	-81.19  
486.8   	-81.19  
487.2   	-81.19  
487.6   	-81.19  
488     	-81.19  
488.4   	-81.19  
488.8   	-81.19  
489.2   	-81.2   
489.6   	-81.2   
490     	-81.21  
490.4   	-81.22  
490.8   	-81.22  
491.2   	-81.23  
491.6   	-81.23  
492     	-81.22  
492.4   	-81.22  
492.8   	-81.22  
493.2   	-81.22  
493.6   	-81.22  
494     	-81.21  
494.4   	-81.21  
494.8   	-81.21  
495.2   	-81.19  
495.6   	-81.17  
496     	-81.14  
496.4   	-81.11  
496.8   	-81.08  
497.2   	-81.05  
497.6   	-81.02  
498     	-80.98  
498.4   	-80.95  
498.8   	-80.91  
499.2   	-80.87  
499.6   	-80.82  
500     	-80.76  
500.4   	-80.71  
500.8   	-80.66  
501.2   	-80.6   
501.6   	-80.54  
502     	-80.48  
502.4   	-80.42  
502.8   	-80.35  
503.2   	-80.29  
503.6   	-80.24  
504     	-80.18  
504.4   	-80.14  
504.8   	-80.1   
505.2   	-80.06  
505.6   	-80.03  
506     	-80.01  
506.4   	-79.99  
506.8   	-79.96  
507.2   	-79.94  
507.6   	-79.86  
508     	-79.55  
508.4   	-78.62  
508.8   	-75.16  
509.2   	-61.16  
509.6   	0.2295  
510     	43.18   
510.4   	31.43   
510.8   	14.37   
511.2   	-3.504  
511.6   	-21.37  
512     	-40.29  
512.4   	-56.64  
512.8   	-66.98  
513.2   	-72.78  
513.6   	-76.01  
514     	-77.86  
514.4   	-78.97  
514.8   	-79.66  
515.2   	-80.1   
515.6   	-80.39  
516     	-80.59  
516.4   	-80.72  
516.8   	-80.81  
517.2   	-80.88  
517.6   	-80.93  
518     	-80.96  
518.4   	-80.98  
518.8   	-80.99  
519.2   	-80.99  
519.6   	-80.99  
520     	-80.97  
520.4   	-80.95  
520.8   	-80.92  
521.2   	-80.89  
521.6   	-80.84  
522     	-80.69  
522.4   	-80.23  
522.8   	-78.96  
523.2   	-74.31  
523.6   	-56.24  
524     	24.44   
524.4   	41.89   
524.8   	28.62   
525.2   	11.23   
525.6   	-6.553  
526     	-24.58  
526.4   	-43.37  
526.8   	-58.78  
527.2   	-68.19  
527.6   	-73.44  
528     	-76.37  
528.4   	-78.06  
528.8   	-79.08  
529.2   	-79.72  
529.6   	-80.14  
530     	-80.42  
530.4   	-80.62  
530.8   	-80.77  
531.2   	-80.88  
531.6   	-80.95  
532     	-81.01  
532.4   	-81.05  
532.8   	-81.09  
533.2   	-81.12  
533.6   	-81.14  
534     	-81.16  
534.4   	-81.18  
534.8   	-81.2   
535.2   	-81.22  
535.6   	-81.24  
536     	-81.25  
536.4   	-81.25  
536.8   	-81.25  
537.2   	-81.25  
537.6   	-81.24  
538     	-81.22  
538.4   	-81.2   
538.8   	-81.19  
539.2   	-81.17  
539.6   	-81.16  
540     	-81.15  
540.4   	-81.15  
540.8   	-81.15  
541.2   	-81.15  
541.6   	-81.15  
542     	-81.15  
542.4   	-81.16  
542.8   	-81.15  
543.2   	-81.14  
543.6   	-81.12  
544     	-81.1   
544.4   	-81.06  
544.8   	-81.02  
545.2   	-80.98  
545.6   	-80.94  
546     	-80.9   
546.4   	-80.87  
546.8   	-80.83  
547.2   	-80.8   
547.6   	-80.77  
548     	-80.74  
548.4   	-80.71  
548.8   	-80.67  
549.2   	-80.63  
549.6   	-80.6   
550     	-80.56  
550.4   	-80.53  
550.8   	-80.5   
551.2   	-80.47  
551.6   	-80.45  
552     	-80.42  
552.4   	-80.38  
552.8   	-80.34  
553.2   	-80.31  
553.6   	-80.27  
554     	-80.24  
554.4   	-80.21  
554.8   	-80.17  
555.2   	-80.13  
555.6   	-80.09  
556     	-80.05  
556.4   	-80.02  
556.8   	-80     
557.2   	-79.97  
557.6   	-79.94  
558     	-79.92  
558.4   	-79.9   
558.8   	-79.88  
559.2   	-79.87  
559.6   	-79.86  
560     	-79.86  
560.4   	-79.85  
560.8   	-79.85  
561.2   	-79.84  
561.6   	-79.84  
562     	-79.84  
562.4   	-79.85  
562.8   	-79.85  
563.2   	-79.86  
563.6   	-79.87  
564     	-79.88  
564.4   	-79.9   
564.8   	-79.93  
565.2   	-79.96  
565.6   	-79.99  
566     	-80.02  
566.4   	-80.05  
566.8   	-80.09  
567.2   	-80.12  
567.6   	-80.14  
568     	-80.16  
568.4   	-80.17  
568.8   	-80.18  
569.2   	-80.18  
569.6   	-80.18  
570     	-80.18  
570.4   	-80.18  
570.8   	-80.19  
571.2   	-80.19  
571.6   	-80.2   
572     	-80.2   
572.4   	-80.21  
572.8   	-80.21  
573.2   	-80.23  
573.6   	-80.24  
574     	-80.26  
574.4   	-80.29  
574.8   	-80.31  
575.2   	-80.34  
575.6   	-80.37  
576     	-80.39  
576.4   	-80.41  
576.8   	-80.42  
577.2   	-80.43  
577.6   	-80.44  
578     	-80.45  
578.4   	-80.46  
578.8   	-80.47  
579.2   	-80.49  
579.6   	-80.5   
580     	-80.51  
580.4   	-80.52  
580.8   	-80.53  
581.2   	-80.53  
581.6   	-80.54  
582     	-80.55  
582.4   	-80.55  
582.8   	-80.55  
583.2   	-80.54  
583.6   	-80.52  
584     	-80.49  
584.4   	-80.46  
584.8   	-80.43  
585.2   	-80.39  
585.6   	-80.35  
586     	-80.3   
586.4   	-80.26  
586.8   	-80.22  
587.2   	-80.18  
587.6   	-80.13  
588     	-80.09  
588.4   	-80.05  
588.8   	-80     
589.2   	-79.96  
589.6   	-79.91  
590     	-79.87  
590.4   	-79.83  
590.8   	-79.79  
591.2   	-79.74  
591.6   	-79.69  
592     	-79.64  
592.4   	-79.59  
592.8   	-79.53  
593.2   	-79.47  
593.6   	-79.33  
594     	-78.84  
594.4   	-77.29  
594.8   	-70.9   
595.2   	-45.52  
595.6   	40.25   
596     	39.03   
596.4   	23.94   
596.8   	6.169   
597.2   	-11.52  
597.6   	-29.96  
598     	-48.33  
598.4   	-62.03  
598.8   	-70.01  
599.2   	-74.44  
599.6   	-76.92  
600     	-78.36  
600.4   	-79.24  
600.8   	-79.78  
601.2   	-80.14  
601.6   	-80.38  
602     	-80.55  
602.4   	-80.66  
602.8   	-80.73  
603.2   	-80.77  
603.6   	-80.79  
604     	-80.78  
604.4   	-80.77  
604.8   	-80.74  
605.2   	-80.71  
605.6   	-80.66  
606     	-80.58  
606.4   	-80.35  
606.8   	-79.7   
607.2   	-77.76  
607.6   	-70.15  
608     	-41.31  
608.4   	41.84   
608.8   	37.88   
609.2   	22.41   
609.6   	4.583   
610     	-13.11  
610.4   	-31.69  
610.8   	-49.85  
611.2   	-62.97  
611.6   	-70.54  
612     	-74.75  
612.4   	-77.11  
612.8   	-78.5   
613.2   	-79.34  
613.6   	-79.88  
614     	-80.24  
614.4   	-80.48  
614.8   	-80.65  
615.2   	-80.76  
615.6   	-80.85  
616     	-80.91  
616.4   	-80.95  
616.8   	-80.98  
617.2   	-81.01  
617.6   	-81.02  
618     	-81.03  
618.4   	-81.04  
618.8   	-81.03  
619.2   	-81.02  
619.6   	-80.89  
620     	-80.46  
620.4   	-79.32  
620.8   	-75.25  
621.2   	-59.53  
621.6   	10.01   
622     	42.72   
622.4   	30.4    
622.8   	13.22   
623.2   	-4.628  
623.6   	-22.57  
624     	-41.46  
624.4   	-57.48  
624.8   	-67.46  
625.2   	-73.05  
625.6   	-76.18  
626     	-77.98  
626.4   	-79.06  
626.8   	-79.74  
627.2   	-80.18  
627.6   	-80.48  
628     	-80.68  
628.4   	-80.83  
628.8   	-80.93  
629.2   	-81     
629.6   	-81.05  
630     	-81.09  
630.4   	-81.11  
630.8   	-81.13  
631.2   	-81.14  
631.6   	-81.15  
632     	-81.15  
632.4   	-81.14  
632.8   	-81.11  
633.2   	-80.95  
633.6   	-80.43  
634     	-79.01  
634.4   	-73.77  
634.8   	-53.77  
635.2   	31.04   
635.6   	41.23   
636     	27.45   
636.4   	9.944   
636.8   	-7.828  
637.2   	-25.98  
637.6   	-44.71  
638     	-59.69  
638.4   	-68.7   
638.8   	-73.72  
639.2   	-76.54  
639.6   	-78.16  
640     	-79.15  
640.4   	-79.77  
640.8   	-80.17  
641.2   	-80.44  
641.6   	-80.62  
642     	-80.75  
642.4   	-80.83  
642.8   	-80.89  
643.2   	-80.92  
643.6   	-80.94  
644     	-80.95  
644.4   	-80.95  
644.8   	-80.94  
645.2   	-80.92  
645.6   	-80.91  
646     	-80.89  
646.4   	-80.87  
646.8   	-80.85  
647.2   	-80.83  
647.6   	-80.81  
648     	-80.78  
648.4   	-80.75  
648.8   	-80.72  
649.2   	-80.69  
649.6   	-80.65  
650     	-80.6   
650.4   	-80.55  
650.8   	-80.5   
651.2   	-80.46  
651.6   	-80.42  
652     	-80.39  
652.4   	-80.36  
652.8   	-80.33  
653.2   	-80.31  
653.6   	-80.29  
654     	-80.27  
654.4   	-80.25  
654.8   	-80.23  
655.2   	-80.2   
655.6   	-80.17  
656     	-80.13  
656.4   	-80.09  
656.8   	-80.04  
657.2   	-79.99  
657.6   	-79.93  
658     	-79.85  
658.4   	-79.57  
658.8   	-78.75  
659.2   	-75.84  
659.6   	-64.02  
660     	-15.76  
660.4   	43.62   
660.8   	33.21   
661.2   	16.46   
661.6   	-1.437  
662     	-19.2   
662.4   	-38.08  
662.8   	-54.99  
663.2   	-66.02  
663.6   	-72.23  
664     	-75.69  
664.4   	-77.66  
664.8   	-78.83  
665.2   	-79.55  
665.6   	-80.01  
666     	-80.31  
666.4   	-80.51  
666.8   	-80.63  
667.2   	-80.7   
667.6   	-80.74  
668     	-80.75  
668.4   	-80.75  
668.8   	-80.74  
669.2   	-80.71  
669.6   	-80.67  
670     	-80.62  
670.4   	-80.56  
670.8   	-80.42  
671.2   	-80.02  
671.6   	-78.95  
672     	-75.06  
672.4   	-59.75  
672.8   	8.273   
673.2   	42.76   
673.6   	30.54   
674     	13.39   
674.4   	-4.469  
674.8   	-22.39  
675.2   	-41.28  
675.6   	-57.34  
676     	-67.36  
676.4   	-72.97  
676.8   	-76.1   
677.2   	-77.89  
677.6   	-78.96  
678     	-79.63  
678.4   	-80.06  
678.8   	-80.34  
679.2   	-80.53  
679.6   	-80.66  
680     	-80.75  
680.4   	-80.81  
680.8   	-80.84  
681.2   	-80.86  
681.6   	-80.87  
682     	-80.86  
682.4   	-80.85  
682.8   	-80.83  
683.2   	-80.8   
683.6   	-80.78  
684     	-80.75  
684.4   	-80.73  
684.8   	-80.71  
685.2   	-80.69  
685.6   	-80.66  
686     	-80.62  
686.4   	-80.58  
686.8   	-80.54  
687.2   	-80.48  
687.6   	-80.32  
688     	-79.84  
688.4   	-78.47  
688.8   	-73.22  
689.2   	-52.71  
689.6   	33.1    
690     	41.02   
690.4   	27.01   
690.8   	9.45    
691.2   	-8.314  
691.6   	-26.5   
692     	-45.2   
692.4   	-60.02  
692.8   	-68.88  
693.2   	-73.81  
693.6   	-76.58  
694     	-78.17  
694.4   	-79.14  
694.8   	-79.75  
695.2   	-80.15  
695.6   	-80.42  
696     	-80.61  
696.4   	-80.76  
696.8   	-80.86  
697.2   	-80.94  
697.6   	-81.01  
698     	-81.06  
698.4   	-81.1   
698.8   	-81.13  
699.2   	-81.16  
699.6   	-81.18  
700     	-81.19  
700.4   	-81.2   
700.8   	-81.2   
701.2   	-81.2   
701.6   	-81.2   
702     	-81.2   
702.4   	-81.19  
702.8   	-81.18  
703.2   	-81.18  
703.6   	-81.17  
704     	-81.17  
704.4   	-81.16  
704.8   	-81.16  
705.2   	-81.16  
705.6   	-81.16  
706     	-81.16  
706.4   	-81.15  
706.8   	-81.13  
707.2   	-81.06  
707.6   	-80.74  
708     	-79.89  
708.4   	-77.2   
708.8   	-66.82  
709.2   	-27.29  
709.6   	43.63   
710     	35      
710.4   	18.65   
710.8   	0.7477  
711.2   	-16.97  
711.6   	-35.76  
712     	-53.19  
712.4   	-64.96  
712.8   	-71.65  
713.2   	-75.36  
713.6   	-77.48  
714     	-78.73  
714.4   	-79.5   
714.8   	-80     
715.2   	-80.33  
715.6   	-80.56  
716     	-80.72  
716.4   	-80.82  
716.8   	-80.9   
717.2   	-80.95  
717.6   	-80.99  
718     	-81.02  
718.4   	-81.04  
718.8   	-81.05  
719.2   	-81.05  
719.6   	-81.04  
720     	-81.02  
720.4   	-81     
720.8   	-80.98  
721.2   	-80.96  
721.6   	-80.94  
722     	-80.93  
722.4   	-80.92  
722.8   	-80.91  
723.2   	-80.91  
723.6   	-80.91  
724     	-80.91  
724.4   	-80.91  
724.8   	-80.9   
725.2   	-80.89  
725.6   	-80.87  
726     	-80.81  
726.4   	-80.6   
726.8   	-79.99  
727.2   	-78.22  
727.6   	-71.37  
728     	-45.35  
728.4   	40.3    
728.8   	38.97   
729.2   	23.89   
729.6   	6.128   
730     	-11.56  
730.4   	-30     
730.8   	-48.36  
731.2   	-62.04  
731.6   	-70.03  
732     	-74.47  
732.4   	-76.98  
732.8   	-78.44  
733.2   	-79.34  
733.6   	-79.92  
734     	-80.31  
734.4   	-80.58  
734.8   	-80.78  
735.2   	-80.93  
735.6   	-81.05  
736     	-81.14  
736.4   	-81.2   
736.8   	-81.25  
737.2   	-81.29  
737.6   	-81.32  
738     	-81.34  
738.4   	-81.35  
738.8   	-81.36  
739.2   	-81.38  
739.6   	-81.38  
740     	-81.38  
740.4   	-81.38  
740.8   	-81.36  
741.2   	-81.34  
741.6   	-81.31  
742     	-81.28  
742.4   	-81.26  
742.8   	-81.23  
743.2   	-81.2   
743.6   	-81.17  
744     	-81.13  
744.4   	-81.09  
744.8   	-81.04  
745.2   	-81     
745.6   	-80.96  
746     	-80.93  
746.4   	-80.89  
746.8   	-80.87  
747.2   	-80.84  
747.6   	-80.81  
748     	-80.78  
748.4   	-80.75  
748.8   	-80.73  
749.2   	-80.7   
749.6   	-80.67  
750     	-80.64  
750.4   	-80.6   
750.8   	-80.55  
751.2   	-80.45  
751.6   	-80.11  
752     	-79.18  
752.4   	-75.88  
752.8   	-62.83  
753.2   	-8.778  
753.6   	43.42   
754     	32.35   
754.4   	15.45   
754.8   	-2.426  
755.2   	-20.23  
755.6   	-39.11  
756     	-55.75  
756.4   	-66.46  
756.8   	-72.49  
757.2   	-75.85  
757.6   	-77.77  
758     	-78.92  
758.4   	-79.64  
758.8   	-80.1   
759.2   	-80.42  
759.6   	-80.65  
760     	-80.81  
760.4   	-80.93  
760.8   	-81.03  
761.2   	-81.11  
761.6   	-81.17  
762     	-81.22  
762.4   	-81.26  
762.8   	-81.29  
763.2   	-81.32  
763.6   	-81.34  
764     	-81.36  
764.4   	-81.39  
764.8   	-81.41  
765.2   	-81.43  
765.6   	-81.45  
766     	-81.47  
766.4   	-81.48  
766.8   	-81.48  
767.2   	-81.47  
767.6   	-81.47  
768     	-81.45  
768.4   	-81.44  
768.8   	-81.42  
769.2   	-81.41  
769.6   	-81.4   
770     	-81.38  
770.4   	-81.37  
770.8   	-81.37  
771.2   	-81.36  
771.6   	-81.35  
772     	-81.34  
772.4   	-81.32  
772.8   	-81.3   
773.2   	-81.28  
773.6   	-81.26  
774     	-81.21  
774.4   	-81.06  
774.8   	-80.57  
775.2   	-79.25  
775.6   	-74.45  
776     	-56.01  
776.4   	25.47   
776.8   	41.86   
777.2   	28.53   
777.6   	11.12   
778     	-6.659  
778.4   	-24.69  
778.8   	-43.47  
779.2   	-58.84  
779.6   	-68.21  
780     	-73.45  
780.4   	-76.38  
780.8   	-78.07  
781.2   	-79.09  
781.6   	-79.73  
782     	-80.15  
782.4   	-80.43  
782.8   	-80.62  
783.2   	-80.76  
783.6   	-80.86  
784     	-80.93  
784.4   	-80.99  
784.8   	-81.03  
785.2   	-81.05  
785.6   	-81.07  
786     	-81.08  
786.4   	-81.08  
786.8   	-81.07  
787.2   	-81.06  
787.6   	-81.05  
788     	-81.04  
788.4   	-81.03  
788.8   	-81.01  
789.2   	-80.99  
789.6   	-80.96  
790     	-80.94  
790.4   	-80.91  
790.8   	-80.88  
791.2   	-80.84  
791.6   	-80.81  
792     	-80.76  
792.4   	-80.72  
792.8   	-80.66  
793.2   	-80.6   
793.6   	-80.54  
794     	-80.48  
794.4   	-80.42  
794.8   	-80.37  
795.2   	-80.32  
795.6   	-80.28  
796     	-80.25  
796.4   	-80.22  
796.8   	-80.19  
797.2   	-80.17  
797.6   	-80.16  
798     	-80.15  
798.4   	-80.15  
798.8   	-80.15  
799.2   	-80.16  
799.6   	-80.18  
800     	-80.2   
800.4   	-80.22  
800.8   	-80.25  
801.2   	-80.29  
801.6   	-80.33  
802     	-80.37  
802.4   	-80.41  
802.8   	-80.46  
803.2   	-80.51  
803.6   	-80.56  
804     	-80.62  
804.4   	-80.67  
804.8   	-80.72  
805.2   	-80.78  
805.6   	-80.82  
806     	-80.86  
806.4   	-80.89  
806.8   	-80.93  
807.2   	-80.96  
807.6   	-80.98  
808     	-81     
808.4   	-81.02  
808.8   	-81.04  
809.2   	-81.07  
809.6   	-81.09  
810     	-81.11  
810.4   	-81.14  
810.8   	-81.17  
811.2   	-81.21  
811.6   	-81.24  
812     	-81.28  
812.4   	-81.32  
812.8   	-81.36  
813.2   	-81.4   
813.6   	-81.44  
814     	-81.48  
814.4   	-81.51  
814.8   	-81.55  
815.2   	-81.57  
815.6   	-81.6   
816     	-81.63  
816.4   	-81.65  
816.8   	-81.66  
817.2   	-81.67  
817.6   	-81.69  
818     	-81.7   
818.4   	-81.71  
818.8   	-81.72  
819.2   	-81.73  
819.6   	-81.74  
820     	-81.75  
820.4   	-81.75  
820.8   	-81.75  
821.2   	-81.75  
821.6   	-81.75  
822     	-81.75  
822.4   	-81.75  
822.8   	-81.76  
823.2   	-81.76  
823.6   	-81.77  
824     	-81.77  
824.4   	-81.77  
824.8   	-81.76  
825.2   	-81.74  
825.6   	-81.72  
826     	-81.71  
826.4   	-81.69  
826.8   	-81.68  
827.2   	-81.67  
827.6   	-81.67  
828     	-81.66  
828.4   	-81.65  
828.8   	-81.64  
829.2   	-81.64  
829.6   	-81.63  
830     	-81.62  
830.4   	-81.61  
830.8   	-81.6   
831.2   	-81.59  
831.6   	-81.57  
832     	-81.55  
832.4   	-81.53  
832.8   	-81.5   
833.2   	-81.48  
833.6   	-81.45  
834     	-81.42  
834.4   	-81.4   
834.8   	-81.37  
835.2   	-81.35  
835.6   	-81.34  
836     	-81.32  
836.4   	-81.31  
836.8   	-81.3   
837.2   	-81.28  
837.6   	-81.25  
838     	-81.23  
838.4   	-81.2   
838.8   	-81.18  
839.2   	-81.15  
839.6   	-81.12  
840     	-81.08  
840.4   	-80.94  
840.8   	-80.49  
841.2   	-79.29  
841.6   	-74.97  
842     	-58.22  
842.4   	16.98   
842.8   	42.47   
843.2   	29.71   
843.6   	12.43   
844     	-5.397  
844.4   	-23.37  
844.8   	-42.23  
845.2   	-58.01  
845.6   	-67.76  
846     	-73.21  
846.4   	-76.26  
846.8   	-78.02  
847.2   	-79.08  
847.6   	-79.75  
848     	-80.19  
848.4   	-80.49  
848.8   	-80.71  
849.2   	-80.87  
849.6   	-80.98  
850     	-81.06  
850.4   	-81.11  
850.8   	-81.15  
851.2   	-81.18  
851.6   	-81.2   
852     	-81.21  
852.4   	-81.21  
852.8   	-81.21  
853.2   	-81.2   
853.6   	-81.19  
854     	-81.18  
854.4   	-81.16  
854.8   	-81.14  
855.2   	-81.11  
855.6   	-81.02  
856     	-80.68  
856.4   	-79.79  
856.8   	-76.86  
857.2   	-65.56  
857.6   	-21.95  
858     	43.67   
858.4   	34.1    
858.8   	17.56   
859.2   	-0.3493 
859.6   	-18.1   
860     	-36.95  
860.4   	-54.13  
860.8   	-65.52  
861.2   	-71.97  
861.6   	-75.56  
862     	-77.61  
862.4   	-78.83  
862.8   	-79.58  
863.2   	-80.08  
863.6   	-80.41  
864     	-80.65  
864.4   	-80.82  
864.8   	-80.94  
865.2   	-81.03  
865.6   	-81.09  
866     	-81.13  
866.4   	-81.16  
866.8   	-81.18  
867.2   	-81.19  
867.6   	-81.19  
868     	-81.18  
868.4   	-81.17  
868.8   	-81.16  
869.2   	-81.14  
869.6   	-81.11  
870     	-81.08  
870.4   	-81.05  
870.8   	-81.02  
871.2   	-80.99  
871.6   	-80.97  
872     	-80.95  
872.4   	-80.93  
872.8   	-80.92  
873.2   	-80.91  
873.6   	-80.91  
874     	-80.91  
874.4   	-80.92  
874.8   	-80.93  
875.2   	-80.94  
875.6   	-80.96  
876     	-80.98  
876.4   	-81.01  
876.8   	-81.04  
877.2   	-81.07  
877.6   	-81.1   
878     	-81.12  
878.4   	-81.15  
878.8   	-81.17  
879.2   	-81.19  
879.6   	-81.21  
880     	-81.23  
880.4   	-81.26  
880.8   	-81.28  
881.2   	-81.31  
881.6   	-81.34  
882     	-81.38  
882.4   	-81.41  
882.8   	-81.45  
883.2   	-81.49  
883.6   	-81.53  
884     	-81.57  
884.4   	-81.62  
884.8   	-81.66  
885.2   	-81.71  
885.6   	-81.76  
886     	-81.81  
886.4   	-81.85  
886.8   	-81.9   
887.2   	-81.95  
887.6   	-81.99  
888     	-82.04  
888.4   	-82.08  
888.8   	-82.12  
889.2   	-82.17  
889.6   	-82.21  
890     	-82.24  
890.4   	-82.26  
890.8   	-82.27  
891.2   	-82.29  
891.6   	-82.3   
892     	-82.31  
892.4   	-82.32  
892.8   	-82.33  
893.2   	-82.35  
893.6   	-82.37  
894     	-82.39  
894.4   	-82.41  
894.8   	-82.43  
895.2   	-82.45  
895.6   	-82.48  
896     	-82.51  
896.4   	-82.53  
896.8   	-82.56  
897.2   	-82.6   
897.6   	-82.63  
898     	-82.66  
898.4   	-82.7   
898.8   	-82.73  
899.2   	-82.77  
899.6   	-82.8   
900     	-82.83  
900.4   	-82.86  
900.8   	-82.89  
901.2   	-82.91  
901.6   	-82.93  
902     	-82.93  
902.4   	-82.93  
902.8   	-82.91  
903.2   	-82.89  
903.6   	-82.87  
904     	-82.84  
904.4   	-82.81  
904.8   	-82.78  
905.2   	-82.74  
905.6   	-82.71  
906     	-82.67  
906.4   	-82.64  
906.8   	-82.61  
907.2   	-82.57  
907.6   	-82.53  
908     	-82.5   
908.4   	-82.47  
908.8   	-82.44  
909.2   	-82.42  
909.6   	-82.4   
910     	-82.38  
910.4   	-82.37  
910.8   	-82.35  
911.2   	-82.34  
911.6   	-82.33  
912     	-82.33  
912.4   	-82.32  
912.8   	-82.32  
913.2   	-82.32  
913.6   	-82.33  
914     	-82.34  
914.4   	-82.34  
914.8   	-82.34  
915.2   	-82.34  
915.6   	-82.33  
916     	-82.32  
916.4   	-82.31  
916.8   	-82.3   
917.2   	-82.29  
917.6   	-82.26  
918     	-82.23  
918.4   	-82.19  
918.8   	-82.15  
919.2   	-82.1   
919.6   	-82.06  
920     	-82.02  
920.4   	-81.98  
920.8   	-81.94  
921.2   	-81.9   
921.6   	-81.85  
922     	-81.8   
922.4   	-81.75  
922.8   	-81.69  
923.2   	-81.64  
923.6   	-81.57  
924     	-81.51  
924.4   	-81.44  
924.8   	-81.38  
925.2   	-81.31  
925.6   	-81.24  
926     	-81.17  
926.4   	-81.11  
926.8   	-81.04  
927.2   	-80.98  
927.6   	-80.92  
928     	-80.86  
928.4   	-80.81  
928.8   	-80.75  
929.2   	-80.7   
929.6   	-80.65  
930     	-80.6   
930.4   	-80.55  
930.8   	-80.51  
931.2   	-80.46  
931.6   	-80.41  
932     	-80.37  
932.4   	-80.33  
932.8   	-80.29  
933.2   	-80.25  
933.6   	-80.19  
934     	-80.14  
934.4   	-80.08  
934.8   	-80.02  
935.2   	-79.96  
935.6   	-79.9   
936     	-79.84  
936.4   	-79.78  
936.8   	-79.72  
937.2   	-79.67  
937.6   	-79.62  
938     	-79.57  
938.4   	-79.52  
938.8   	-79.48  
939.2   	-79.44  
939.6   	-79.4   
940     	-79.36  
940.4   	-79.32  
940.8   	-79.3   
941.2   	-79.28  
941.6   	-79.26  
942     	-79.24  
942.4   	-79.23  
942.8   	-79.21  
943.2   	-79.21  
943.6   	-79.2   
944     	-79.21  
944.4   	-79.22  
944.8   	-79.24  
945.2   	-79.26  
945.6   	-79.28  
946     	-79.31  
946.4   	-79.34  
946.8   	-79.37  
947.2   	-79.41  
947.6   	-79.45  
948     	-79.5   
948.4   	-79.54  
948.8   	-79.57  
949.2   	-79.6   
949.6   	-79.63  
950     	-79.65  
950.4   	-79.68  
950.8   	-79.7   
951.2   	-79.73  
951.6   	-79.75  
952     	-79.78  
952.4   	-79.8   
952.8   	-79.83  
953.2   	-79.84  
953.6   	-79.84  
954     	-79.84  
954.4   	-79.85  
954.8   	-79.85  
955.2   	-79.86  
955.6   	-79.87  
956     	-79.87  
956.4   	-79.88  
956.8   	-79.88  
957.2   	-79.89  
957.6   	-79.9   
958     	-79.91  
958.4   	-79.92  
958.8   	-79.91  
959.2   	-79.82  
959.6   	-79.41  
960     	-78.16  
960.4   	-73.25  
960.8   	-53.71  
961.2   	31.21   
961.6   	41.31   
962     	27.48   
962.4   	9.958   
962.8   	-7.821  
963.2   	-25.98  
963.6   	-44.73  
964     	-59.73  
964.4   	-68.75  
964.8   	-73.77  
965.2   	-76.58  
965.6   	-78.22  
966     	-79.21  
966.4   	-79.84  
966.8   	-80.26  
967.2   	-80.54  
967.6   	-80.75  
968     	-80.89  
968.4   	-80.99  
968.8   	-81.05  
969.2   	-81.09  
969.6   	-81.12  
970     	-81.13  
970.4   	-81.13  
970.8   	-81.12  
971.2   	-81.01  
971.6   	-80.63  
972     	-79.64  
972.4   	-76.31  
972.8   	-63.52  
973.2   	-12.61  
973.6   	43.33   
974     	32.66   
974.4   	15.86   
974.8   	-2.009  
975.2   	-19.79  
975.6   	-38.65  
976     	-55.39  
976.4   	-66.24  
976.8   	-72.36  
977.2   	-75.76  
977.6   	-77.71  
978     	-78.87  
978.4   	-79.59  
978.8   	-80.06  
979.2   	-80.38  
979.6   	-80.6   
980     	-80.76  
980.4   	-80.88  
980.8   	-80.97  
981.2   	-81.05  
981.6   	-81.11  
982     	-81.16  
982.4   	-81.2   
982.8   	-81.24  
983.2   	-81.27  
983.6   	-81.29  
984     	-81.31  
984.4   	-81.32  
984.8   	-81.32  
985.2   	-81.31  
985.6   	-81.3   
986     	-81.29  
986.4   	-81.27  
986.8   	-81.25  
987.2   	-81.22  
987.6   	-81.18  
988     	-81.12  
988.4   	-81.06  
988.8   	-81     
989.2   	-80.94  
989.6   	-80.88  
990     	-80.82  
990.4   	-80.77  
990.8   	-80.73  
991.2   	-80.7   
991.6   	-80.66  
992     	-80.63  
992.4   	-80.6   
992.8   	-80.57  
993.2   	-80.53  
993.6   	-80.5   
994     	-80.47  
994.4   	-80.45  
994.8   	-80.42  
995.2   	-80.4   
995.6   	-80.38  
996     	-80.37  
996.4   	-80.36  
996.8   	-80.36  
997.2   	-80.36  
997.6   	-80.35  
998     	-80.35  
998.4   	-80.34  
998.8   	-80.33  
999.2   	-80.33  
999.6   	-80.32  
