
SWEPT_VAR_1 = 55.0    // Syn: Source PP \ NetStim \ PARAMETER \ interval (ms)

t	s.v( 0.05 )
ms	mV
0       	-64.65  
0.4     	-65.51  
0.8     	-66.35  
1.2     	-67.15  
1.6     	-67.92  
2       	-68.66  
2.4     	-69.37  
2.8     	-70.05  
3.2     	-70.7   
3.6     	-71.33  
4       	-71.92  
4.4     	-72.49  
4.8     	-73.04  
5.2     	-73.55  
5.6     	-74.04  
6       	-74.5   
6.4     	-74.93  
6.8     	-75.34  
7.2     	-75.72  
7.6     	-76.09  
8       	-76.43  
8.4     	-76.75  
8.8     	-77.04  
9.2     	-77.31  
9.6     	-77.57  
10      	-77.82  
10.4    	-78.04  
10.8    	-78.26  
11.2    	-78.44  
11.6    	-78.6   
12      	-78.75  
12.4    	-78.87  
12.8    	-78.99  
13.2    	-79.1   
13.6    	-79.21  
14      	-79.3   
14.4    	-79.39  
14.8    	-79.46  
15.2    	-79.54  
15.6    	-79.6   
16      	-79.67  
16.4    	-79.74  
16.8    	-79.8   
17.2    	-79.87  
17.6    	-79.94  
18      	-80     
18.4    	-80.07  
18.8    	-80.12  
19.2    	-80.16  
19.6    	-80.2   
20      	-80.22  
20.4    	-80.24  
20.8    	-80.26  
21.2    	-80.27  
21.6    	-80.29  
22      	-80.3   
22.4    	-80.31  
22.8    	-80.32  
23.2    	-80.32  
23.6    	-80.32  
24      	-80.32  
24.4    	-80.31  
24.8    	-80.28  
25.2    	-80.25  
25.6    	-80.21  
26      	-80.17  
26.4    	-80.1   
26.8    	-79.84  
27.2    	-79.06  
27.6    	-76.39  
28      	-65.7   
28.4    	-23.49  
28.8    	43.73   
29.2    	34.36   
29.6    	17.85   
30      	-0.06242
30.4    	-17.8   
30.8    	-36.66  
31.2    	-53.92  
31.6    	-65.41  
32      	-71.91  
32.4    	-75.53  
32.8    	-77.59  
33.2    	-78.81  
33.6    	-79.57  
34      	-80.06  
34.4    	-80.4   
34.8    	-80.64  
35.2    	-80.81  
35.6    	-80.94  
36      	-81.04  
36.4    	-81.11  
36.8    	-81.17  
37.2    	-81.21  
37.6    	-81.25  
38      	-81.27  
38.4    	-81.29  
38.8    	-81.3   
39.2    	-81.3   
39.6    	-81.3   
40      	-81.3   
40.4    	-81.29  
40.8    	-81.27  
41.2    	-81.24  
41.6    	-81.22  
42      	-81.19  
42.4    	-81.17  
42.8    	-81.15  
43.2    	-81.12  
43.6    	-81.1   
44      	-81.08  
44.4    	-81.06  
44.8    	-81.05  
45.2    	-81.03  
45.6    	-81.02  
46      	-81.01  
46.4    	-81     
46.8    	-80.99  
47.2    	-80.91  
47.6    	-80.59  
48      	-79.72  
48.4    	-76.83  
48.8    	-65.66  
49.2    	-22.39  
49.6    	43.7    
50      	34.19   
50.4    	17.66   
50.8    	-0.2492 
51.2    	-17.99  
51.6    	-36.84  
52      	-54.05  
52.4    	-65.48  
52.8    	-71.95  
53.2    	-75.55  
53.6    	-77.6   
54      	-78.83  
54.4    	-79.59  
54.8    	-80.08  
55.2    	-80.42  
55.6    	-80.67  
56      	-80.84  
56.4    	-80.98  
56.8    	-81.08  
57.2    	-81.17  
57.6    	-81.24  
58      	-81.3   
58.4    	-81.34  
58.8    	-81.38  
59.2    	-81.41  
59.6    	-81.43  
60      	-81.43  
60.4    	-81.43  
60.8    	-81.41  
61.2    	-81.39  
61.6    	-81.36  
62      	-81.31  
62.4    	-81.12  
62.8    	-80.55  
63.2    	-79.01  
63.6    	-73.3   
64      	-51.68  
64.4    	34.68   
64.8    	40.71   
65.2    	26.53   
65.6    	8.938   
66      	-8.816  
66.4    	-27.05  
66.8    	-45.71  
67.2    	-60.37  
67.6    	-69.09  
68      	-73.95  
68.4    	-76.69  
68.8    	-78.27  
69.2    	-79.23  
69.6    	-79.84  
70      	-80.25  
70.4    	-80.53  
70.8    	-80.73  
71.2    	-80.88  
71.6    	-80.99  
72      	-81.08  
72.4    	-81.14  
72.8    	-81.18  
73.2    	-81.22  
73.6    	-81.24  
74      	-81.26  
74.4    	-81.26  
74.8    	-81.26  
75.2    	-81.25  
75.6    	-81.24  
76      	-81.21  
76.4    	-81.18  
76.8    	-81.11  
77.2    	-80.86  
77.6    	-80.18  
78      	-78.17  
78.4    	-70.5   
78.8    	-41.77  
79.2    	41.78   
79.6    	38.05   
80      	22.62   
80.4    	4.802   
80.8    	-12.89  
81.2    	-31.44  
81.6    	-49.63  
82      	-62.83  
82.4    	-70.46  
82.8    	-74.71  
83.2    	-77.11  
83.6    	-78.51  
84      	-79.38  
84.4    	-79.93  
84.8    	-80.3   
85.2    	-80.57  
85.6    	-80.76  
86      	-80.9   
86.4    	-81.01  
86.8    	-81.1   
87.2    	-81.17  
87.6    	-81.23  
88      	-81.28  
88.4    	-81.32  
88.8    	-81.35  
89.2    	-81.37  
89.6    	-81.38  
90      	-81.39  
90.4    	-81.39  
90.8    	-81.39  
91.2    	-81.38  
91.6    	-81.38  
92      	-81.37  
92.4    	-81.37  
92.8    	-81.36  
93.2    	-81.35  
93.6    	-81.33  
94      	-81.32  
94.4    	-81.29  
94.8    	-81.27  
95.2    	-81.24  
95.6    	-81.22  
96      	-81.19  
96.4    	-81.17  
96.8    	-81.14  
97.2    	-81.11  
97.6    	-81.08  
98      	-81.05  
98.4    	-81.01  
98.8    	-80.98  
99.2    	-80.94  
99.6    	-80.9   
100     	-80.87  
100.4   	-80.84  
100.8   	-80.78  
101.2   	-80.62  
101.6   	-80.14  
102     	-78.79  
102.4   	-73.73  
102.8   	-54.11  
103.2   	30.48   
103.6   	41.39   
104     	27.65   
104.4   	10.15   
104.8   	-7.627  
105.2   	-25.76  
105.6   	-44.51  
106     	-59.57  
106.4   	-68.64  
106.8   	-73.69  
107.2   	-76.52  
107.6   	-78.16  
108     	-79.15  
108.4   	-79.78  
108.8   	-80.2   
109.2   	-80.48  
109.6   	-80.68  
110     	-80.82  
110.4   	-80.93  
110.8   	-81     
111.2   	-81.05  
111.6   	-81.07  
112     	-81.08  
112.4   	-81.08  
112.8   	-81.07  
113.2   	-81.04  
113.6   	-80.98  
114     	-80.77  
114.4   	-80.19  
114.8   	-78.6   
115.2   	-72.54  
115.6   	-49.56  
116     	37.01   
116.4   	40.05   
116.8   	25.55   
117.2   	7.893   
117.6   	-9.832  
118     	-28.13  
118.4   	-46.69  
118.8   	-60.99  
119.2   	-69.42  
119.6   	-74.12  
120     	-76.75  
120.4   	-78.28  
120.8   	-79.2   
121.2   	-79.79  
121.6   	-80.16  
122     	-80.42  
122.4   	-80.59  
122.8   	-80.7   
123.2   	-80.77  
123.6   	-80.82  
124     	-80.84  
124.4   	-80.85  
124.8   	-80.84  
125.2   	-80.79  
125.6   	-80.56  
126     	-79.92  
126.4   	-78.06  
126.8   	-70.91  
127.2   	-44.05  
127.6   	40.68   
128     	38.48   
128.4   	23.29   
128.8   	5.517   
129.2   	-12.17  
129.6   	-30.67  
130     	-48.95  
130.4   	-62.41  
130.8   	-70.23  
131.2   	-74.59  
131.6   	-77.04  
132     	-78.48  
132.4   	-79.36  
132.8   	-79.93  
133.2   	-80.3   
133.6   	-80.57  
134     	-80.76  
134.4   	-80.9   
134.8   	-81.01  
135.2   	-81.1   
135.6   	-81.17  
136     	-81.21  
136.4   	-81.25  
136.8   	-81.28  
137.2   	-81.3   
137.6   	-81.31  
138     	-81.32  
138.4   	-81.33  
138.8   	-81.33  
139.2   	-81.33  
139.6   	-81.33  
140     	-81.32  
140.4   	-81.31  
140.8   	-81.29  
141.2   	-81.26  
141.6   	-81.23  
142     	-81.2   
142.4   	-81.17  
142.8   	-81.13  
143.2   	-81.02  
143.6   	-80.65  
144     	-79.69  
144.4   	-76.47  
144.8   	-64.02  
145.2   	-14.55  
145.6   	43.55   
146     	33.05   
146.4   	16.29   
146.8   	-1.6    
147.2   	-19.37  
147.6   	-38.23  
148     	-55.09  
148.4   	-66.07  
148.8   	-72.27  
149.2   	-75.72  
149.6   	-77.69  
150     	-78.87  
150.4   	-79.59  
150.8   	-80.06  
151.2   	-80.37  
151.6   	-80.58  
152     	-80.72  
152.4   	-80.83  
152.8   	-80.9   
153.2   	-80.94  
153.6   	-80.96  
154     	-80.96  
154.4   	-80.95  
154.8   	-80.94  
155.2   	-80.9   
155.6   	-80.86  
156     	-80.82  
156.4   	-80.77  
156.8   	-80.71  
157.2   	-80.63  
157.6   	-80.41  
158     	-79.78  
158.4   	-77.92  
158.8   	-70.62  
159.2   	-42.88  
159.6   	41.39   
160     	38.31   
160.4   	22.98   
160.8   	5.174   
161.2   	-12.52  
161.6   	-31.04  
162     	-49.28  
162.4   	-62.61  
162.8   	-70.34  
163.2   	-74.63  
163.6   	-77.04  
164     	-78.46  
164.4   	-79.32  
164.8   	-79.86  
165.2   	-80.22  
165.6   	-80.46  
166     	-80.62  
166.4   	-80.72  
166.8   	-80.77  
167.2   	-80.78  
167.6   	-80.77  
168     	-80.73  
168.4   	-80.67  
168.8   	-80.6   
169.2   	-80.51  
169.6   	-80.4   
170     	-80.13  
170.4   	-79.44  
170.8   	-77.3   
171.2   	-68.83  
171.6   	-36.57  
172     	42.78   
172.4   	36.72   
172.8   	20.87   
173.2   	3.008   
173.6   	-14.67  
174     	-33.33  
174.4   	-51.21  
174.8   	-63.77  
175.2   	-70.97  
175.6   	-74.97  
176     	-77.23  
176.4   	-78.55  
176.8   	-79.36  
177.2   	-79.87  
177.6   	-80.21  
178     	-80.44  
178.4   	-80.59  
178.8   	-80.7   
179.2   	-80.78  
179.6   	-80.83  
180     	-80.86  
180.4   	-80.88  
180.8   	-80.88  
181.2   	-80.87  
181.6   	-80.84  
182     	-80.8   
182.4   	-80.64  
182.8   	-80.16  
183.2   	-78.84  
183.6   	-73.95  
184     	-55.06  
184.4   	27.76   
184.8   	41.53   
185.2   	28.03   
185.6   	10.59   
186     	-7.188  
186.4   	-25.28  
186.8   	-44.04  
187.2   	-59.24  
187.6   	-68.45  
188     	-73.59  
188.4   	-76.46  
188.8   	-78.13  
189.2   	-79.13  
189.6   	-79.77  
190     	-80.19  
190.4   	-80.48  
190.8   	-80.68  
191.2   	-80.83  
191.6   	-80.93  
192     	-80.99  
192.4   	-81.02  
192.8   	-81.03  
193.2   	-81.03  
193.6   	-81.01  
194     	-80.98  
194.4   	-80.95  
194.8   	-80.91  
195.2   	-80.86  
195.6   	-80.81  
196     	-80.74  
196.4   	-80.59  
196.8   	-80.15  
197.2   	-78.92  
197.6   	-74.38  
198     	-56.69  
198.4   	22.82   
198.8   	42.01   
199.2   	28.86   
199.6   	11.49   
200     	-6.301  
200.4   	-24.32  
200.8   	-43.12  
201.2   	-58.61  
201.6   	-68.09  
202     	-73.39  
202.4   	-76.35  
202.8   	-78.06  
203.2   	-79.1   
203.6   	-79.75  
204     	-80.17  
204.4   	-80.46  
204.8   	-80.66  
205.2   	-80.79  
205.6   	-80.89  
206     	-80.95  
206.4   	-81     
206.8   	-81.03  
207.2   	-81.05  
207.6   	-81.06  
208     	-81.05  
208.4   	-81.03  
208.8   	-81.01  
209.2   	-80.99  
209.6   	-80.96  
210     	-80.92  
210.4   	-80.88  
210.8   	-80.84  
211.2   	-80.8   
211.6   	-80.76  
212     	-80.73  
212.4   	-80.7   
212.8   	-80.68  
213.2   	-80.66  
213.6   	-80.64  
214     	-80.61  
214.4   	-80.6   
214.8   	-80.58  
215.2   	-80.57  
215.6   	-80.56  
216     	-80.54  
216.4   	-80.54  
216.8   	-80.53  
217.2   	-80.51  
217.6   	-80.49  
218     	-80.46  
218.4   	-80.43  
218.8   	-80.4   
219.2   	-80.36  
219.6   	-80.33  
220     	-80.29  
220.4   	-80.25  
220.8   	-80.2   
221.2   	-80.16  
221.6   	-80.1   
222     	-79.95  
222.4   	-79.48  
222.8   	-78.07  
223.2   	-72.47  
223.6   	-50.47  
224     	36.23   
224.4   	40.42   
224.8   	26.02   
225.2   	8.374   
225.6   	-9.371  
226     	-27.65  
226.4   	-46.28  
226.8   	-60.75  
227.2   	-69.31  
227.6   	-74.08  
228     	-76.75  
228.4   	-78.3   
228.8   	-79.25  
229.2   	-79.85  
229.6   	-80.25  
230     	-80.53  
230.4   	-80.73  
230.8   	-80.87  
231.2   	-80.99  
231.6   	-81.07  
232     	-81.14  
232.4   	-81.19  
232.8   	-81.23  
233.2   	-81.26  
233.6   	-81.29  
234     	-81.31  
234.4   	-81.33  
234.8   	-81.34  
235.2   	-81.36  
235.6   	-81.37  
236     	-81.38  
236.4   	-81.37  
236.8   	-81.36  
237.2   	-81.33  
237.6   	-81.24  
238     	-80.93  
238.4   	-80.11  
238.8   	-77.55  
239.2   	-67.79  
239.6   	-31.11  
240     	43.42   
240.4   	35.67   
240.8   	19.5    
241.2   	1.614   
241.6   	-16.08  
242     	-34.82  
242.4   	-52.42  
242.8   	-64.5   
243.2   	-71.39  
243.6   	-75.22  
244     	-77.39  
244.4   	-78.67  
244.8   	-79.45  
245.2   	-79.96  
245.6   	-80.29  
246     	-80.52  
246.4   	-80.69  
246.8   	-80.81  
247.2   	-80.9   
247.6   	-80.97  
248     	-81.02  
248.4   	-81.06  
248.8   	-81.09  
249.2   	-81.1   
249.6   	-81.11  
250     	-81.12  
250.4   	-81.12  
250.8   	-81.1   
251.2   	-81.08  
251.6   	-81.05  
252     	-81.01  
252.4   	-80.97  
252.8   	-80.94  
253.2   	-80.9   
253.6   	-80.87  
254     	-80.84  
254.4   	-80.82  
254.8   	-80.8   
255.2   	-80.78  
255.6   	-80.76  
256     	-80.74  
256.4   	-80.72  
256.8   	-80.69  
257.2   	-80.67  
257.6   	-80.64  
258     	-80.6   
258.4   	-80.56  
258.8   	-80.52  
259.2   	-80.47  
259.6   	-80.42  
260     	-80.37  
260.4   	-80.31  
260.8   	-80.25  
261.2   	-80.19  
261.6   	-80.13  
262     	-80.08  
262.4   	-80.02  
262.8   	-79.97  
263.2   	-79.91  
263.6   	-79.71  
264     	-79.11  
264.4   	-77.16  
264.8   	-69.28  
265.2   	-38.65  
265.6   	42.64   
266     	37.33   
266.4   	21.61   
266.8   	3.744   
267.2   	-13.94  
267.6   	-32.57  
268     	-50.6   
268.4   	-63.43  
268.8   	-70.8   
269.2   	-74.89  
269.6   	-77.19  
270     	-78.54  
270.4   	-79.36  
270.8   	-79.88  
271.2   	-80.22  
271.6   	-80.45  
272     	-80.61  
272.4   	-80.72  
272.8   	-80.8   
273.2   	-80.85  
273.6   	-80.9   
274     	-80.92  
274.4   	-80.94  
274.8   	-80.96  
275.2   	-80.96  
275.6   	-80.96  
276     	-80.95  
276.4   	-80.93  
276.8   	-80.9   
277.2   	-80.86  
277.6   	-80.81  
278     	-80.76  
278.4   	-80.71  
278.8   	-80.66  
279.2   	-80.6   
279.6   	-80.53  
280     	-80.33  
280.4   	-79.75  
280.8   	-78.05  
281.2   	-71.4   
281.6   	-45.86  
282     	40      
282.4   	39.1    
282.8   	24.06   
283.2   	6.311   
283.6   	-11.38  
284     	-29.8   
284.4   	-48.18  
284.8   	-61.93  
285.2   	-69.95  
285.6   	-74.41  
286     	-76.92  
286.4   	-78.38  
286.8   	-79.26  
287.2   	-79.82  
287.6   	-80.19  
288     	-80.43  
288.4   	-80.59  
288.8   	-80.7   
289.2   	-80.78  
289.6   	-80.83  
290     	-80.86  
290.4   	-80.88  
290.8   	-80.89  
291.2   	-80.9   
291.6   	-80.9   
292     	-80.9   
292.4   	-80.9   
292.8   	-80.89  
293.2   	-80.87  
293.6   	-80.84  
294     	-80.82  
294.4   	-80.79  
294.8   	-80.76  
295.2   	-80.73  
295.6   	-80.71  
296     	-80.68  
296.4   	-80.65  
296.8   	-80.62  
297.2   	-80.58  
297.6   	-80.49  
298     	-80.18  
298.4   	-79.33  
298.8   	-76.42  
299.2   	-64.96  
299.6   	-19.65  
300     	43.68   
300.4   	33.77   
300.8   	17.14   
301.2   	-0.7697 
301.6   	-18.52  
302     	-37.39  
302.4   	-54.47  
302.8   	-65.72  
303.2   	-72.07  
303.6   	-75.6   
304     	-77.6   
304.4   	-78.79  
304.8   	-79.52  
305.2   	-79.98  
305.6   	-80.29  
306     	-80.5   
306.4   	-80.65  
306.8   	-80.75  
307.2   	-80.83  
307.6   	-80.88  
308     	-80.92  
308.4   	-80.94  
308.8   	-80.96  
309.2   	-80.96  
309.6   	-80.96  
310     	-80.95  
310.4   	-80.94  
310.8   	-80.94  
311.2   	-80.93  
311.6   	-80.91  
312     	-80.9   
312.4   	-80.89  
312.8   	-80.88  
313.2   	-80.88  
313.6   	-80.87  
314     	-80.87  
314.4   	-80.88  
314.8   	-80.89  
315.2   	-80.9   
315.6   	-80.92  
316     	-80.93  
316.4   	-80.95  
316.8   	-80.97  
317.2   	-80.99  
317.6   	-81     
318     	-81.02  
318.4   	-81.03  
318.8   	-81.04  
319.2   	-81.04  
319.6   	-81.04  
320     	-81.04  
320.4   	-81.04  
320.8   	-81.04  
321.2   	-81.04  
321.6   	-81.03  
322     	-81.03  
322.4   	-81.03  
322.8   	-81.04  
323.2   	-81.04  
323.6   	-81.05  
324     	-81.05  
324.4   	-81.05  
324.8   	-81.06  
325.2   	-81.06  
325.6   	-81.06  
326     	-81.06  
326.4   	-81.06  
326.8   	-81.04  
327.2   	-81     
327.6   	-80.96  
328     	-80.9   
328.4   	-80.83  
328.8   	-80.76  
329.2   	-80.7   
329.6   	-80.64  
330     	-80.56  
330.4   	-80.36  
330.8   	-79.78  
331.2   	-78.06  
331.6   	-71.3   
332     	-45.42  
332.4   	40.28   
332.8   	39      
333.2   	23.92   
333.6   	6.153   
334     	-11.54  
334.4   	-29.97  
334.8   	-48.33  
335.2   	-62.02  
335.6   	-70     
336     	-74.44  
336.4   	-76.94  
336.8   	-78.39  
337.2   	-79.25  
337.6   	-79.78  
338     	-80.12  
338.4   	-80.34  
338.8   	-80.48  
339.2   	-80.57  
339.6   	-80.62  
340     	-80.66  
340.4   	-80.67  
340.8   	-80.67  
341.2   	-80.65  
341.6   	-80.62  
342     	-80.58  
342.4   	-80.41  
342.8   	-79.92  
343.2   	-78.55  
343.6   	-73.33  
344     	-53.15  
344.4   	31.97   
344.8   	41.01   
345.2   	27.13   
345.6   	9.606   
346     	-8.158  
346.4   	-26.33  
346.8   	-45.03  
347.2   	-59.9   
347.6   	-68.81  
348     	-73.77  
348.4   	-76.55  
348.8   	-78.15  
349.2   	-79.1   
349.6   	-79.69  
350     	-80.07  
350.4   	-80.32  
350.8   	-80.49  
351.2   	-80.6   
351.6   	-80.66  
352     	-80.69  
352.4   	-80.71  
352.8   	-80.7   
353.2   	-80.67  
353.6   	-80.63  
354     	-80.56  
354.4   	-80.38  
354.8   	-79.84  
355.2   	-78.3   
355.6   	-72.34  
356     	-49.53  
356.4   	36.92   
356.8   	40      
357.2   	25.5    
357.6   	7.849   
358     	-9.878  
358.4   	-28.19  
358.8   	-46.75  
359.2   	-61.03  
359.6   	-69.46  
360     	-74.15  
360.4   	-76.78  
360.8   	-78.3   
361.2   	-79.21  
361.6   	-79.77  
362     	-80.14  
362.4   	-80.38  
362.8   	-80.54  
363.2   	-80.65  
363.6   	-80.72  
364     	-80.77  
364.4   	-80.79  
364.8   	-80.8   
365.2   	-80.81  
365.6   	-80.8   
366     	-80.79  
366.4   	-80.76  
366.8   	-80.7   
367.2   	-80.55  
367.6   	-80.1   
368     	-78.88  
368.4   	-74.42  
368.8   	-57.01  
369.2   	21.42   
369.6   	42.07   
370     	29.02   
370.4   	11.68   
370.8   	-6.124  
371.2   	-24.13  
371.6   	-42.95  
372     	-58.49  
372.4   	-68.02  
372.8   	-73.34  
373.2   	-76.31  
373.6   	-78.02  
374     	-79.05  
374.4   	-79.69  
374.8   	-80.11  
375.2   	-80.4   
375.6   	-80.59  
376     	-80.72  
376.4   	-80.8   
376.8   	-80.85  
377.2   	-80.87  
377.6   	-80.89  
378     	-80.89  
378.4   	-80.88  
378.8   	-80.86  
379.2   	-80.82  
379.6   	-80.76  
380     	-80.7   
380.4   	-80.64  
380.8   	-80.58  
381.2   	-80.51  
381.6   	-80.44  
382     	-80.31  
382.4   	-79.95  
382.8   	-78.97  
383.2   	-75.45  
383.6   	-61.42  
384     	-1.068  
384.4   	43.17   
384.8   	31.52   
385.2   	14.5    
385.6   	-3.373  
386     	-21.23  
386.4   	-40.13  
386.8   	-56.51  
387.2   	-66.9   
387.6   	-72.72  
388     	-75.96  
388.4   	-77.81  
388.8   	-78.9   
389.2   	-79.58  
389.6   	-80.01  
390     	-80.3   
390.4   	-80.49  
390.8   	-80.62  
391.2   	-80.71  
391.6   	-80.77  
392     	-80.8   
392.4   	-80.81  
392.8   	-80.8   
393.2   	-80.78  
393.6   	-80.75  
394     	-80.71  
394.4   	-80.66  
394.8   	-80.61  
395.2   	-80.56  
395.6   	-80.51  
396     	-80.45  
396.4   	-80.38  
396.8   	-80.31  
397.2   	-80.23  
397.6   	-80.11  
398     	-79.78  
398.4   	-78.86  
398.8   	-75.51  
399.2   	-62.1   
399.6   	-5.117  
400     	43.3    
400.4   	31.93   
400.8   	14.97   
401.2   	-2.901  
401.6   	-20.73  
402     	-39.62  
402.4   	-56.12  
402.8   	-66.66  
403.2   	-72.58  
403.6   	-75.87  
404     	-77.76  
404.4   	-78.87  
404.8   	-79.57  
405.2   	-80.02  
405.6   	-80.31  
406     	-80.52  
406.4   	-80.66  
406.8   	-80.75  
407.2   	-80.81  
407.6   	-80.85  
408     	-80.87  
408.4   	-80.86  
408.8   	-80.83  
409.2   	-80.78  
409.6   	-80.72  
410     	-80.64  
410.4   	-80.56  
410.8   	-80.48  
411.2   	-80.4   
411.6   	-80.31  
412     	-80.2   
412.4   	-79.93  
412.8   	-79.18  
413.2   	-76.71  
413.6   	-66.85  
414     	-28.53  
414.4   	43.56   
414.8   	35.17   
415.2   	18.86   
415.6   	0.9613  
416     	-16.75  
416.4   	-35.55  
416.8   	-53.03  
417.2   	-64.87  
417.6   	-71.6   
418     	-75.34  
418.4   	-77.46  
418.8   	-78.71  
419.2   	-79.48  
419.6   	-79.98  
420     	-80.31  
420.4   	-80.53  
420.8   	-80.68  
421.2   	-80.78  
421.6   	-80.85  
422     	-80.9   
422.4   	-80.93  
422.8   	-80.94  
423.2   	-80.95  
423.6   	-80.94  
424     	-80.92  
424.4   	-80.88  
424.8   	-80.84  
425.2   	-80.79  
425.6   	-80.74  
426     	-80.7   
426.4   	-80.65  
426.8   	-80.6   
427.2   	-80.54  
427.6   	-80.49  
428     	-80.44  
428.4   	-80.39  
428.8   	-80.35  
429.2   	-80.3   
429.6   	-80.25  
430     	-80.21  
430.4   	-80.16  
430.8   	-80.12  
431.2   	-80.08  
431.6   	-80.05  
432     	-80.01  
432.4   	-79.98  
432.8   	-79.95  
433.2   	-79.92  
433.6   	-79.9   
434     	-79.89  
434.4   	-79.88  
434.8   	-79.86  
435.2   	-79.84  
435.6   	-79.82  
436     	-79.78  
436.4   	-79.73  
436.8   	-79.67  
437.2   	-79.6   
437.6   	-79.53  
438     	-79.38  
438.4   	-78.9   
438.8   	-77.4   
439.2   	-71.25  
439.6   	-46.79  
440     	39.42   
440.4   	39.36   
440.8   	24.42   
441.2   	6.674   
441.6   	-11.02  
442     	-29.41  
442.4   	-47.84  
442.8   	-61.72  
443.2   	-69.85  
443.6   	-74.36  
444     	-76.89  
444.4   	-78.36  
444.8   	-79.25  
445.2   	-79.81  
445.6   	-80.17  
446     	-80.41  
446.4   	-80.57  
446.8   	-80.69  
447.2   	-80.76  
447.6   	-80.81  
448     	-80.83  
448.4   	-80.83  
448.8   	-80.82  
449.2   	-80.79  
449.6   	-80.77  
450     	-80.74  
450.4   	-80.7   
450.8   	-80.66  
451.2   	-80.61  
451.6   	-80.56  
452     	-80.51  
452.4   	-80.47  
452.8   	-80.42  
453.2   	-80.39  
453.6   	-80.35  
454     	-80.33  
454.4   	-80.31  
454.8   	-80.29  
455.2   	-80.27  
455.6   	-80.26  
456     	-80.25  
456.4   	-80.25  
456.8   	-80.25  
457.2   	-80.26  
457.6   	-80.27  
458     	-80.28  
458.4   	-80.3   
458.8   	-80.32  
459.2   	-80.33  
459.6   	-80.35  
460     	-80.37  
460.4   	-80.39  
460.8   	-80.41  
461.2   	-80.43  
461.6   	-80.44  
462     	-80.46  
462.4   	-80.47  
462.8   	-80.48  
463.2   	-80.48  
463.6   	-80.47  
464     	-80.47  
464.4   	-80.46  
464.8   	-80.44  
465.2   	-80.37  
465.6   	-80.03  
466     	-79.08  
466.4   	-75.67  
466.8   	-62.16  
467.2   	-5.086  
467.6   	43.33   
468     	31.96   
468.4   	15      
468.8   	-2.88   
469.2   	-20.71  
469.6   	-39.61  
470     	-56.13  
470.4   	-66.68  
470.8   	-72.61  
471.2   	-75.92  
471.6   	-77.82  
472     	-78.95  
472.4   	-79.66  
472.8   	-80.13  
473.2   	-80.45  
473.6   	-80.67  
474     	-80.84  
474.4   	-80.96  
474.8   	-81.05  
475.2   	-81.13  
475.6   	-81.19  
476     	-81.23  
476.4   	-81.26  
476.8   	-81.28  
477.2   	-81.27  
477.6   	-81.23  
478     	-80.99  
478.4   	-80.33  
478.8   	-78.46  
479.2   	-71.39  
479.6   	-45.06  
480     	40.3    
480.4   	38.8    
480.8   	23.72   
481.2   	5.958   
481.6   	-11.73  
482     	-30.19  
482.4   	-48.52  
482.8   	-62.14  
483.2   	-70.08  
483.6   	-74.51  
484     	-77     
484.4   	-78.46  
484.8   	-79.36  
485.2   	-79.93  
485.6   	-80.32  
486     	-80.59  
486.4   	-80.79  
486.8   	-80.94  
487.2   	-81.05  
487.6   	-81.14  
488     	-81.2   
488.4   	-81.25  
488.8   	-81.29  
489.2   	-81.32  
489.6   	-81.35  
490     	-81.36  
490.4   	-81.36  
490.8   	-81.36  
491.2   	-81.34  
491.6   	-81.3   
492     	-81.12  
492.4   	-80.57  
492.8   	-79.1   
493.2   	-73.69  
493.6   	-53.17  
494     	32.27   
494.4   	41.09   
494.8   	27.19   
495.2   	9.652   
495.6   	-8.114  
496     	-26.29  
496.4   	-45     
496.8   	-59.89  
497.2   	-68.82  
497.6   	-73.8   
498     	-76.59  
498.4   	-78.21  
498.8   	-79.19  
499.2   	-79.81  
499.6   	-80.22  
500     	-80.5   
500.4   	-80.7   
500.8   	-80.85  
501.2   	-80.96  
501.6   	-81.04  
502     	-81.1   
502.4   	-81.15  
502.8   	-81.17  
503.2   	-81.19  
503.6   	-81.19  
504     	-81.17  
504.4   	-81.03  
504.8   	-80.57  
505.2   	-79.38  
505.6   	-75.19  
506     	-59.08  
506.4   	12.19   
506.8   	42.57   
507.2   	30.13   
507.6   	12.93   
508     	-4.916  
508.4   	-22.87  
508.8   	-41.75  
509.2   	-57.67  
509.6   	-67.56  
510     	-73.1   
510.4   	-76.19  
510.8   	-77.97  
511.2   	-79.04  
511.6   	-79.71  
512     	-80.16  
512.4   	-80.46  
512.8   	-80.67  
513.2   	-80.81  
513.6   	-80.9   
514     	-80.97  
514.4   	-81.02  
514.8   	-81.05  
515.2   	-81.08  
515.6   	-81.1   
516     	-81.12  
516.4   	-81.12  
516.8   	-81.13  
517.2   	-81.13  
517.6   	-81.12  
518     	-81.09  
518.4   	-81.03  
518.8   	-80.87  
519.2   	-80.42  
519.6   	-79.26  
520     	-75.17  
520.4   	-59.26  
520.8   	11.54   
521.2   	42.69   
521.6   	30.27   
522     	13.07   
522.4   	-4.776  
522.8   	-22.72  
523.2   	-41.6   
523.6   	-57.57  
524     	-67.5   
524.4   	-73.06  
524.8   	-76.17  
525.2   	-77.96  
525.6   	-79.03  
526     	-79.7   
526.4   	-80.15  
526.8   	-80.46  
527.2   	-80.67  
527.6   	-80.83  
528     	-80.95  
528.4   	-81.04  
528.8   	-81.11  
529.2   	-81.17  
529.6   	-81.22  
530     	-81.27  
530.4   	-81.31  
530.8   	-81.34  
531.2   	-81.36  
531.6   	-81.36  
532     	-81.36  
532.4   	-81.36  
532.8   	-81.35  
533.2   	-81.33  
533.6   	-81.32  
534     	-81.3   
534.4   	-81.28  
534.8   	-81.26  
535.2   	-81.22  
535.6   	-81.16  
536     	-81.1   
536.4   	-81.03  
536.8   	-80.96  
537.2   	-80.9   
537.6   	-80.85  
538     	-80.79  
538.4   	-80.74  
538.8   	-80.69  
539.2   	-80.64  
539.6   	-80.59  
540     	-80.51  
540.4   	-80.29  
540.8   	-79.65  
541.2   	-77.72  
541.6   	-70.1   
542     	-41.01  
542.4   	42.07   
542.8   	37.9    
543.2   	22.38   
543.6   	4.548   
544     	-13.14  
544.4   	-31.72  
544.8   	-49.88  
545.2   	-62.99  
545.6   	-70.56  
546     	-74.76  
546.4   	-77.14  
546.8   	-78.54  
547.2   	-79.39  
547.6   	-79.95  
548     	-80.32  
548.4   	-80.57  
548.8   	-80.75  
549.2   	-80.89  
549.6   	-80.99  
550     	-81.07  
550.4   	-81.14  
550.8   	-81.19  
551.2   	-81.24  
551.6   	-81.27  
552     	-81.3   
552.4   	-81.32  
552.8   	-81.34  
553.2   	-81.36  
553.6   	-81.37  
554     	-81.38  
554.4   	-81.38  
554.8   	-81.39  
555.2   	-81.39  
555.6   	-81.4   
556     	-81.4   
556.4   	-81.41  
556.8   	-81.41  
557.2   	-81.41  
557.6   	-81.39  
558     	-81.37  
558.4   	-81.34  
558.8   	-81.31  
559.2   	-81.28  
559.6   	-81.25  
560     	-81.23  
560.4   	-81.2   
560.8   	-81.17  
561.2   	-81.13  
561.6   	-81.09  
562     	-81.03  
562.4   	-80.95  
562.8   	-80.87  
563.2   	-80.8   
563.6   	-80.72  
564     	-80.65  
564.4   	-80.57  
564.8   	-80.42  
565.2   	-80.01  
565.6   	-78.87  
566     	-74.67  
566.4   	-58.09  
566.8   	17.32   
567.2   	42.46   
567.6   	29.66   
568     	12.38   
568.4   	-5.453  
568.8   	-23.43  
569.2   	-42.29  
569.6   	-58.05  
570     	-67.78  
570.4   	-73.21  
570.8   	-76.25  
571.2   	-78     
571.6   	-79.05  
572     	-79.71  
572.4   	-80.14  
572.8   	-80.44  
573.2   	-80.65  
573.6   	-80.8   
574     	-80.92  
574.4   	-81     
574.8   	-81.07  
575.2   	-81.12  
575.6   	-81.15  
576     	-81.16  
576.4   	-81.16  
576.8   	-81.16  
577.2   	-81.15  
577.6   	-81.13  
578     	-81.12  
578.4   	-81.1   
578.8   	-81.07  
579.2   	-81.04  
579.6   	-81     
580     	-80.97  
580.4   	-80.93  
580.8   	-80.89  
581.2   	-80.85  
581.6   	-80.81  
582     	-80.78  
582.4   	-80.74  
582.8   	-80.7   
583.2   	-80.65  
583.6   	-80.6   
584     	-80.55  
584.4   	-80.51  
584.8   	-80.47  
585.2   	-80.43  
585.6   	-80.4   
586     	-80.36  
586.4   	-80.33  
586.8   	-80.3   
587.2   	-80.28  
587.6   	-80.25  
588     	-80.23  
588.4   	-80.2   
588.8   	-80.18  
589.2   	-80.16  
589.6   	-80.14  
590     	-80.1   
590.4   	-80.06  
590.8   	-80.02  
591.2   	-79.96  
591.6   	-79.91  
592     	-79.85  
592.4   	-79.76  
592.8   	-79.5   
593.2   	-78.73  
593.6   	-76.02  
594     	-64.96  
594.4   	-20.46  
594.8   	43.72   
595.2   	33.89   
595.6   	17.27   
596     	-0.6384 
596.4   	-18.39  
596.8   	-37.25  
597.2   	-54.37  
597.6   	-65.66  
598     	-72.03  
598.4   	-75.57  
598.8   	-77.59  
599.2   	-78.78  
599.6   	-79.51  
600     	-79.97  
600.4   	-80.28  
600.8   	-80.49  
601.2   	-80.63  
601.6   	-80.72  
602     	-80.78  
602.4   	-80.81  
602.8   	-80.82  
603.2   	-80.82  
603.6   	-80.8   
604     	-80.75  
604.4   	-80.53  
604.8   	-79.92  
605.2   	-78.16  
605.6   	-71.38  
606     	-45.78  
606.4   	39.78   
606.8   	38.93   
607.2   	23.93   
607.6   	6.193   
608     	-11.49  
608.4   	-29.92  
608.8   	-48.27  
609.2   	-61.97  
609.6   	-69.97  
610     	-74.41  
610.4   	-76.91  
610.8   	-78.36  
611.2   	-79.24  
611.6   	-79.79  
612     	-80.15  
612.4   	-80.37  
612.8   	-80.51  
613.2   	-80.59  
613.6   	-80.62  
614     	-80.63  
614.4   	-80.58  
614.8   	-80.34  
615.2   	-79.73  
615.6   	-78     
616     	-71.31  
616.4   	-46.18  
616.8   	39.2    
617.2   	38.88   
617.6   	23.96   
618     	6.243   
618.4   	-11.43  
618.8   	-29.84  
619.2   	-48.17  
619.6   	-61.88  
620     	-69.9   
620.4   	-74.36  
620.8   	-76.86  
621.2   	-78.32  
621.6   	-79.19  
622     	-79.75  
622.4   	-80.11  
622.8   	-80.35  
623.2   	-80.51  
623.6   	-80.63  
624     	-80.71  
624.4   	-80.77  
624.8   	-80.81  
625.2   	-80.83  
625.6   	-80.83  
626     	-80.82  
626.4   	-80.81  
626.8   	-80.79  
627.2   	-80.76  
627.6   	-80.73  
628     	-80.69  
628.4   	-80.65  
628.8   	-80.6   
629.2   	-80.56  
629.6   	-80.52  
630     	-80.48  
630.4   	-80.44  
630.8   	-80.4   
631.2   	-80.36  
631.6   	-80.31  
632     	-80.26  
632.4   	-80.21  
632.8   	-80.16  
633.2   	-80.1   
633.6   	-79.98  
634     	-79.59  
634.4   	-78.46  
634.8   	-74.16  
635.2   	-56.92  
635.6   	21.94   
636     	42.15   
636.4   	29.04   
636.8   	11.68   
637.2   	-6.128  
637.6   	-24.14  
638     	-42.96  
638.4   	-58.52  
638.8   	-68.04  
639.2   	-73.36  
639.6   	-76.33  
640     	-78.03  
640.4   	-79.05  
640.8   	-79.68  
641.2   	-80.09  
641.6   	-80.36  
642     	-80.55  
642.4   	-80.68  
642.8   	-80.78  
643.2   	-80.85  
643.6   	-80.9   
644     	-80.93  
644.4   	-80.96  
644.8   	-80.98  
645.2   	-81     
645.6   	-81.01  
646     	-81.02  
646.4   	-81.02  
646.8   	-81.03  
647.2   	-81.04  
647.6   	-81.04  
648     	-81.05  
648.4   	-81.06  
648.8   	-81.07  
649.2   	-81.08  
649.6   	-81.1   
650     	-81.12  
650.4   	-81.13  
650.8   	-81.15  
651.2   	-81.17  
651.6   	-81.18  
652     	-81.2   
652.4   	-81.21  
652.8   	-81.21  
653.2   	-81.21  
653.6   	-81.2   
654     	-81.2   
654.4   	-81.2   
654.8   	-81.21  
655.2   	-81.21  
655.6   	-81.22  
656     	-81.23  
656.4   	-81.25  
656.8   	-81.27  
657.2   	-81.29  
657.6   	-81.32  
658     	-81.34  
658.4   	-81.36  
658.8   	-81.37  
659.2   	-81.38  
659.6   	-81.4   
660     	-81.41  
660.4   	-81.43  
660.8   	-81.44  
661.2   	-81.46  
661.6   	-81.47  
662     	-81.48  
662.4   	-81.49  
662.8   	-81.5   
663.2   	-81.51  
663.6   	-81.51  
664     	-81.51  
664.4   	-81.5   
664.8   	-81.48  
665.2   	-81.46  
665.6   	-81.43  
666     	-81.39  
666.4   	-81.34  
666.8   	-81.3   
667.2   	-81.25  
667.6   	-81.22  
668     	-81.18  
668.4   	-81.15  
668.8   	-81.13  
669.2   	-81.11  
669.6   	-81.09  
670     	-81.08  
670.4   	-81.07  
670.8   	-81.05  
671.2   	-81.04  
671.6   	-81.02  
672     	-81     
672.4   	-80.94  
672.8   	-80.65  
673.2   	-79.86  
673.6   	-77.35  
674     	-67.65  
674.4   	-30.85  
674.8   	43.47   
675.2   	35.64   
675.6   	19.45   
676     	1.557   
676.4   	-16.14  
676.8   	-34.89  
677.2   	-52.49  
677.6   	-64.55  
678     	-71.42  
678.4   	-75.25  
678.8   	-77.42  
679.2   	-78.71  
679.6   	-79.51  
680     	-80.02  
680.4   	-80.37  
680.8   	-80.61  
681.2   	-80.78  
681.6   	-80.91  
682     	-81     
682.4   	-81.06  
682.8   	-81.09  
683.2   	-81.11  
683.6   	-81.11  
684     	-81.09  
684.4   	-81.06  
684.8   	-81.02  
685.2   	-80.97  
685.6   	-80.91  
686     	-80.84  
686.4   	-80.73  
686.8   	-80.45  
687.2   	-79.74  
687.6   	-77.57  
688     	-69.09  
688.4   	-36.97  
688.8   	42.81   
689.2   	36.88   
689.6   	21.06   
690     	3.197   
690.4   	-14.48  
690.8   	-33.13  
691.2   	-51.04  
691.6   	-63.67  
692     	-70.91  
692.4   	-74.93  
692.8   	-77.2   
693.2   	-78.51  
693.6   	-79.3   
694     	-79.79  
694.4   	-80.11  
694.8   	-80.32  
695.2   	-80.45  
695.6   	-80.54  
696     	-80.6   
696.4   	-80.64  
696.8   	-80.65  
697.2   	-80.65  
697.6   	-80.64  
698     	-80.62  
698.4   	-80.59  
698.8   	-80.56  
699.2   	-80.53  
699.6   	-80.48  
700     	-80.44  
700.4   	-80.39  
700.8   	-80.34  
701.2   	-80.29  
701.6   	-80.24  
702     	-80.19  
702.4   	-80.14  
702.8   	-80.09  
703.2   	-80.05  
703.6   	-80     
704     	-79.95  
704.4   	-79.9   
704.8   	-79.85  
705.2   	-79.81  
705.6   	-79.77  
706     	-79.73  
706.4   	-79.7   
706.8   	-79.67  
707.2   	-79.61  
707.6   	-79.36  
708     	-78.61  
708.4   	-75.92  
708.8   	-64.91  
709.2   	-20.4   
709.6   	43.72   
710     	33.88   
710.4   	17.26   
710.8   	-0.6585 
711.2   	-18.41  
711.6   	-37.29  
712     	-54.41  
712.4   	-65.69  
712.8   	-72.06  
713.2   	-75.6   
713.6   	-77.62  
714     	-78.81  
714.4   	-79.56  
714.8   	-80.04  
715.2   	-80.37  
715.6   	-80.6   
716     	-80.76  
716.4   	-80.88  
716.8   	-80.97  
717.2   	-81.04  
717.6   	-81.1   
718     	-81.14  
718.4   	-81.18  
718.8   	-81.21  
719.2   	-81.23  
719.6   	-81.24  
720     	-81.25  
720.4   	-81.26  
720.8   	-81.27  
721.2   	-81.28  
721.6   	-81.28  
722     	-81.28  
722.4   	-81.27  
722.8   	-81.26  
723.2   	-81.24  
723.6   	-81.22  
724     	-81.19  
724.4   	-81.15  
724.8   	-81.08  
725.2   	-80.9   
725.6   	-80.37  
726     	-78.94  
726.4   	-73.58  
726.8   	-53.04  
727.2   	32.59   
727.6   	41.1    
728     	27.16   
728.4   	9.612   
728.8   	-8.155  
729.2   	-26.33  
729.6   	-45.05  
730     	-59.92  
730.4   	-68.84  
730.8   	-73.81  
731.2   	-76.59  
731.6   	-78.21  
732     	-79.19  
732.4   	-79.81  
732.8   	-80.23  
733.2   	-80.52  
733.6   	-80.72  
734     	-80.88  
734.4   	-81     
734.8   	-81.1   
735.2   	-81.17  
735.6   	-81.24  
736     	-81.29  
736.4   	-81.34  
736.8   	-81.38  
737.2   	-81.42  
737.6   	-81.45  
738     	-81.49  
738.4   	-81.52  
738.8   	-81.55  
739.2   	-81.58  
739.6   	-81.61  
740     	-81.64  
740.4   	-81.66  
740.8   	-81.69  
741.2   	-81.72  
741.6   	-81.75  
742     	-81.77  
742.4   	-81.78  
742.8   	-81.79  
743.2   	-81.8   
743.6   	-81.8   
744     	-81.81  
744.4   	-81.8   
744.8   	-81.79  
745.2   	-81.77  
745.6   	-81.74  
746     	-81.72  
746.4   	-81.69  
746.8   	-81.65  
747.2   	-81.6   
747.6   	-81.48  
748     	-81.1   
748.4   	-80.14  
748.8   	-77.06  
749.2   	-65.35  
749.6   	-20.38  
750     	43.67   
750.4   	33.89   
750.8   	17.3    
751.2   	-0.6004 
751.6   	-18.34  
752     	-37.19  
752.4   	-54.3   
752.8   	-65.6   
753.2   	-72     
753.6   	-75.56  
754     	-77.59  
754.4   	-78.79  
754.8   	-79.54  
755.2   	-80.02  
755.6   	-80.35  
756     	-80.58  
756.4   	-80.74  
756.8   	-80.85  
757.2   	-80.93  
757.6   	-81     
758     	-81.04  
758.4   	-81.08  
758.8   	-81.11  
759.2   	-81.12  
759.6   	-81.13  
760     	-81.14  
760.4   	-81.15  
760.8   	-81.15  
761.2   	-81.14  
761.6   	-81.13  
762     	-81.11  
762.4   	-81.09  
762.8   	-81.07  
763.2   	-81.05  
763.6   	-81.03  
764     	-81.01  
764.4   	-80.99  
764.8   	-80.97  
765.2   	-80.96  
765.6   	-80.95  
766     	-80.94  
766.4   	-80.94  
766.8   	-80.93  
767.2   	-80.92  
767.6   	-80.91  
768     	-80.9   
768.4   	-80.89  
768.8   	-80.88  
769.2   	-80.87  
769.6   	-80.87  
770     	-80.86  
770.4   	-80.86  
770.8   	-80.86  
771.2   	-80.85  
771.6   	-80.84  
772     	-80.83  
772.4   	-80.81  
772.8   	-80.79  
773.2   	-80.76  
773.6   	-80.73  
774     	-80.69  
774.4   	-80.64  
774.8   	-80.58  
775.2   	-80.5   
775.6   	-80.26  
776     	-79.59  
776.4   	-77.5   
776.8   	-69.26  
777.2   	-37.8   
777.6   	42.77   
778     	37.13   
778.4   	21.35   
778.8   	3.488   
779.2   	-14.19  
779.6   	-32.83  
780     	-50.81  
780.4   	-63.55  
780.8   	-70.86  
781.2   	-74.92  
781.6   	-77.22  
782     	-78.57  
782.4   	-79.38  
782.8   	-79.9   
783.2   	-80.23  
783.6   	-80.45  
784     	-80.59  
784.4   	-80.69  
784.8   	-80.74  
785.2   	-80.78  
785.6   	-80.8   
786     	-80.81  
786.4   	-80.81  
786.8   	-80.8   
787.2   	-80.79  
787.6   	-80.77  
788     	-80.74  
788.4   	-80.7   
788.8   	-80.66  
789.2   	-80.61  
789.6   	-80.55  
790     	-80.43  
790.4   	-80.06  
790.8   	-79.06  
791.2   	-75.5   
791.6   	-61.41  
792     	-0.917  
792.4   	43.16   
792.8   	31.5    
793.2   	14.48   
793.6   	-3.39   
794     	-21.25  
794.4   	-40.14  
794.8   	-56.52  
795.2   	-66.9   
795.6   	-72.72  
796     	-75.97  
796.4   	-77.83  
796.8   	-78.94  
797.2   	-79.63  
797.6   	-80.08  
798     	-80.37  
798.4   	-80.57  
798.8   	-80.7   
799.2   	-80.8   
799.6   	-80.86  
800     	-80.9   
800.4   	-80.93  
800.8   	-80.95  
801.2   	-80.96  
801.6   	-80.97  
802     	-80.97  
802.4   	-80.97  
802.8   	-80.96  
803.2   	-80.95  
803.6   	-80.94  
804     	-80.93  
804.4   	-80.9   
804.8   	-80.88  
805.2   	-80.86  
805.6   	-80.84  
806     	-80.83  
806.4   	-80.82  
806.8   	-80.81  
807.2   	-80.8   
807.6   	-80.8   
808     	-80.79  
808.4   	-80.79  
808.8   	-80.78  
809.2   	-80.78  
809.6   	-80.78  
810     	-80.78  
810.4   	-80.77  
810.8   	-80.75  
811.2   	-80.73  
811.6   	-80.7   
812     	-80.67  
812.4   	-80.64  
812.8   	-80.61  
813.2   	-80.58  
813.6   	-80.53  
814     	-80.48  
814.4   	-80.42  
814.8   	-80.36  
815.2   	-80.29  
815.6   	-80.23  
816     	-80.17  
816.4   	-80.12  
816.8   	-80.06  
817.2   	-80.01  
817.6   	-79.96  
818     	-79.93  
818.4   	-79.89  
818.8   	-79.86  
819.2   	-79.83  
819.6   	-79.8   
820     	-79.76  
820.4   	-79.72  
820.8   	-79.69  
821.2   	-79.66  
821.6   	-79.63  
822     	-79.6   
822.4   	-79.58  
822.8   	-79.55  
823.2   	-79.52  
823.6   	-79.49  
824     	-79.44  
824.4   	-79.32  
824.8   	-78.92  
825.2   	-77.66  
825.6   	-72.54  
826     	-51.84  
826.4   	34.43   
826.8   	40.82   
827.2   	26.64   
827.6   	9.035   
828     	-8.728  
828.4   	-26.95  
828.8   	-45.65  
829.2   	-60.34  
829.6   	-69.07  
830     	-73.93  
830.4   	-76.65  
830.8   	-78.22  
831.2   	-79.17  
831.6   	-79.77  
832     	-80.17  
832.4   	-80.44  
832.8   	-80.63  
833.2   	-80.76  
833.6   	-80.85  
834     	-80.92  
834.4   	-80.97  
834.8   	-81.01  
835.2   	-81.05  
835.6   	-81.07  
836     	-81.09  
836.4   	-81.11  
836.8   	-81.13  
837.2   	-81.14  
837.6   	-81.14  
838     	-81.14  
838.4   	-81.12  
838.8   	-81.09  
839.2   	-81.05  
839.6   	-81.01  
840     	-80.97  
840.4   	-80.92  
840.8   	-80.87  
841.2   	-80.81  
841.6   	-80.71  
842     	-80.41  
842.4   	-79.61  
842.8   	-76.96  
843.2   	-66.64  
843.6   	-26.93  
844     	43.65   
844.4   	34.93   
844.8   	18.56   
845.2   	0.654   
845.6   	-17.07  
846     	-35.88  
846.4   	-53.29  
846.8   	-65.02  
847.2   	-71.69  
847.6   	-75.39  
848     	-77.5   
848.4   	-78.75  
848.8   	-79.52  
849.2   	-80.02  
849.6   	-80.35  
850     	-80.59  
850.4   	-80.76  
850.8   	-80.88  
851.2   	-80.96  
851.6   	-81.03  
852     	-81.08  
852.4   	-81.12  
852.8   	-81.15  
853.2   	-81.17  
853.6   	-81.19  
854     	-81.21  
854.4   	-81.22  
854.8   	-81.23  
855.2   	-81.23  
855.6   	-81.23  
856     	-81.23  
856.4   	-81.23  
856.8   	-81.22  
857.2   	-81.22  
857.6   	-81.21  
858     	-81.21  
858.4   	-81.2   
858.8   	-81.19  
859.2   	-81.18  
859.6   	-81.18  
860     	-81.17  
860.4   	-81.16  
860.8   	-81.15  
861.2   	-81.14  
861.6   	-81.13  
862     	-81.12  
862.4   	-81.11  
862.8   	-81.1   
863.2   	-81.1   
863.6   	-81.1   
864     	-81.1   
864.4   	-81.11  
864.8   	-81.12  
865.2   	-81.12  
865.6   	-81.12  
866     	-81.11  
866.4   	-81.09  
866.8   	-81.07  
867.2   	-81.05  
867.6   	-81.03  
868     	-81     
868.4   	-80.97  
868.8   	-80.94  
869.2   	-80.92  
869.6   	-80.9   
870     	-80.87  
870.4   	-80.84  
870.8   	-80.81  
871.2   	-80.78  
871.6   	-80.75  
872     	-80.72  
872.4   	-80.7   
872.8   	-80.68  
873.2   	-80.67  
873.6   	-80.67  
874     	-80.66  
874.4   	-80.66  
874.8   	-80.65  
875.2   	-80.64  
875.6   	-80.63  
876     	-80.61  
876.4   	-80.6   
876.8   	-80.58  
877.2   	-80.57  
877.6   	-80.55  
878     	-80.54  
878.4   	-80.54  
878.8   	-80.53  
879.2   	-80.52  
879.6   	-80.5   
880     	-80.48  
880.4   	-80.47  
880.8   	-80.45  
881.2   	-80.44  
881.6   	-80.41  
882     	-80.38  
882.4   	-80.34  
882.8   	-80.3   
883.2   	-80.26  
883.6   	-80.22  
884     	-80.18  
884.4   	-80.13  
884.8   	-80.07  
885.2   	-80.01  
885.6   	-79.95  
886     	-79.88  
886.4   	-79.81  
886.8   	-79.72  
887.2   	-79.44  
887.6   	-78.65  
888     	-75.81  
888.4   	-64.24  
888.8   	-17.01  
889.2   	43.66   
889.6   	33.38   
890     	16.67   
890.4   	-1.236  
890.8   	-19     
891.2   	-37.87  
891.6   	-54.84  
892     	-65.93  
892.4   	-72.18  
892.8   	-75.65  
893.2   	-77.63  
893.6   	-78.8   
894     	-79.52  
894.4   	-79.97  
894.8   	-80.26  
895.2   	-80.44  
895.6   	-80.55  
896     	-80.62  
896.4   	-80.66  
896.8   	-80.68  
897.2   	-80.68  
897.6   	-80.67  
898     	-80.65  
898.4   	-80.63  
898.8   	-80.6   
899.2   	-80.57  
899.6   	-80.52  
900     	-80.48  
900.4   	-80.42  
900.8   	-80.35  
901.2   	-80.28  
901.6   	-80.21  
902     	-80.14  
902.4   	-80.08  
902.8   	-80.01  
903.2   	-79.95  
903.6   	-79.89  
904     	-79.83  
904.4   	-79.77  
904.8   	-79.72  
905.2   	-79.67  
905.6   	-79.62  
906     	-79.58  
906.4   	-79.54  
906.8   	-79.5   
907.2   	-79.46  
907.6   	-79.43  
908     	-79.39  
908.4   	-79.37  
908.8   	-79.34  
909.2   	-79.32  
909.6   	-79.3   
910     	-79.28  
910.4   	-79.24  
910.8   	-79.2   
911.2   	-79.15  
911.6   	-78.95  
912     	-78.29  
912.4   	-75.91  
912.8   	-66     
913.2   	-25.98  
913.6   	43.72   
914     	34.76   
914.4   	18.33   
914.8   	0.4084  
915.2   	-17.32  
915.6   	-36.16  
916     	-53.54  
916.4   	-65.19  
916.8   	-71.79  
917.2   	-75.45  
917.6   	-77.52  
918     	-78.75  
918.4   	-79.5   
918.8   	-79.98  
919.2   	-80.29  
919.6   	-80.48  
920     	-80.61  
920.4   	-80.69  
920.8   	-80.74  
921.2   	-80.76  
921.6   	-80.76  
922     	-80.73  
922.4   	-80.7   
922.8   	-80.65  
923.2   	-80.61  
923.6   	-80.55  
924     	-80.49  
924.4   	-80.44  
924.8   	-80.38  
925.2   	-80.31  
925.6   	-80.18  
926     	-79.79  
926.4   	-78.69  
926.8   	-74.58  
927.2   	-58.23  
927.6   	16.29   
928     	42.46   
928.4   	29.73   
928.8   	12.46   
929.2   	-5.376  
929.6   	-23.35  
930     	-42.23  
930.4   	-58.02  
930.8   	-67.77  
931.2   	-73.21  
931.6   	-76.25  
932     	-78     
932.4   	-79.05  
932.8   	-79.7   
933.2   	-80.13  
933.6   	-80.42  
934     	-80.62  
934.4   	-80.76  
934.8   	-80.85  
935.2   	-80.92  
935.6   	-80.96  
936     	-80.98  
936.4   	-80.99  
936.8   	-80.99  
937.2   	-80.98  
937.6   	-80.95  
938     	-80.91  
938.4   	-80.87  
938.8   	-80.82  
939.2   	-80.77  
939.6   	-80.72  
940     	-80.67  
940.4   	-80.62  
940.8   	-80.57  
941.2   	-80.51  
941.6   	-80.46  
942     	-80.39  
942.4   	-80.33  
942.8   	-80.27  
943.2   	-80.22  
943.6   	-80.15  
944     	-80     
944.4   	-79.54  
944.8   	-78.2   
945.2   	-72.94  
945.6   	-52.18  
946     	33.95   
946.4   	40.89   
946.8   	26.78   
947.2   	9.195   
947.6   	-8.568  
948     	-26.78  
948.4   	-45.47  
948.8   	-60.21  
949.2   	-69     
949.6   	-73.89  
950     	-76.63  
950.4   	-78.21  
950.8   	-79.17  
951.2   	-79.77  
951.6   	-80.17  
952     	-80.43  
952.4   	-80.61  
952.8   	-80.72  
953.2   	-80.78  
953.6   	-80.81  
954     	-80.81  
954.4   	-80.79  
954.8   	-80.75  
955.2   	-80.7   
955.6   	-80.65  
956     	-80.59  
956.4   	-80.53  
956.8   	-80.46  
957.2   	-80.39  
957.6   	-80.3   
958     	-80.21  
958.4   	-80.11  
958.8   	-80.01  
959.2   	-79.91  
959.6   	-79.72  
960     	-79.22  
960.4   	-77.72  
960.8   	-71.67  
961.2   	-47.88  
961.6   	38.59   
962     	39.65   
962.4   	24.86   
962.8   	7.147   
963.2   	-10.56  
963.6   	-28.91  
964     	-47.4   
964.4   	-61.45  
964.8   	-69.69  
965.2   	-74.28  
965.6   	-76.85  
966     	-78.34  
966.4   	-79.24  
966.8   	-79.8   
967.2   	-80.17  
967.6   	-80.41  
968     	-80.57  
968.4   	-80.68  
968.8   	-80.76  
969.2   	-80.81  
969.6   	-80.83  
970     	-80.85  
970.4   	-80.85  
970.8   	-80.85  
971.2   	-80.84  
971.6   	-80.83  
972     	-80.81  
972.4   	-80.79  
972.8   	-80.75  
973.2   	-80.69  
973.6   	-80.64  
974     	-80.57  
974.4   	-80.51  
974.8   	-80.44  
975.2   	-80.37  
975.6   	-80.3   
976     	-80.23  
976.4   	-80.15  
976.8   	-80.06  
977.2   	-79.97  
977.6   	-79.81  
978     	-79.36  
978.4   	-78.08  
978.8   	-73.05  
979.2   	-52.95  
979.6   	32.65   
980     	41.1    
980.4   	27.13   
980.8   	9.576   
981.2   	-8.195  
981.6   	-26.38  
982     	-45.1   
982.4   	-59.97  
982.8   	-68.87  
983.2   	-73.82  
983.6   	-76.6   
984     	-78.2   
984.4   	-79.17  
984.8   	-79.78  
985.2   	-80.18  
985.6   	-80.46  
986     	-80.66  
986.4   	-80.8   
986.8   	-80.91  
987.2   	-80.99  
987.6   	-81.06  
988     	-81.1   
988.4   	-81.13  
988.8   	-81.15  
989.2   	-81.16  
989.6   	-81.16  
990     	-81.14  
990.4   	-81.01  
990.8   	-80.58  
991.2   	-79.46  
991.6   	-75.55  
992     	-60.47  
992.4   	4.73    
992.8   	42.9    
993.2   	30.91   
993.6   	13.81   
994     	-4.053  
994.4   	-21.96  
994.8   	-40.85  
995.2   	-57.04  
995.6   	-67.21  
996     	-72.9   
996.4   	-76.09  
996.8   	-77.91  
997.2   	-79.01  
997.6   	-79.7   
998     	-80.16  
998.4   	-80.48  
998.8   	-80.7   
999.2   	-80.87  
999.6   	-80.99  
