
SWEPT_VAR_1 = 25.0    // Syn: Source PP \ NetStim \ PARAMETER \ interval (ms)

t	s.v( 0.05 )
ms	mV
0       	-64.65  
0.4     	-65.51  
0.8     	-66.35  
1.2     	-67.15  
1.6     	-67.92  
2       	-68.66  
2.4     	-69.37  
2.8     	-70.05  
3.2     	-70.7   
3.6     	-71.32  
4       	-71.89  
4.4     	-72.43  
4.8     	-72.94  
5.2     	-73.41  
5.6     	-73.86  
6       	-74.27  
6.4     	-74.65  
6.8     	-74.99  
7.2     	-75.3   
7.6     	-75.57  
8       	-75.78  
8.4     	-75.8   
8.8     	-75.25  
9.2     	-72.38  
9.6     	-58.69  
10      	10.87   
10.4    	42.86   
10.8    	30.32   
11.2    	13.06   
11.6    	-4.825  
12      	-22.79  
12.4    	-41.75  
12.8    	-57.77  
13.2    	-67.67  
13.6    	-73.17  
14      	-76.22  
14.4    	-77.95  
14.8    	-78.98  
15.2    	-79.6   
15.6    	-80     
16      	-80.25  
16.4    	-80.41  
16.8    	-80.52  
17.2    	-80.58  
17.6    	-80.6   
18      	-80.61  
18.4    	-80.59  
18.8    	-80.54  
19.2    	-80.35  
19.6    	-79.81  
20      	-78.34  
20.4    	-72.71  
20.8    	-51.13  
21.2    	34.89   
21.6    	40.38   
22      	26.17   
22.4    	8.568   
22.8    	-9.172  
23.2    	-27.42  
23.6    	-46.03  
24      	-60.54  
24.4    	-69.15  
24.8    	-73.93  
25.2    	-76.6   
25.6    	-78.13  
26      	-79.04  
26.4    	-79.6   
26.8    	-79.96  
27.2    	-80.19  
27.6    	-80.32  
28      	-80.4   
28.4    	-80.43  
28.8    	-80.43  
29.2    	-80.38  
29.6    	-80.17  
30      	-79.62  
30.4    	-78.1   
30.8    	-72.23  
31.2    	-49.85  
31.6    	36.15   
32      	39.92   
32.4    	25.53   
32.8    	7.901   
33.2    	-9.814  
33.6    	-28.1   
34      	-46.63  
34.4    	-60.92  
34.8    	-69.35  
35.2    	-74.03  
35.6    	-76.65  
36      	-78.15  
36.4    	-79.04  
36.8    	-79.59  
37.2    	-79.93  
37.6    	-80.13  
38      	-80.24  
38.4    	-80.29  
38.8    	-80.28  
39.2    	-80.21  
39.6    	-80.08  
40      	-79.85  
40.4    	-79.43  
40.8    	-78.65  
41.2    	-76.2   
41.6    	-66.33  
42      	-27.89  
42.4    	43.24   
42.8    	34.78   
43.2    	18.48   
43.6    	0.5978  
44      	-17.1   
44.4    	-35.89  
44.8    	-53.25  
45.2    	-64.96  
45.6    	-71.61  
46      	-75.29  
46.4    	-77.37  
46.8    	-78.58  
47.2    	-79.3   
47.6    	-79.76  
48      	-80.05  
48.4    	-80.23  
48.8    	-80.34  
49.2    	-80.4   
49.6    	-80.42  
50      	-80.41  
50.4    	-80.37  
50.8    	-80.3   
51.2    	-80.23  
51.6    	-80.14  
52      	-80.03  
52.4    	-79.86  
52.8    	-79.46  
53.2    	-78.45  
53.6    	-74.7   
54      	-59.6   
54.4    	8.471   
54.8    	42.72   
55.2    	30.48   
55.6    	13.32   
56      	-4.527  
56.4    	-22.44  
56.8    	-41.31  
57.2    	-57.35  
57.6    	-67.35  
58      	-72.93  
58.4    	-76.03  
58.8    	-77.78  
59.2    	-78.82  
59.6    	-79.44  
60      	-79.83  
60.4    	-80.08  
60.8    	-80.23  
61.2    	-80.32  
61.6    	-80.36  
62      	-80.36  
62.4    	-80.32  
62.8    	-80.19  
63.2    	-79.82  
63.6    	-78.97  
64      	-76.1   
64.4    	-64.8   
64.8    	-20.75  
65.2    	43.28   
65.6    	33.6    
66      	17.03   
66.4    	-0.8463 
66.8    	-18.58  
67.2    	-37.41  
67.6    	-54.44  
68      	-65.65  
68.4    	-71.98  
68.8    	-75.49  
69.2    	-77.48  
69.6    	-78.64  
70      	-79.34  
70.4    	-79.78  
70.8    	-80.06  
71.2    	-80.24  
71.6    	-80.34  
72      	-80.39  
72.4    	-80.4   
72.8    	-80.38  
73.2    	-80.35  
73.6    	-80.29  
74      	-80.22  
74.4    	-80.14  
74.8    	-80.02  
75.2    	-79.77  
75.6    	-79.16  
76      	-77.34  
76.4    	-70.05  
76.8    	-41.91  
77.2    	41.61   
77.6    	37.98   
78      	22.57   
78.4    	4.752   
78.8    	-12.93  
79.2    	-31.47  
79.6    	-49.64  
80      	-62.81  
80.4    	-70.42  
80.8    	-74.63  
81.2    	-76.99  
81.6    	-78.34  
82      	-79.15  
82.4    	-79.64  
82.8    	-79.94  
83.2    	-80.11  
83.6    	-80.2   
84      	-80.24  
84.4    	-80.24  
84.8    	-80.21  
85.2    	-80.14  
85.6    	-80     
86      	-79.61  
86.4    	-78.69  
86.8    	-75.47  
87.2    	-62.67  
87.6    	-10.17  
88      	43.07   
88.4    	32.17   
88.8    	15.33   
89.2    	-2.522  
89.6    	-20.3   
90      	-39.14  
90.4    	-55.72  
90.8    	-66.39  
91.2    	-72.39  
91.6    	-75.73  
92      	-77.62  
92.4    	-78.74  
92.8    	-79.41  
93.2    	-79.82  
93.6    	-80.08  
94      	-80.24  
94.4    	-80.33  
94.8    	-80.37  
95.2    	-80.38  
95.6    	-80.36  
96      	-80.29  
96.4    	-80.09  
96.8    	-79.62  
97.2    	-78.5   
97.6    	-74.36  
98      	-58.04  
98.4    	15.69   
98.8    	42.19   
99.2    	29.53   
99.6    	12.28   
100     	-5.527  
100.4   	-23.49  
100.8   	-42.31  
101.2   	-58.03  
101.6   	-67.73  
102     	-73.14  
102.4   	-76.16  
102.8   	-77.88  
103.2   	-78.9   
103.6   	-79.53  
104     	-79.93  
104.4   	-80.18  
104.8   	-80.34  
105.2   	-80.44  
105.6   	-80.49  
106     	-80.51  
106.4   	-80.47  
106.8   	-80.35  
107.2   	-80.01  
107.6   	-79.23  
108     	-76.74  
108.4   	-67.01  
108.8   	-30.06  
109.2   	43.12   
109.6   	35.17   
110     	18.97   
110.4   	1.106   
110.8   	-16.58  
111.2   	-35.32  
111.6   	-52.78  
112     	-64.67  
112.4   	-71.44  
112.8   	-75.19  
113.2   	-77.31  
113.6   	-78.55  
114     	-79.29  
114.4   	-79.76  
114.8   	-80.04  
115.2   	-80.21  
115.6   	-80.3   
116     	-80.34  
116.4   	-80.33  
116.8   	-80.29  
117.2   	-80.2   
117.6   	-80.05  
118     	-79.73  
118.4   	-79.02  
118.8   	-76.81  
119.2   	-68.01  
119.6   	-34.34  
120     	42.81   
120.4   	36.04   
120.8   	20.07   
121.2   	2.217   
121.6   	-15.43  
122     	-34.09  
122.4   	-51.77  
122.8   	-64.05  
123.2   	-71.08  
123.6   	-74.96  
124     	-77.15  
124.4   	-78.41  
124.8   	-79.15  
125.2   	-79.6   
125.6   	-79.87  
126     	-80.02  
126.4   	-80.09  
126.8   	-80.12  
127.2   	-80.1   
127.6   	-80.03  
128     	-79.93  
128.4   	-79.77  
128.8   	-79.51  
129.2   	-79.07  
129.6   	-78.29  
130     	-75.79  
130.4   	-65.52  
130.8   	-24.53  
131.2   	43.42   
131.6   	34.28   
132     	17.82   
132.4   	-0.06345
132.8   	-17.78  
133.2   	-36.59  
133.6   	-53.81  
134     	-65.29  
134.4   	-71.78  
134.8   	-75.37  
135.2   	-77.4   
135.6   	-78.57  
136     	-79.28  
136.4   	-79.71  
136.8   	-79.97  
137.2   	-80.13  
137.6   	-80.22  
138     	-80.25  
138.4   	-80.24  
138.8   	-80.2   
139.2   	-80.13  
139.6   	-80     
140     	-79.74  
140.4   	-79.18  
140.8   	-77.75  
141.2   	-72.11  
141.6   	-50.01  
142     	36.17   
142.4   	40.06   
142.8   	25.66   
143.2   	8.024   
143.6   	-9.692  
144     	-27.96  
144.4   	-46.51  
144.8   	-60.84  
145.2   	-69.31  
145.6   	-74.01  
146     	-76.63  
146.4   	-78.15  
146.8   	-79.05  
147.2   	-79.6   
147.6   	-79.96  
148     	-80.18  
148.4   	-80.31  
148.8   	-80.38  
149.2   	-80.39  
149.6   	-80.35  
150     	-80.26  
150.4   	-80.03  
150.8   	-79.5   
151.2   	-78.19  
151.6   	-73.14  
152     	-53.52  
152.4   	30.56   
152.8   	40.94   
153.2   	27.2    
153.6   	9.71    
154     	-8.034  
154.4   	-26.17  
154.8   	-44.84  
155.2   	-59.74  
155.6   	-68.68  
156     	-73.66  
156.4   	-76.44  
156.8   	-78.03  
157.2   	-78.97  
157.6   	-79.54  
158     	-79.89  
158.4   	-80.1   
158.8   	-80.22  
159.2   	-80.28  
159.6   	-80.3   
160     	-80.27  
160.4   	-80.2   
160.8   	-80.09  
161.2   	-79.97  
161.6   	-79.81  
162     	-79.64  
162.4   	-79.43  
162.8   	-79.19  
163.2   	-78.83  
163.6   	-78.2   
164     	-76.44  
164.4   	-69.03  
164.8   	-39.33  
165.2   	42.37   
165.6   	37.38   
166     	21.72   
166.4   	3.874   
166.8   	-13.8   
167.2   	-32.4   
167.6   	-50.43  
168     	-63.3   
168.4   	-70.69  
168.8   	-74.77  
169.2   	-77.06  
169.6   	-78.38  
170     	-79.16  
170.4   	-79.63  
170.8   	-79.92  
171.2   	-80.09  
171.6   	-80.17  
172     	-80.2   
172.4   	-80.18  
172.8   	-80.14  
173.2   	-80.08  
173.6   	-80.01  
174     	-79.91  
174.4   	-79.81  
174.8   	-79.7   
175.2   	-79.57  
175.6   	-79.43  
176     	-79.29  
176.4   	-79.14  
176.8   	-78.99  
177.2   	-78.83  
177.6   	-78.68  
178     	-78.53  
178.4   	-78.38  
178.8   	-78.24  
179.2   	-78.11  
179.6   	-77.99  
180     	-77.88  
180.4   	-77.79  
180.8   	-77.71  
181.2   	-77.65  
181.6   	-77.58  
182     	-77.53  
182.4   	-77.48  
182.8   	-77.44  
183.2   	-77.41  
183.6   	-77.38  
184     	-77.35  
184.4   	-77.33  
184.8   	-77.3   
185.2   	-77.27  
185.6   	-77.24  
186     	-77.21  
186.4   	-77.17  
186.8   	-77.13  
187.2   	-77.09  
187.6   	-77.04  
188     	-77     
188.4   	-76.95  
188.8   	-76.89  
189.2   	-76.83  
189.6   	-76.77  
190     	-76.7   
190.4   	-76.63  
190.8   	-76.54  
191.2   	-76.42  
191.6   	-76.2   
192     	-75.56  
192.4   	-72.71  
192.8   	-59.18  
193.2   	8.534   
193.6   	42.95   
194     	30.57   
194.4   	13.36   
194.8   	-4.51   
195.2   	-22.42  
195.6   	-41.35  
196     	-57.44  
196.4   	-67.44  
196.8   	-73     
197.2   	-76.08  
197.6   	-77.84  
198     	-78.87  
198.4   	-79.49  
198.8   	-79.88  
199.2   	-80.11  
199.6   	-80.25  
200     	-80.33  
200.4   	-80.35  
200.8   	-80.34  
201.2   	-80.31  
201.6   	-80.25  
202     	-80.18  
202.4   	-80.1   
202.8   	-80     
203.2   	-79.89  
203.6   	-79.78  
204     	-79.66  
204.4   	-79.53  
204.8   	-79.39  
205.2   	-79.26  
205.6   	-79.13  
206     	-79.01  
206.4   	-78.9   
206.8   	-78.8   
207.2   	-78.71  
207.6   	-78.62  
208     	-78.55  
208.4   	-78.47  
208.8   	-78.4   
209.2   	-78.32  
209.6   	-78.24  
210     	-78.16  
210.4   	-78.07  
210.8   	-77.98  
211.2   	-77.87  
211.6   	-77.73  
212     	-77.58  
212.4   	-77.39  
212.8   	-77.04  
213.2   	-76.08  
213.6   	-71.84  
214     	-53.06  
214.4   	32.19   
214.8   	41.21   
215.2   	27.23   
215.6   	9.667   
216     	-8.105  
216.4   	-26.27  
216.8   	-45.01  
217.2   	-59.92  
217.6   	-68.83  
218     	-73.76  
218.4   	-76.5   
218.8   	-78.07  
219.2   	-79     
219.6   	-79.56  
220     	-79.9   
220.4   	-80.11  
220.8   	-80.23  
221.2   	-80.29  
221.6   	-80.31  
222     	-80.29  
222.4   	-80.24  
222.8   	-80.16  
223.2   	-80.05  
223.6   	-79.9   
224     	-79.64  
224.4   	-79.11  
224.8   	-77.75  
225.2   	-72.36  
225.6   	-51.02  
226     	35.11   
226.4   	40.41   
226.8   	26.15   
227.2   	8.545   
227.6   	-9.187  
228     	-27.42  
228.4   	-46.04  
228.8   	-60.55  
229.2   	-69.15  
229.6   	-73.92  
230     	-76.58  
230.4   	-78.11  
230.8   	-79.01  
231.2   	-79.55  
231.6   	-79.89  
232     	-80.09  
232.4   	-80.21  
232.8   	-80.27  
233.2   	-80.28  
233.6   	-80.26  
234     	-80.21  
234.4   	-80.1   
234.8   	-79.89  
235.2   	-79.43  
235.6   	-78.36  
236     	-74.43  
236.4   	-58.73  
236.8   	12.29   
237.2   	42.38   
237.6   	29.93   
238     	12.73   
238.4   	-5.092  
238.8   	-23.02  
239.2   	-41.85  
239.6   	-57.7   
240     	-67.52  
240.4   	-73.01  
240.8   	-76.05  
241.2   	-77.78  
241.6   	-78.79  
242     	-79.41  
242.4   	-79.78  
242.8   	-80.01  
243.2   	-80.13  
243.6   	-80.19  
244     	-80.2   
244.4   	-80.17  
244.8   	-80.12  
245.2   	-80.04  
245.6   	-79.95  
246     	-79.85  
246.4   	-79.75  
246.8   	-79.64  
247.2   	-79.53  
247.6   	-79.41  
248     	-79.3   
248.4   	-79.18  
248.8   	-79.07  
249.2   	-78.97  
249.6   	-78.86  
250     	-78.75  
250.4   	-78.65  
250.8   	-78.54  
251.2   	-78.43  
251.6   	-78.32  
252     	-78.19  
252.4   	-78.02  
252.8   	-77.68  
253.2   	-76.84  
253.6   	-73.44  
254     	-58.47  
254.4   	13.84   
254.8   	42.67   
255.2   	30.03   
255.6   	12.77   
256     	-5.08   
256.4   	-23.02  
256.8   	-41.9   
257.2   	-57.79  
257.6   	-67.62  
258     	-73.09  
258.4   	-76.13  
258.8   	-77.85  
259.2   	-78.87  
259.6   	-79.49  
260     	-79.88  
260.4   	-80.12  
260.8   	-80.28  
261.2   	-80.37  
261.6   	-80.43  
262     	-80.45  
262.4   	-80.45  
262.8   	-80.43  
263.2   	-80.36  
263.6   	-80.27  
264     	-80.13  
264.4   	-79.94  
264.8   	-79.56  
265.2   	-78.73  
265.6   	-75.97  
266     	-64.82  
266.4   	-20.29  
266.8   	43.53   
267.2   	33.72   
267.6   	17.12   
268     	-0.7759 
268.4   	-18.51  
268.8   	-37.35  
269.2   	-54.41  
269.6   	-65.64  
270     	-71.98  
270.4   	-75.49  
270.8   	-77.48  
271.2   	-78.64  
271.6   	-79.34  
272     	-79.77  
272.4   	-80.03  
272.8   	-80.18  
273.2   	-80.26  
273.6   	-80.3   
274     	-80.31  
274.4   	-80.28  
274.8   	-80.23  
275.2   	-80.11  
275.6   	-79.83  
276     	-79.21  
276.4   	-77.43  
276.8   	-70.38  
277.2   	-43.35  
277.6   	40.87   
278     	38.23   
278.4   	22.98   
278.8   	5.199   
279.2   	-12.47  
279.6   	-30.95  
280     	-49.15  
280.4   	-62.48  
280.8   	-70.21  
281.2   	-74.49  
281.6   	-76.89  
282     	-78.26  
282.4   	-79.07  
282.8   	-79.55  
283.2   	-79.84  
283.6   	-80     
284     	-80.07  
284.4   	-80.09  
284.8   	-80.05  
285.2   	-79.95  
285.6   	-79.72  
286     	-79.21  
286.4   	-77.93  
286.8   	-73.02  
287.2   	-53.75  
287.6   	29.75   
288     	40.94   
288.4   	27.27   
288.8   	9.803   
289.2   	-7.93   
289.6   	-26.04  
290     	-44.69  
290.4   	-59.6   
290.8   	-68.58  
291.2   	-73.57  
291.6   	-76.34  
292     	-77.92  
292.4   	-78.85  
292.8   	-79.4   
293.2   	-79.72  
293.6   	-79.9   
294     	-79.99  
294.4   	-80.01  
294.8   	-79.99  
295.2   	-79.93  
295.6   	-79.82  
296     	-79.64  
296.4   	-79.35  
296.8   	-78.84  
297.2   	-77.83  
297.6   	-74.12  
298     	-58.84  
298.4   	11.17   
298.8   	42.43   
299.2   	30.03   
299.6   	12.84   
300     	-4.985  
300.4   	-22.91  
300.8   	-41.75  
301.2   	-57.64  
301.6   	-67.5   
302     	-73     
302.4   	-76.06  
302.8   	-77.8   
303.2   	-78.82  
303.6   	-79.45  
304     	-79.83  
304.4   	-80.07  
304.8   	-80.21  
305.2   	-80.28  
305.6   	-80.3   
306     	-80.29  
306.4   	-80.26  
306.8   	-80.22  
307.2   	-80.17  
307.6   	-80.11  
308     	-80.05  
308.4   	-79.98  
308.8   	-79.91  
309.2   	-79.83  
309.6   	-79.74  
310     	-79.64  
310.4   	-79.54  
310.8   	-79.44  
311.2   	-79.32  
311.6   	-79.21  
312     	-79.1   
312.4   	-78.99  
312.8   	-78.89  
313.2   	-78.8   
313.6   	-78.7   
314     	-78.59  
314.4   	-78.48  
314.8   	-78.36  
315.2   	-78.25  
315.6   	-78.14  
316     	-78.03  
316.4   	-77.92  
316.8   	-77.82  
317.2   	-77.72  
317.6   	-77.63  
318     	-77.55  
318.4   	-77.47  
318.8   	-77.4   
319.2   	-77.34  
319.6   	-77.27  
320     	-77.2   
320.4   	-77.13  
320.8   	-77.05  
321.2   	-76.97  
321.6   	-76.87  
322     	-76.75  
322.4   	-76.53  
322.8   	-75.99  
323.2   	-73.84  
323.6   	-63.66  
324     	-17.95  
324.4   	43.75   
324.8   	33.48   
325.2   	16.75   
325.6   	-1.166  
326     	-18.91  
326.4   	-37.79  
326.8   	-54.8   
327.2   	-65.91  
327.6   	-72.14  
328     	-75.58  
328.4   	-77.52  
328.8   	-78.64  
329.2   	-79.3   
329.6   	-79.7   
330     	-79.94  
330.4   	-80.06  
330.8   	-80.11  
331.2   	-80.09  
331.6   	-80.03  
332     	-79.94  
332.4   	-79.82  
332.8   	-79.69  
333.2   	-79.54  
333.6   	-79.38  
334     	-79.22  
334.4   	-79.07  
334.8   	-78.92  
335.2   	-78.76  
335.6   	-78.61  
336     	-78.44  
336.4   	-78.28  
336.8   	-78.11  
337.2   	-77.94  
337.6   	-77.77  
338     	-77.58  
338.4   	-77.36  
338.8   	-77     
339.2   	-76.21  
339.6   	-73.05  
340     	-58.59  
340.4   	12.57   
340.8   	42.73   
341.2   	30.15   
341.6   	12.89   
342     	-4.958  
342.4   	-22.89  
342.8   	-41.78  
343.2   	-57.72  
343.6   	-67.58  
344     	-73.06  
344.4   	-76.1   
344.8   	-77.83  
345.2   	-78.85  
345.6   	-79.46  
346     	-79.85  
346.4   	-80.09  
346.8   	-80.24  
347.2   	-80.33  
347.6   	-80.38  
348     	-80.4   
348.4   	-80.39  
348.8   	-80.36  
349.2   	-80.3   
349.6   	-80.21  
350     	-80.04  
350.4   	-79.63  
350.8   	-78.69  
351.2   	-75.42  
351.6   	-62.3   
352     	-7.331  
352.4   	43.16   
352.8   	32      
353.2   	15.09   
353.6   	-2.766  
354     	-20.57  
354.4   	-39.42  
354.8   	-55.94  
355.2   	-66.53  
355.6   	-72.47  
356     	-75.77  
356.4   	-77.65  
356.8   	-78.74  
357.2   	-79.39  
357.6   	-79.79  
358     	-80.03  
358.4   	-80.16  
358.8   	-80.22  
359.2   	-80.23  
359.6   	-80.19  
360     	-80.13  
360.4   	-80.03  
360.8   	-79.91  
361.2   	-79.78  
361.6   	-79.63  
362     	-79.49  
362.4   	-79.37  
362.8   	-79.26  
363.2   	-79.16  
363.6   	-79.06  
364     	-78.95  
364.4   	-78.85  
364.8   	-78.75  
365.2   	-78.64  
365.6   	-78.53  
366     	-78.41  
366.4   	-78.29  
366.8   	-78.18  
367.2   	-78.06  
367.6   	-77.94  
368     	-77.81  
368.4   	-77.69  
368.8   	-77.56  
369.2   	-77.4   
369.6   	-77.19  
370     	-76.78  
370.4   	-75.58  
370.8   	-70.11  
371.2   	-46.36  
371.6   	39.74   
372     	39.27   
372.4   	24.23   
372.8   	6.471   
373.2   	-11.21  
373.6   	-29.59  
374     	-47.99  
374.4   	-61.8   
374.8   	-69.84  
375.2   	-74.27  
375.6   	-76.74  
376     	-78.15  
376.4   	-78.98  
376.8   	-79.48  
377.2   	-79.78  
377.6   	-79.94  
378     	-80.02  
378.4   	-80.03  
378.8   	-80.01  
379.2   	-79.96  
379.6   	-79.87  
380     	-79.76  
380.4   	-79.56  
380.8   	-79.16  
381.2   	-78.29  
381.6   	-75.24  
382     	-62.8   
382.4   	-11.13  
382.8   	43.15   
383.2   	32.32   
383.6   	15.49   
384     	-2.357  
384.4   	-20.12  
384.8   	-38.94  
385.2   	-55.56  
385.6   	-66.28  
386     	-72.31  
386.4   	-75.65  
386.8   	-77.54  
387.2   	-78.63  
387.6   	-79.29  
388     	-79.69  
388.4   	-79.93  
388.8   	-80.07  
389.2   	-80.14  
389.6   	-80.15  
390     	-80.13  
390.4   	-80.05  
390.8   	-79.87  
391.2   	-79.52  
391.6   	-78.94  
392     	-77.65  
392.4   	-72.61  
392.8   	-52.54  
393.2   	32.48   
393.6   	40.72   
394     	26.78   
394.4   	9.241   
394.8   	-8.495  
395.2   	-26.66  
395.6   	-45.31  
396     	-60.05  
396.4   	-68.86  
396.8   	-73.76  
397.2   	-76.49  
397.6   	-78.06  
398     	-78.98  
398.4   	-79.55  
398.8   	-79.89  
399.2   	-80.11  
399.6   	-80.23  
400     	-80.29  
400.4   	-80.31  
400.8   	-80.29  
401.2   	-80.23  
401.6   	-80.08  
402     	-79.71  
402.4   	-78.89  
402.8   	-76.16  
403.2   	-65.37  
403.6   	-23.36  
404     	43.31   
404.4   	34.02   
404.8   	17.54   
405.2   	-0.3413 
405.6   	-18.07  
406     	-36.88  
406.4   	-54.03  
406.8   	-65.41  
407.2   	-71.84  
407.6   	-75.4   
408     	-77.41  
408.4   	-78.58  
408.8   	-79.29  
409.2   	-79.72  
409.6   	-79.97  
410     	-80.12  
410.4   	-80.17  
410.8   	-80.18  
411.2   	-80.15  
411.6   	-80.08  
412     	-79.98  
412.4   	-79.82  
412.8   	-79.56  
413.2   	-79.06  
413.6   	-77.92  
414     	-73.56  
414.4   	-55.97  
414.8   	24.06   
415.2   	41.66   
415.6   	28.42   
416     	11.04   
416.4   	-6.719  
416.8   	-24.73  
417.2   	-43.48  
417.6   	-58.81  
418     	-68.15  
418.4   	-73.36  
418.8   	-76.26  
419.2   	-77.91  
419.6   	-78.89  
420     	-79.49  
420.4   	-79.86  
420.8   	-80.09  
421.2   	-80.23  
421.6   	-80.3   
422     	-80.34  
422.4   	-80.35  
422.8   	-80.33  
423.2   	-80.27  
423.6   	-80.13  
424     	-79.75  
424.4   	-78.86  
424.8   	-75.82  
425.2   	-63.75  
425.6   	-15.44  
426     	43.27   
426.4   	32.89   
426.8   	16.17   
427.2   	-1.704  
427.6   	-19.47  
428     	-38.32  
428.4   	-55.14  
428.8   	-66.08  
429.2   	-72.24  
429.6   	-75.67  
430     	-77.61  
430.4   	-78.76  
430.8   	-79.45  
431.2   	-79.89  
431.6   	-80.16  
432     	-80.34  
432.4   	-80.45  
432.8   	-80.51  
433.2   	-80.53  
433.6   	-80.53  
434     	-80.47  
434.4   	-80.25  
434.8   	-79.7   
435.2   	-78.19  
435.6   	-72.4   
436     	-50.26  
436.4   	35.79   
436.8   	40.08   
437.2   	25.74   
437.6   	8.12    
438     	-9.599  
438.4   	-27.87  
438.8   	-46.42  
439.2   	-60.78  
439.6   	-69.27  
440     	-73.99  
440.4   	-76.63  
440.8   	-78.15  
441.2   	-79.05  
441.6   	-79.6   
442     	-79.96  
442.4   	-80.18  
442.8   	-80.32  
443.2   	-80.4   
443.6   	-80.43  
444     	-80.44  
444.4   	-80.41  
444.8   	-80.33  
445.2   	-80.12  
445.6   	-79.65  
446     	-78.58  
446.4   	-74.73  
446.8   	-59.46  
447.2   	8.552   
447.6   	42.55   
448     	30.33   
448.4   	13.18   
448.8   	-4.657  
449.2   	-22.58  
449.6   	-41.45  
450     	-57.44  
450.4   	-67.4   
450.8   	-72.97  
451.2   	-76.07  
451.6   	-77.84  
452     	-78.88  
452.4   	-79.52  
452.8   	-79.92  
453.2   	-80.18  
453.6   	-80.34  
454     	-80.44  
454.4   	-80.51  
454.8   	-80.54  
455.2   	-80.55  
455.6   	-80.55  
456     	-80.52  
456.4   	-80.41  
456.8   	-80.08  
457.2   	-79.24  
457.6   	-76.48  
458     	-65.67  
458.4   	-23.87  
458.8   	43.44   
459.2   	34.21   
459.6   	17.74   
460     	-0.15   
460.4   	-17.88  
460.8   	-36.71  
461.2   	-53.91  
461.6   	-65.36  
462     	-71.84  
462.4   	-75.44  
462.8   	-77.47  
463.2   	-78.66  
463.6   	-79.38  
464     	-79.82  
464.4   	-80.1   
464.8   	-80.28  
465.2   	-80.37  
465.6   	-80.42  
466     	-80.43  
466.4   	-80.39  
466.8   	-80.3   
467.2   	-80.05  
467.6   	-79.48  
468     	-77.96  
468.4   	-72.08  
468.8   	-49.44  
469.2   	36.65   
469.6   	39.84   
470     	25.37   
470.4   	7.727   
470.8   	-9.979  
471.2   	-28.27  
471.6   	-46.78  
472     	-61.01  
472.4   	-69.39  
472.8   	-74.05  
473.2   	-76.64  
473.6   	-78.13  
474     	-79.01  
474.4   	-79.54  
474.8   	-79.87  
475.2   	-80.08  
475.6   	-80.19  
476     	-80.23  
476.4   	-80.21  
476.8   	-80.07  
477.2   	-79.71  
477.6   	-79.09  
478     	-77.51  
478.4   	-71.32  
478.8   	-47.47  
479.2   	38.1    
479.6   	39.15   
480     	24.42   
480.4   	6.738   
480.8   	-10.93  
481.2   	-29.26  
481.6   	-47.64  
482     	-61.52  
482.4   	-69.67  
482.8   	-74.2   
483.2   	-76.74  
483.6   	-78.2   
484     	-79.08  
484.4   	-79.61  
484.8   	-79.94  
485.2   	-80.15  
485.6   	-80.27  
486     	-80.32  
486.4   	-80.31  
486.8   	-80.23  
487.2   	-80.07  
487.6   	-79.74  
488     	-79.21  
488.4   	-78.31  
488.8   	-75.35  
489.2   	-63.26  
489.6   	-13.79  
490     	43.16   
490.4   	32.61   
490.8   	15.84   
491.2   	-2.011  
491.6   	-19.76  
492     	-38.59  
492.4   	-55.31  
492.8   	-66.15  
493.2   	-72.25  
493.6   	-75.63  
494     	-77.54  
494.4   	-78.66  
494.8   	-79.33  
495.2   	-79.75  
495.6   	-80.02  
496     	-80.18  
496.4   	-80.29  
496.8   	-80.35  
497.2   	-80.37  
497.6   	-80.38  
498     	-80.36  
498.4   	-80.32  
498.8   	-80.27  
499.2   	-80.22  
499.6   	-80.17  
500     	-80.11  
500.4   	-80.06  
500.8   	-80     
501.2   	-79.94  
501.6   	-79.88  
502     	-79.79  
502.4   	-79.65  
502.8   	-79.28  
503.2   	-78.29  
503.6   	-74.52  
504     	-59.16  
504.4   	11.26   
504.8   	42.73   
505.2   	30.29   
505.6   	13.09   
506     	-4.765  
506.4   	-22.7   
506.8   	-41.58  
507.2   	-57.56  
507.6   	-67.48  
508     	-73.02  
508.4   	-76.1   
508.8   	-77.86  
509.2   	-78.9   
509.6   	-79.54  
510     	-79.95  
510.4   	-80.22  
510.8   	-80.39  
511.2   	-80.5   
511.6   	-80.56  
512     	-80.58  
512.4   	-80.53  
512.8   	-80.3   
513.2   	-79.71  
513.6   	-78.07  
514     	-71.79  
514.4   	-48.06  
514.8   	37.79   
515.2   	39.39   
515.6   	24.72   
516     	7.052   
516.4   	-10.63  
516.8   	-28.97  
517.2   	-47.4   
517.6   	-61.4   
518     	-69.63  
518.4   	-74.2   
518.8   	-76.76  
519.2   	-78.25  
519.6   	-79.14  
520     	-79.69  
520.4   	-80.04  
520.8   	-80.27  
521.2   	-80.41  
521.6   	-80.49  
522     	-80.52  
522.4   	-80.51  
522.8   	-80.42  
523.2   	-80.16  
523.6   	-79.58  
524     	-78.11  
524.4   	-72.44  
524.8   	-50.69  
525.2   	35.19   
525.6   	40.17   
526     	25.91   
526.4   	8.312   
526.8   	-9.41   
527.2   	-27.66  
527.6   	-46.24  
528     	-60.66  
528.4   	-69.21  
528.8   	-73.95  
529.2   	-76.6   
529.6   	-78.13  
530     	-79.04  
530.4   	-79.6   
530.8   	-79.95  
531.2   	-80.16  
531.6   	-80.28  
532     	-80.35  
532.4   	-80.38  
532.8   	-80.37  
533.2   	-80.33  
533.6   	-80.24  
534     	-80.04  
534.4   	-79.59  
534.8   	-78.49  
535.2   	-74.44  
535.6   	-58.41  
536     	14.01   
536.4   	42.3    
536.8   	29.75   
537.2   	12.52   
537.6   	-5.295  
538     	-23.24  
538.4   	-42.08  
538.8   	-57.87  
539.2   	-67.63  
539.6   	-73.08  
540     	-76.11  
540.4   	-77.84  
540.8   	-78.86  
541.2   	-79.49  
541.6   	-79.88  
542     	-80.13  
542.4   	-80.27  
542.8   	-80.35  
543.2   	-80.36  
543.6   	-80.34  
544     	-80.29  
544.4   	-80.2   
544.8   	-80.09  
545.2   	-79.98  
545.6   	-79.85  
546     	-79.73  
546.4   	-79.61  
546.8   	-79.48  
547.2   	-79.36  
547.6   	-79.25  
548     	-79.13  
548.4   	-79     
548.8   	-78.87  
549.2   	-78.72  
549.6   	-78.55  
550     	-78.27  
550.4   	-77.72  
550.8   	-76.17  
551.2   	-69.39  
551.6   	-41.54  
552     	41.95   
552.4   	38.01   
552.8   	22.51   
553.2   	4.668   
553.6   	-13.01  
554     	-31.55  
554.4   	-49.73  
554.8   	-62.88  
555.2   	-70.45  
555.6   	-74.63  
556     	-76.98  
556.4   	-78.33  
556.8   	-79.14  
557.2   	-79.64  
557.6   	-79.96  
558     	-80.14  
558.4   	-80.24  
558.8   	-80.27  
559.2   	-80.24  
559.6   	-80.17  
560     	-80.07  
560.4   	-79.94  
560.8   	-79.79  
561.2   	-79.62  
561.6   	-79.43  
562     	-79.23  
562.4   	-78.98  
562.8   	-78.62  
563.2   	-77.98  
563.6   	-76.14  
564     	-68.33  
564.4   	-36.82  
564.8   	42.81   
565.2   	36.78   
565.6   	20.93   
566     	3.062   
566.4   	-14.6   
566.8   	-33.24  
567.2   	-51.13  
567.6   	-63.71  
568     	-70.91  
568.4   	-74.89  
568.8   	-77.13  
569.2   	-78.42  
569.6   	-79.2   
570     	-79.68  
570.4   	-79.98  
570.8   	-80.17  
571.2   	-80.29  
571.6   	-80.35  
572     	-80.38  
572.4   	-80.37  
572.8   	-80.35  
573.2   	-80.29  
573.6   	-80.23  
574     	-80.14  
574.4   	-80.05  
574.8   	-79.95  
575.2   	-79.83  
575.6   	-79.71  
576     	-79.56  
576.4   	-79.39  
576.8   	-79.11  
577.2   	-78.53  
577.6   	-76.83  
578     	-69.76  
578.4   	-41.63  
578.8   	41.85   
579.2   	38      
579.6   	22.53   
580     	4.7     
580.4   	-12.98  
580.8   	-31.52  
581.2   	-49.69  
581.6   	-62.85  
582     	-70.44  
582.4   	-74.64  
582.8   	-77     
583.2   	-78.37  
583.6   	-79.18  
584     	-79.67  
584.4   	-79.97  
584.8   	-80.15  
585.2   	-80.25  
585.6   	-80.3   
586     	-80.31  
586.4   	-80.28  
586.8   	-80.22  
587.2   	-80.13  
587.6   	-79.94  
588     	-79.53  
588.4   	-78.62  
588.8   	-75.49  
589.2   	-62.93  
589.6   	-11.34  
590     	43.17   
590.4   	32.36   
590.8   	15.54   
591.2   	-2.315  
591.6   	-20.08  
592     	-38.91  
592.4   	-55.55  
592.8   	-66.28  
593.2   	-72.32  
593.6   	-75.67  
594     	-77.57  
594.4   	-78.68  
594.8   	-79.34  
595.2   	-79.73  
595.6   	-79.97  
596     	-80.11  
596.4   	-80.17  
596.8   	-80.19  
597.2   	-80.17  
597.6   	-80.12  
598     	-80.04  
598.4   	-79.9   
598.8   	-79.56  
599.2   	-78.78  
599.6   	-76.19  
600     	-65.83  
600.4   	-25.41  
600.8   	43.35   
601.2   	34.39   
601.6   	17.98   
602     	0.0973  
602.4   	-17.62  
602.8   	-36.42  
603.2   	-53.68  
603.6   	-65.21  
604     	-71.74  
604.4   	-75.36  
604.8   	-77.4   
605.2   	-78.59  
605.6   	-79.31  
606     	-79.76  
606.4   	-80.04  
606.8   	-80.22  
607.2   	-80.34  
607.6   	-80.41  
608     	-80.44  
608.4   	-80.43  
608.8   	-80.39  
609.2   	-80.27  
609.6   	-79.95  
610     	-79.17  
610.4   	-76.6   
610.8   	-66.52  
611.2   	-27.91  
611.6   	43.27   
612     	34.82   
612.4   	18.52   
612.8   	0.6407  
613.2   	-17.06  
613.6   	-35.84  
614     	-53.2   
614.4   	-64.92  
614.8   	-71.56  
615.2   	-75.25  
615.6   	-77.32  
616     	-78.53  
616.4   	-79.25  
616.8   	-79.7   
617.2   	-79.96  
617.6   	-80.11  
618     	-80.18  
618.4   	-80.18  
618.8   	-80.13  
619.2   	-80.03  
619.6   	-79.83  
620     	-79.42  
620.4   	-78.61  
620.8   	-75.93  
621.2   	-65.2   
621.6   	-23.14  
622     	43.27   
622.4   	33.94   
622.8   	17.45   
623.2   	-0.426  
623.6   	-18.15  
624     	-36.96  
624.4   	-54.09  
624.8   	-65.45  
625.2   	-71.87  
625.6   	-75.43  
626     	-77.43  
626.4   	-78.6   
626.8   	-79.29  
627.2   	-79.7   
627.6   	-79.94  
628     	-80.07  
628.4   	-80.14  
628.8   	-80.15  
629.2   	-80.12  
629.6   	-80.04  
630     	-79.92  
630.4   	-79.72  
630.8   	-79.35  
631.2   	-78.63  
631.6   	-76.46  
632     	-67.64  
632.4   	-33.37  
632.8   	42.92   
633.2   	35.84   
633.6   	19.8    
634     	1.941   
634.4   	-15.71  
634.8   	-34.39  
635.2   	-52.03  
635.6   	-64.22  
636     	-71.18  
636.4   	-75.04  
636.8   	-77.21  
637.2   	-78.47  
637.6   	-79.23  
638     	-79.69  
638.4   	-79.97  
638.8   	-80.13  
639.2   	-80.22  
639.6   	-80.25  
640     	-80.24  
640.4   	-80.2   
640.8   	-80.13  
641.2   	-80.02  
641.6   	-79.84  
642     	-79.46  
642.4   	-78.65  
642.8   	-75.94  
643.2   	-64.99  
643.6   	-21.61  
644     	43.42   
644.4   	33.82   
644.8   	17.27   
645.2   	-0.6157 
645.6   	-18.35  
646     	-37.17  
646.4   	-54.26  
646.8   	-65.56  
647.2   	-71.94  
647.6   	-75.47  
648     	-77.47  
648.4   	-78.64  
648.8   	-79.35  
649.2   	-79.79  
649.6   	-80.07  
650     	-80.23  
650.4   	-80.32  
650.8   	-80.35  
651.2   	-80.35  
651.6   	-80.32  
652     	-80.26  
652.4   	-80.12  
652.8   	-79.77  
653.2   	-78.92  
653.6   	-76.03  
654     	-64.57  
654.4   	-19.51  
654.8   	43.33   
655.2   	33.46   
655.6   	16.85   
656     	-1.03   
656.4   	-18.77  
656.8   	-37.61  
657.2   	-54.59  
657.6   	-65.75  
658     	-72.04  
658.4   	-75.53  
658.8   	-77.5   
659.2   	-78.65  
659.6   	-79.35  
660     	-79.79  
660.4   	-80.05  
660.8   	-80.2   
661.2   	-80.28  
661.6   	-80.3   
662     	-80.28  
662.4   	-80.22  
662.8   	-80.12  
663.2   	-79.91  
663.6   	-79.42  
664     	-78.17  
664.4   	-73.37  
664.8   	-54.51  
665.2   	28.34   
665.6   	41.23   
666     	27.68   
666.4   	10.24   
666.8   	-7.516  
667.2   	-25.61  
667.6   	-44.31  
668     	-59.37  
668.4   	-68.47  
668.8   	-73.53  
669.2   	-76.36  
669.6   	-77.97  
670     	-78.93  
670.4   	-79.51  
670.8   	-79.87  
671.2   	-80.1   
671.6   	-80.24  
672     	-80.31  
672.4   	-80.35  
672.8   	-80.34  
673.2   	-80.32  
673.6   	-80.27  
674     	-80.2   
674.4   	-80.11  
674.8   	-79.99  
675.2   	-79.72  
675.6   	-79.1   
676     	-77.27  
676.4   	-69.93  
676.8   	-41.54  
677.2   	41.69   
677.6   	37.87   
678     	22.43   
678.4   	4.611   
678.8   	-13.07  
679.2   	-31.62  
679.6   	-49.76  
680     	-62.89  
680.4   	-70.46  
680.8   	-74.65  
681.2   	-77     
681.6   	-78.37  
682     	-79.18  
682.4   	-79.69  
682.8   	-80     
683.2   	-80.2   
683.6   	-80.31  
684     	-80.37  
684.4   	-80.38  
684.8   	-80.36  
685.2   	-80.32  
685.6   	-80.27  
686     	-80.21  
686.4   	-80.14  
686.8   	-80.08  
687.2   	-80     
687.6   	-79.92  
688     	-79.82  
688.4   	-79.71  
688.8   	-79.6   
689.2   	-79.48  
689.6   	-79.35  
690     	-79.21  
690.4   	-79.07  
690.8   	-78.91  
691.2   	-78.77  
691.6   	-78.63  
692     	-78.5   
692.4   	-78.38  
692.8   	-78.27  
693.2   	-78.18  
693.6   	-78.1   
694     	-78.03  
694.4   	-77.97  
694.8   	-77.92  
695.2   	-77.88  
695.6   	-77.83  
696     	-77.79  
696.4   	-77.75  
696.8   	-77.71  
697.2   	-77.66  
697.6   	-77.62  
698     	-77.57  
698.4   	-77.52  
698.8   	-77.48  
699.2   	-77.43  
699.6   	-77.38  
700     	-77.32  
700.4   	-77.25  
700.8   	-77.18  
701.2   	-77.09  
701.6   	-76.98  
702     	-76.79  
702.4   	-76.27  
702.8   	-74.25  
703.2   	-64.81  
703.6   	-23.48  
704     	43.81   
704.4   	34.33   
704.8   	17.77   
705.2   	-0.1573 
705.6   	-17.89  
706     	-36.74  
706.4   	-54     
706.8   	-65.45  
707.2   	-71.9   
707.6   	-75.47  
708     	-77.48  
708.4   	-78.65  
708.8   	-79.36  
709.2   	-79.8   
709.6   	-80.07  
710     	-80.24  
710.4   	-80.34  
710.8   	-80.37  
711.2   	-80.37  
711.6   	-80.33  
712     	-80.26  
712.4   	-80.09  
712.8   	-79.67  
713.2   	-78.67  
713.6   	-75.11  
714     	-60.99  
714.4   	-0.4295 
714.8   	42.83   
715.2   	31.18   
715.6   	14.17   
716     	-3.672  
716.4   	-21.51  
716.8   	-40.36  
717.2   	-56.61  
717.6   	-66.88  
718     	-72.63  
718.4   	-75.81  
718.8   	-77.6   
719.2   	-78.64  
719.6   	-79.26  
720     	-79.63  
720.4   	-79.85  
720.8   	-79.97  
721.2   	-80.02  
721.6   	-80.03  
722     	-80.01  
722.4   	-79.97  
722.8   	-79.9   
723.2   	-79.81  
723.6   	-79.7   
724     	-79.58  
724.4   	-79.46  
724.8   	-79.33  
725.2   	-79.2   
725.6   	-79.06  
726     	-78.91  
726.4   	-78.76  
726.8   	-78.6   
727.2   	-78.43  
727.6   	-78.24  
728     	-78.02  
728.4   	-77.67  
728.8   	-76.95  
729.2   	-74.32  
729.6   	-62.6   
730     	-10.6   
730.4   	43.48   
730.8   	32.49   
731.2   	15.6    
731.6   	-2.275  
732     	-20.04  
732.4   	-38.9   
732.8   	-55.59  
733.2   	-66.33  
733.6   	-72.36  
734     	-75.69  
734.4   	-77.57  
734.8   	-78.67  
735.2   	-79.34  
735.6   	-79.74  
736     	-79.99  
736.4   	-80.13  
736.8   	-80.21  
737.2   	-80.24  
737.6   	-80.24  
738     	-80.21  
738.4   	-80.16  
738.8   	-80.09  
739.2   	-79.97  
739.6   	-79.8   
740     	-79.5   
740.4   	-78.91  
740.8   	-77.29  
741.2   	-70.72  
741.6   	-44.97  
742     	40.25   
742.4   	38.72   
742.8   	23.62   
743.2   	5.859   
743.6   	-11.81  
744     	-30.25  
744.4   	-48.55  
744.8   	-62.13  
745.2   	-70.02  
745.6   	-74.4   
746     	-76.84  
746.4   	-78.25  
746.8   	-79.09  
747.2   	-79.6   
747.6   	-79.92  
748     	-80.12  
748.4   	-80.23  
748.8   	-80.29  
749.2   	-80.29  
749.6   	-80.25  
750     	-80.16  
750.4   	-79.96  
750.8   	-79.52  
751.2   	-78.57  
751.6   	-75.29  
752     	-62.16  
752.4   	-7.452  
752.8   	43      
753.2   	31.87   
753.6   	14.98   
754     	-2.869  
754.4   	-20.67  
754.8   	-39.51  
755.2   	-55.99  
755.6   	-66.54  
756     	-72.47  
756.4   	-75.76  
756.8   	-77.62  
757.2   	-78.72  
757.6   	-79.38  
758     	-79.79  
758.4   	-80.05  
758.8   	-80.2   
759.2   	-80.27  
759.6   	-80.27  
760     	-80.2   
760.4   	-80.04  
760.8   	-79.71  
761.2   	-79.12  
761.6   	-77.66  
762     	-71.96  
762.4   	-49.77  
762.8   	36.14   
763.2   	39.88   
763.6   	25.48   
764     	7.853   
764.4   	-9.845  
764.8   	-28.11  
765.2   	-46.61  
765.6   	-60.87  
766     	-69.29  
766.4   	-73.97  
766.8   	-76.58  
767.2   	-78.07  
767.6   	-78.96  
768     	-79.49  
768.4   	-79.81  
768.8   	-79.99  
769.2   	-80.09  
769.6   	-80.12  
770     	-80.1   
770.4   	-80.05  
770.8   	-79.97  
771.2   	-79.86  
771.6   	-79.73  
772     	-79.59  
772.4   	-79.42  
772.8   	-79.25  
773.2   	-79.05  
773.6   	-78.8   
774     	-78.43  
774.4   	-77.79  
774.8   	-75.9   
775.2   	-67.74  
775.6   	-34.59  
776     	43.08   
776.4   	36.27   
776.8   	20.26   
777.2   	2.391   
777.6   	-15.26  
778     	-33.91  
778.4   	-51.64  
778.8   	-63.99  
779.2   	-71.03  
779.6   	-74.92  
780     	-77.1   
780.4   	-78.35  
780.8   	-79.09  
781.2   	-79.53  
781.6   	-79.79  
782     	-79.94  
782.4   	-80     
782.8   	-80.02  
783.2   	-79.99  
783.6   	-79.94  
784     	-79.86  
784.4   	-79.77  
784.8   	-79.66  
785.2   	-79.54  
785.6   	-79.41  
786     	-79.27  
786.4   	-79.14  
786.8   	-79     
787.2   	-78.87  
787.6   	-78.74  
788     	-78.62  
788.4   	-78.49  
788.8   	-78.36  
789.2   	-78.23  
789.6   	-78.1   
790     	-77.97  
790.4   	-77.84  
790.8   	-77.71  
791.2   	-77.58  
791.6   	-77.44  
792     	-77.28  
792.4   	-77.1   
792.8   	-76.86  
793.2   	-76.46  
793.6   	-75.44  
794     	-70.81  
794.4   	-50     
794.8   	36.65   
795.2   	40.35   
795.6   	25.83   
796     	8.149   
796.4   	-9.588  
796.8   	-27.87  
797.2   	-46.49  
797.6   	-60.9   
798     	-69.37  
798.4   	-74.06  
798.8   	-76.68  
799.2   	-78.17  
799.6   	-79.06  
800     	-79.61  
800.4   	-79.95  
800.8   	-80.16  
801.2   	-80.29  
801.6   	-80.36  
802     	-80.39  
802.4   	-80.39  
802.8   	-80.37  
803.2   	-80.31  
803.6   	-80.24  
804     	-80.13  
804.4   	-79.99  
804.8   	-79.77  
805.2   	-79.34  
805.6   	-78.43  
806     	-75.28  
806.4   	-62.41  
806.8   	-8.052  
807.2   	43.23   
807.6   	32.11   
808     	15.21   
808.4   	-2.65   
808.8   	-20.45  
809.2   	-39.31  
809.6   	-55.87  
810     	-66.49  
810.4   	-72.46  
810.8   	-75.78  
811.2   	-77.66  
811.6   	-78.77  
812     	-79.45  
812.4   	-79.87  
812.8   	-80.13  
813.2   	-80.29  
813.6   	-80.38  
814     	-80.42  
814.4   	-80.42  
814.8   	-80.39  
815.2   	-80.34  
815.6   	-80.26  
816     	-80.16  
816.4   	-80.04  
816.8   	-79.9   
817.2   	-79.75  
817.6   	-79.61  
818     	-79.49  
818.4   	-79.38  
818.8   	-79.28  
819.2   	-79.2   
819.6   	-79.12  
820     	-79.05  
820.4   	-78.99  
820.8   	-78.93  
821.2   	-78.87  
821.6   	-78.8   
822     	-78.72  
822.4   	-78.64  
822.8   	-78.53  
823.2   	-78.41  
823.6   	-78.23  
824     	-77.87  
824.4   	-76.89  
824.8   	-72.82  
825.2   	-55.3   
825.6   	26.89   
826     	41.78   
826.4   	28.27   
826.8   	10.82   
827.2   	-6.964  
827.6   	-25.02  
828     	-43.79  
828.4   	-59.07  
828.8   	-68.32  
829.2   	-73.46  
829.6   	-76.32  
830     	-77.95  
830.4   	-78.91  
830.8   	-79.49  
831.2   	-79.85  
831.6   	-80.07  
832     	-80.2   
832.4   	-80.26  
832.8   	-80.29  
833.2   	-80.27  
833.6   	-80.22  
834     	-80.1   
834.4   	-79.84  
834.8   	-79.31  
835.2   	-78.09  
835.6   	-73.43  
836     	-54.96  
836.4   	27.18   
836.8   	41.37   
837.2   	27.91   
837.6   	10.48   
838     	-7.275  
838.4   	-25.35  
838.8   	-44.07  
839.2   	-59.23  
839.6   	-68.4   
840     	-73.52  
840.4   	-76.37  
840.8   	-78.01  
841.2   	-78.98  
841.6   	-79.57  
842     	-79.94  
842.4   	-80.16  
842.8   	-80.29  
843.2   	-80.35  
843.6   	-80.36  
844     	-80.33  
844.4   	-80.25  
844.8   	-80.05  
845.2   	-79.6   
845.6   	-78.59  
846     	-75.01  
846.4   	-60.81  
846.8   	0.2738  
847.2   	42.76   
847.6   	31.07   
848     	14.05   
848.4   	-3.793  
848.8   	-21.65  
849.2   	-40.5   
849.6   	-56.73  
850     	-66.97  
850.4   	-72.7   
850.8   	-75.89  
851.2   	-77.7   
851.6   	-78.76  
852     	-79.41  
852.4   	-79.8   
852.8   	-80.04  
853.2   	-80.17  
853.6   	-80.23  
854     	-80.24  
854.4   	-80.22  
854.8   	-80.16  
855.2   	-80.09  
855.6   	-80.01  
856     	-79.93  
856.4   	-79.84  
856.8   	-79.76  
857.2   	-79.67  
857.6   	-79.59  
858     	-79.5   
858.4   	-79.4   
858.8   	-79.3   
859.2   	-79.18  
859.6   	-79.05  
860     	-78.89  
860.4   	-78.72  
860.8   	-78.5   
861.2   	-78.11  
861.6   	-77.2   
862     	-73.62  
862.4   	-58.19  
862.8   	15.56   
863.2   	42.56   
863.6   	29.83   
864     	12.55   
864.4   	-5.288  
864.8   	-23.24  
865.2   	-42.1   
865.6   	-57.92  
866     	-67.68  
866.4   	-73.11  
866.8   	-76.13  
867.2   	-77.85  
867.6   	-78.86  
868     	-79.47  
868.4   	-79.85  
868.8   	-80.08  
869.2   	-80.21  
869.6   	-80.28  
870     	-80.3   
870.4   	-80.27  
870.8   	-80.22  
871.2   	-80.14  
871.6   	-80.02  
872     	-79.88  
872.4   	-79.69  
872.8   	-79.42  
873.2   	-78.94  
873.6   	-77.94  
874     	-74.23  
874.4   	-58.92  
874.8   	11.66   
875.2   	42.57   
875.6   	30.12   
876     	12.92   
876.4   	-4.919  
876.8   	-22.85  
877.2   	-41.71  
877.6   	-57.63  
878     	-67.51  
878.4   	-73.02  
878.8   	-76.08  
879.2   	-77.82  
879.6   	-78.84  
880     	-79.46  
880.4   	-79.83  
880.8   	-80.07  
881.2   	-80.2   
881.6   	-80.27  
882     	-80.29  
882.4   	-80.26  
882.8   	-80.2   
883.2   	-80.09  
883.6   	-79.91  
884     	-79.58  
884.4   	-78.93  
884.8   	-77.03  
885.2   	-69.36  
885.6   	-39.81  
886     	42.02   
886.4   	37.36   
886.8   	21.78   
887.2   	3.954   
887.6   	-13.71  
888     	-32.29  
888.4   	-50.31  
888.8   	-63.2   
889.2   	-70.61  
889.6   	-74.72  
890     	-77.02  
890.4   	-78.36  
890.8   	-79.16  
891.2   	-79.65  
891.6   	-79.97  
892     	-80.16  
892.4   	-80.28  
892.8   	-80.35  
893.2   	-80.37  
893.6   	-80.36  
894     	-80.31  
894.4   	-80.2   
894.8   	-79.89  
895.2   	-79.2   
895.6   	-77.08  
896     	-68.7   
896.4   	-36.88  
896.8   	42.52   
897.2   	36.63   
897.6   	20.83   
898     	2.988   
898.4   	-14.67  
898.8   	-33.31  
899.2   	-51.15  
899.6   	-63.7   
900     	-70.89  
900.4   	-74.87  
900.8   	-77.1   
901.2   	-78.38  
901.6   	-79.13  
902     	-79.59  
902.4   	-79.87  
902.8   	-80.04  
903.2   	-80.12  
903.6   	-80.15  
904     	-80.12  
904.4   	-80.04  
904.8   	-79.92  
905.2   	-79.76  
905.6   	-79.58  
906     	-79.35  
906.4   	-79.07  
906.8   	-78.63  
907.2   	-77.84  
907.6   	-75.2   
908     	-64.04  
908.4   	-17.71  
908.8   	43.47   
909.2   	33.3    
909.6   	16.62   
910     	-1.272  
910.4   	-19.02  
910.8   	-37.87  
911.2   	-54.81  
911.6   	-65.88  
912     	-72.11  
912.4   	-75.57  
912.8   	-77.52  
913.2   	-78.66  
913.6   	-79.35  
914     	-79.77  
914.4   	-80.02  
914.8   	-80.16  
915.2   	-80.23  
915.6   	-80.24  
916     	-80.22  
916.4   	-80.16  
916.8   	-80.07  
917.2   	-79.89  
917.6   	-79.51  
918     	-78.69  
918.4   	-75.99  
918.8   	-65.16  
919.2   	-22.53  
919.6   	43.36   
920     	33.92   
920.4   	17.4    
920.8   	-0.4801 
921.2   	-18.21  
921.6   	-37.03  
922     	-54.15  
922.4   	-65.48  
922.8   	-71.88  
923.2   	-75.41  
923.6   	-77.4   
924     	-78.55  
924.4   	-79.23  
924.8   	-79.65  
925.2   	-79.89  
925.6   	-80.04  
926     	-80.11  
926.4   	-80.13  
926.8   	-80.11  
927.2   	-80.06  
927.6   	-79.98  
928     	-79.88  
928.4   	-79.77  
928.8   	-79.63  
929.2   	-79.48  
929.6   	-79.28  
930     	-78.97  
930.4   	-78.4   
930.8   	-76.86  
931.2   	-70.47  
931.6   	-44.82  
932     	40.44   
932.4   	38.73   
932.8   	23.59   
933.2   	5.823   
933.6   	-11.85  
934     	-30.29  
934.4   	-48.59  
934.8   	-62.16  
935.2   	-70.04  
935.6   	-74.4   
936     	-76.83  
936.4   	-78.22  
936.8   	-79.05  
937.2   	-79.54  
937.6   	-79.84  
938     	-80.01  
938.4   	-80.11  
938.8   	-80.14  
939.2   	-80.14  
939.6   	-80.11  
940     	-80.04  
940.4   	-79.96  
940.8   	-79.83  
941.2   	-79.58  
941.6   	-79.04  
942     	-77.64  
942.4   	-72.07  
942.8   	-50.09  
943.2   	36.14   
943.6   	40.11   
944     	25.71   
944.4   	8.079   
944.8   	-9.642  
945.2   	-27.91  
945.6   	-46.48  
946     	-60.83  
946.4   	-69.31  
946.8   	-74.01  
947.2   	-76.64  
947.6   	-78.16  
948     	-79.06  
948.4   	-79.62  
948.8   	-79.97  
949.2   	-80.2   
949.6   	-80.34  
950     	-80.42  
950.4   	-80.46  
950.8   	-80.46  
951.2   	-80.43  
951.6   	-80.29  
952     	-79.89  
952.4   	-78.91  
952.8   	-75.5   
953.2   	-62.13  
953.6   	-6.959  
954     	42.97   
954.4   	31.82   
954.8   	14.92   
955.2   	-2.929  
955.6   	-20.74  
956     	-39.59  
956.4   	-56.06  
956.8   	-66.59  
957.2   	-72.51  
957.6   	-75.81  
958     	-77.68  
958.4   	-78.79  
958.8   	-79.47  
959.2   	-79.9   
959.6   	-80.17  
960     	-80.35  
960.4   	-80.46  
960.8   	-80.51  
961.2   	-80.52  
961.6   	-80.46  
962     	-80.24  
962.4   	-79.69  
962.8   	-78.22  
963.2   	-72.6   
963.6   	-51.15  
964     	34.51   
964.4   	40.27   
964.8   	26.1    
965.2   	8.52    
965.6   	-9.204  
966     	-27.44  
966.4   	-46.02  
966.8   	-60.52  
967.2   	-69.13  
967.6   	-73.91  
968     	-76.58  
968.4   	-78.11  
968.8   	-79.02  
969.2   	-79.58  
969.6   	-79.93  
970     	-80.14  
970.4   	-80.27  
970.8   	-80.34  
971.2   	-80.36  
971.6   	-80.33  
972     	-80.25  
972.4   	-80     
972.8   	-79.41  
973.2   	-77.8   
973.6   	-71.53  
974     	-47.55  
974.4   	38.2    
974.8   	39.25   
975.2   	24.51   
975.6   	6.827   
976     	-10.84  
976.4   	-29.18  
976.8   	-47.56  
977.2   	-61.48  
977.6   	-69.65  
978     	-74.18  
978.4   	-76.72  
978.8   	-78.18  
979.2   	-79.05  
979.6   	-79.58  
980     	-79.91  
980.4   	-80.12  
980.8   	-80.24  
981.2   	-80.3   
981.6   	-80.32  
982     	-80.31  
982.4   	-80.26  
982.8   	-80.17  
983.2   	-80     
983.6   	-79.66  
984     	-78.92  
984.4   	-76.65  
984.8   	-67.56  
985.2   	-32.52  
985.6   	43.04   
986     	35.7    
986.4   	19.62   
986.8   	1.754   
987.2   	-15.91  
987.6   	-34.62  
988     	-52.23  
988.4   	-64.36  
988.8   	-71.28  
989.2   	-75.12  
989.6   	-77.28  
990     	-78.55  
990.4   	-79.31  
990.8   	-79.79  
991.2   	-80.1   
991.6   	-80.29  
992     	-80.42  
992.4   	-80.49  
992.8   	-80.53  
993.2   	-80.53  
993.6   	-80.46  
994     	-80.18  
994.4   	-79.51  
994.8   	-77.5   
995.2   	-69.72  
995.6   	-40.5   
996     	41.72   
996.4   	37.46   
996.8   	21.96   
997.2   	4.143   
997.6   	-13.54  
998     	-32.12  
998.4   	-50.18  
998.8   	-63.14  
999.2   	-70.62  
999.6   	-74.77  
