
SWEPT_VAR_1 = 5.0    // Syn: Source PP \ NetStim \ PARAMETER \ interval (ms)

t	s.v( 0.05 )
ms	mV
0       	-64.65  
0.4     	-65.51  
0.8     	-66.35  
1.2     	-67.15  
1.6     	-67.92  
2       	-68.66  
2.4     	-69.37  
2.8     	-70.05  
3.2     	-70.69  
3.6     	-71.27  
4       	-71.79  
4.4     	-72.24  
4.8     	-72.61  
5.2     	-72.71  
5.6     	-71.92  
6       	-66.58  
6.4     	-39.77  
6.8     	42.64   
7.2     	37.57   
7.6     	21.78   
8       	3.867   
8.4     	-13.82  
8.8     	-32.44  
9.2     	-50.56  
9.6     	-63.41  
10      	-70.71  
10.4    	-74.68  
10.8    	-76.87  
11.2    	-78.08  
11.6    	-78.76  
12      	-79.13  
12.4    	-79.31  
12.8    	-79.36  
13.2    	-79.34  
13.6    	-79.24  
14      	-79.09  
14.4    	-78.89  
14.8    	-78.67  
15.2    	-78.43  
15.6    	-78.16  
16      	-77.86  
16.4    	-77.53  
16.8    	-77.17  
17.2    	-76.78  
17.6    	-76.36  
18      	-75.89  
18.4    	-75.18  
18.8    	-72.61  
19.2    	-60.11  
19.6    	1.73    
20      	43.05   
20.4    	31.12   
20.8    	14.02   
21.2    	-3.827  
21.6    	-21.62  
22      	-40.42  
22.4    	-56.61  
22.8    	-66.78  
23.2    	-72.41  
23.6    	-75.49  
24      	-77.18  
24.4    	-78.12  
24.8    	-78.63  
25.2    	-78.88  
25.6    	-78.96  
26      	-78.91  
26.4    	-78.79  
26.8    	-78.6   
27.2    	-78.37  
27.6    	-78.12  
28      	-77.84  
28.4    	-77.55  
28.8    	-77.24  
29.2    	-76.9   
29.6    	-76.54  
30      	-76.17  
30.4    	-75.76  
30.8    	-75.28  
31.2    	-74.46  
31.6    	-71.22  
32      	-55.37  
32.4    	25.15   
32.8    	41.77   
33.2    	28.35   
33.6    	10.92   
34      	-6.822  
34.4    	-24.76  
34.8    	-43.42  
35.2    	-58.68  
35.6    	-67.91  
36      	-72.98  
36.4    	-75.74  
36.8    	-77.25  
37.2    	-78.08  
37.6    	-78.51  
38      	-78.71  
38.4    	-78.74  
38.8    	-78.65  
39.2    	-78.5   
39.6    	-78.29  
40      	-78.04  
40.4    	-77.76  
40.8    	-77.44  
41.2    	-77.09  
41.6    	-76.72  
42      	-76.32  
42.4    	-75.9   
42.8    	-75.42  
43.2    	-74.67  
43.6    	-72.18  
44      	-60.04  
44.4    	0.9124  
44.8    	42.98   
45.2    	31.1    
45.6    	14.03   
46      	-3.801  
46.4    	-21.56  
46.8    	-40.3   
47.2    	-56.48  
47.6    	-66.66  
48      	-72.29  
48.4    	-75.35  
48.8    	-77.02  
49.2    	-77.94  
49.6    	-78.43  
50      	-78.66  
50.4    	-78.73  
50.8    	-78.69  
51.2    	-78.56  
51.6    	-78.36  
52      	-78.1   
52.4    	-77.81  
52.8    	-77.49  
53.2    	-77.15  
53.6    	-76.8   
54      	-76.43  
54.4    	-76.03  
54.8    	-75.57  
55.2    	-74.79  
55.6    	-72.18  
56      	-59.52  
56.4    	4.358   
56.8    	42.85   
57.2    	30.76   
57.6    	13.64   
58      	-4.186  
58.4    	-21.97  
58.8    	-40.73  
59.2    	-56.79  
59.6    	-66.84  
60      	-72.39  
60.4    	-75.41  
60.8    	-77.06  
61.2    	-77.95  
61.6    	-78.41  
62      	-78.61  
62.4    	-78.65  
62.8    	-78.59  
63.2    	-78.44  
63.6    	-78.24  
64      	-77.99  
64.4    	-77.7   
64.8    	-77.39  
65.2    	-77.07  
65.6    	-76.73  
66      	-76.36  
66.4    	-75.97  
66.8    	-75.51  
67.2    	-74.82  
67.6    	-72.88  
68      	-63.6   
68.4    	-20.43  
68.8    	43.56   
69.2    	33.64   
69.6    	17      
70      	-0.8777 
70.4    	-18.52  
70.8    	-37.24  
71.2    	-54.2   
71.6    	-65.36  
72      	-71.6   
72.4    	-75.01  
72.8    	-76.87  
73.2    	-77.9   
73.6    	-78.45  
74      	-78.73  
74.4    	-78.83  
74.8    	-78.82  
75.2    	-78.73  
75.6    	-78.59  
76      	-78.4   
76.4    	-78.18  
76.8    	-77.91  
77.2    	-77.63  
77.6    	-77.32  
78      	-77.01  
78.4    	-76.68  
78.8    	-76.34  
79.2    	-75.98  
79.6    	-75.59  
80      	-75.14  
80.4    	-74.24  
80.8    	-70.45  
81.2    	-52.07  
81.6    	33.41   
82      	40.87   
82.4    	26.74   
82.8    	9.153   
83.2    	-8.564  
83.6    	-26.66  
84      	-45.24  
84.4    	-59.92  
84.8    	-68.64  
85.2    	-73.42  
85.6    	-76.02  
86      	-77.46  
86.4    	-78.25  
86.8    	-78.66  
87.2    	-78.85  
87.6    	-78.9   
88      	-78.84  
88.4    	-78.72  
88.8    	-78.54  
89.2    	-78.33  
89.6    	-78.08  
90      	-77.81  
90.4    	-77.51  
90.8    	-77.18  
91.2    	-76.82  
91.6    	-76.44  
92      	-76.03  
92.4    	-75.57  
92.8    	-74.76  
93.2    	-71.74  
93.6    	-57.14  
94      	18.06   
94.4    	42.27   
94.8    	29.35   
95.2    	12.03   
95.6    	-5.756  
96      	-23.63  
96.4    	-42.35  
96.8    	-57.96  
97.2    	-67.52  
97.6    	-72.8   
98      	-75.67  
98.4    	-77.25  
98.8    	-78.12  
99.2    	-78.58  
99.6    	-78.79  
100     	-78.85  
100.4   	-78.8   
100.8   	-78.69  
101.2   	-78.52  
101.6   	-78.31  
102     	-78.06  
102.4   	-77.78  
102.8   	-77.48  
103.2   	-77.15  
103.6   	-76.81  
104     	-76.44  
104.4   	-76.04  
104.8   	-75.56  
105.2   	-74.65  
105.6   	-71.11  
106     	-54.18  
106.4   	28.81   
106.8   	41.41   
107.2   	27.73   
107.6   	10.24   
108     	-7.491  
108.4   	-25.5   
108.8   	-44.13  
109.2   	-59.18  
109.6   	-68.23  
110     	-73.21  
110.4   	-75.94  
110.8   	-77.45  
111.2   	-78.3   
111.6   	-78.76  
112     	-79     
112.4   	-79.08  
112.8   	-79.06  
113.2   	-78.96  
113.6   	-78.8   
114     	-78.59  
114.4   	-78.35  
114.8   	-78.07  
115.2   	-77.76  
115.6   	-77.43  
116     	-77.08  
116.4   	-76.7   
116.8   	-76.26  
117.2   	-75.68  
117.6   	-74.2   
118     	-67.36  
118.4   	-37.02  
118.8   	42.78   
119.2   	36.75   
119.6   	20.89   
120     	3.031   
120.4   	-14.58  
120.8   	-33.13  
121.2   	-50.93  
121.6   	-63.46  
122     	-70.59  
122.4   	-74.48  
122.8   	-76.62  
123.2   	-77.8   
123.6   	-78.44  
124     	-78.77  
124.4   	-78.91  
124.8   	-78.92  
125.2   	-78.85  
125.6   	-78.72  
126     	-78.53  
126.4   	-78.29  
126.8   	-78.02  
127.2   	-77.72  
127.6   	-77.39  
128     	-77.05  
128.4   	-76.7   
128.8   	-76.32  
129.2   	-75.89  
129.6   	-75.19  
130     	-72.9   
130.4   	-61.91  
130.8   	-9.968  
131.2   	43.31   
131.6   	32.25   
132     	15.35   
132.4   	-2.491  
132.8   	-20.18  
133.2   	-38.92  
133.6   	-55.45  
134     	-66.07  
134.4   	-71.97  
134.8   	-75.18  
135.2   	-76.93  
135.6   	-77.89  
136     	-78.39  
136.4   	-78.63  
136.8   	-78.7   
137.2   	-78.65  
137.6   	-78.52  
138     	-78.33  
138.4   	-78.09  
138.8   	-77.82  
139.2   	-77.53  
139.6   	-77.21  
140     	-76.87  
140.4   	-76.48  
140.8   	-76.04  
141.2   	-75.51  
141.6   	-74.46  
142     	-70.39  
142.4   	-51.22  
142.8   	34.53   
143.2   	40.54   
143.6   	26.29   
144     	8.689   
144.4   	-8.997  
144.8   	-27.1   
145.2   	-45.59  
145.6   	-60.1   
146     	-68.68  
146.4   	-73.38  
146.8   	-75.94  
147.2   	-77.34  
147.6   	-78.1   
148     	-78.48  
148.4   	-78.64  
148.8   	-78.65  
149.2   	-78.56  
149.6   	-78.4   
150     	-78.2   
150.4   	-77.96  
150.8   	-77.69  
151.2   	-77.4   
151.6   	-77.09  
152     	-76.76  
152.4   	-76.4   
152.8   	-76.01  
153.2   	-75.55  
153.6   	-74.78  
154     	-72.42  
154.4   	-61.03  
154.8   	-5.301  
155.2   	43.17   
155.6   	31.73   
156     	14.75   
156.4   	-3.089  
156.8   	-20.81  
157.2   	-39.55  
157.6   	-55.92  
158     	-66.34  
158.4   	-72.13  
158.8   	-75.28  
159.2   	-77.01  
159.6   	-77.96  
160     	-78.46  
160.4   	-78.71  
160.8   	-78.78  
161.2   	-78.72  
161.6   	-78.58  
162     	-78.39  
162.4   	-78.15  
162.8   	-77.88  
163.2   	-77.58  
163.6   	-77.26  
164     	-76.92  
164.4   	-76.54  
164.8   	-76.12  
165.2   	-75.57  
165.6   	-74.43  
166     	-69.7   
166.4   	-47.86  
166.8   	38.25   
167.2   	39.52   
167.6   	24.73   
168     	7.036   
168.4   	-10.6   
168.8   	-28.82  
169.2   	-47.16  
169.6   	-61.12  
170     	-69.27  
170.4   	-73.74  
170.8   	-76.19  
171.2   	-77.53  
171.6   	-78.27  
172     	-78.65  
172.4   	-78.8   
172.8   	-78.82  
173.2   	-78.73  
173.6   	-78.58  
174     	-78.38  
174.4   	-78.13  
174.8   	-77.84  
175.2   	-77.52  
175.6   	-77.17  
176     	-76.79  
176.4   	-76.35  
176.8   	-75.72  
177.2   	-74.11  
177.6   	-66.87  
178     	-35.01  
178.4   	42.9    
178.8   	36.2    
179.2   	20.21   
179.6   	2.369   
180     	-15.21  
180.4   	-33.75  
180.8   	-51.38  
181.2   	-63.69  
181.6   	-70.68  
182     	-74.51  
182.4   	-76.6   
182.8   	-77.76  
183.2   	-78.4   
183.6   	-78.72  
184     	-78.85  
184.4   	-78.86  
184.8   	-78.78  
185.2   	-78.64  
185.6   	-78.44  
186     	-78.21  
186.4   	-77.94  
186.8   	-77.64  
187.2   	-77.33  
187.6   	-77     
188     	-76.65  
188.4   	-76.29  
188.8   	-75.9   
189.2   	-75.45  
189.6   	-74.74  
190     	-72.39  
190.4   	-60.9   
190.8   	-4.234  
191.2   	43.2    
191.6   	31.66   
192     	14.66   
192.4   	-3.183  
192.8   	-20.92  
193.2   	-39.67  
193.6   	-56.03  
194     	-66.42  
194.4   	-72.19  
194.8   	-75.34  
195.2   	-77.06  
195.6   	-78.01  
196     	-78.52  
196.4   	-78.78  
196.8   	-78.87  
197.2   	-78.85  
197.6   	-78.76  
198     	-78.61  
198.4   	-78.41  
198.8   	-78.17  
199.2   	-77.9   
199.6   	-77.61  
200     	-77.31  
200.4   	-76.99  
200.8   	-76.65  
201.2   	-76.3   
201.6   	-75.91  
202     	-75.47  
202.4   	-74.71  
202.8   	-71.88  
203.2   	-58.04  
203.6   	13.49   
204     	42.55   
204.4   	29.9    
204.8   	12.64   
205.2   	-5.165  
205.6   	-23.01  
206     	-41.76  
206.4   	-57.55  
206.8   	-67.3   
207.2   	-72.68  
207.6   	-75.61  
208     	-77.22  
208.4   	-78.1   
208.8   	-78.57  
209.2   	-78.79  
209.6   	-78.84  
210     	-78.8   
210.4   	-78.69  
210.8   	-78.51  
211.2   	-78.29  
211.6   	-78.03  
212     	-77.73  
212.4   	-77.41  
212.8   	-77.06  
213.2   	-76.69  
213.6   	-76.28  
214     	-75.83  
214.4   	-75.19  
214.8   	-73.4   
215.2   	-64.88  
215.6   	-26.29  
216     	43.55   
216.4   	34.59   
216.8   	18.16   
217.2   	0.2707  
217.6   	-17.37  
218     	-36.06  
218.4   	-53.29  
218.8   	-64.84  
219.2   	-71.33  
219.6   	-74.86  
220     	-76.8   
220.4   	-77.86  
220.8   	-78.44  
221.2   	-78.72  
221.6   	-78.82  
222     	-78.8   
222.4   	-78.69  
222.8   	-78.52  
223.2   	-78.29  
223.6   	-78.03  
224     	-77.73  
224.4   	-77.39  
224.8   	-77.03  
225.2   	-76.65  
225.6   	-76.22  
226     	-75.71  
226.4   	-74.76  
226.8   	-71.1   
227.2   	-53.83  
227.6   	29.58   
228     	41.26   
228.4   	27.52   
228.8   	10.03   
229.2   	-7.689  
229.6   	-25.69  
230     	-44.29  
230.4   	-59.25  
230.8   	-68.23  
231.2   	-73.17  
231.6   	-75.87  
232     	-77.37  
232.4   	-78.19  
232.8   	-78.64  
233.2   	-78.86  
233.6   	-78.94  
234     	-78.92  
234.4   	-78.82  
234.8   	-78.68  
235.2   	-78.48  
235.6   	-78.26  
236     	-78     
236.4   	-77.72  
236.8   	-77.41  
237.2   	-77.09  
237.6   	-76.75  
238     	-76.41  
238.4   	-76.05  
238.8   	-75.67  
239.2   	-75.23  
239.6   	-74.39  
240     	-70.93  
240.4   	-54.05  
240.8   	29.28   
241.2   	41.44   
241.6   	27.7    
242     	10.2    
242.4   	-7.543  
242.8   	-25.56  
243.2   	-44.21  
243.6   	-59.24  
244     	-68.27  
244.4   	-73.23  
244.8   	-75.95  
245.2   	-77.45  
245.6   	-78.28  
246     	-78.74  
246.4   	-78.96  
246.8   	-79.04  
247.2   	-79.01  
247.6   	-78.92  
248     	-78.77  
248.4   	-78.57  
248.8   	-78.34  
249.2   	-78.08  
249.6   	-77.79  
250     	-77.48  
250.4   	-77.16  
250.8   	-76.81  
251.2   	-76.46  
251.6   	-76.07  
252     	-75.64  
252.4   	-75.04  
252.8   	-73.21  
253.2   	-64.34  
253.6   	-23.58  
254     	43.67   
254.4   	34.2    
254.8   	17.66   
255.2   	-0.241  
255.6   	-17.91  
256     	-36.65  
256.4   	-53.78  
256.8   	-65.15  
257.2   	-71.51  
257.6   	-74.96  
258     	-76.85  
258.4   	-77.88  
258.8   	-78.43  
259.2   	-78.69  
259.6   	-78.77  
260     	-78.74  
260.4   	-78.61  
260.8   	-78.43  
261.2   	-78.2   
261.6   	-77.92  
262     	-77.61  
262.4   	-77.28  
262.8   	-76.92  
263.2   	-76.53  
263.6   	-76.08  
264     	-75.49  
264.4   	-74.11  
264.8   	-68     
265.2   	-40.51  
265.6   	42      
266     	37.55   
266.4   	21.97   
266.8   	4.147   
267.2   	-13.46  
267.6   	-31.92  
268     	-49.88  
268.4   	-62.8   
268.8   	-70.18  
269.2   	-74.21  
269.6   	-76.4   
270     	-77.61  
270.4   	-78.26  
270.8   	-78.59  
271.2   	-78.73  
271.6   	-78.74  
272     	-78.66  
272.4   	-78.53  
272.8   	-78.34  
273.2   	-78.12  
273.6   	-77.86  
274     	-77.58  
274.4   	-77.27  
274.8   	-76.92  
275.2   	-76.52  
275.6   	-76.08  
276     	-75.55  
276.4   	-74.51  
276.8   	-70.28  
277.2   	-50.43  
277.6   	35.68   
278     	40.32   
278.4   	25.93   
278.8   	8.299   
279.2   	-9.386  
279.6   	-27.53  
280     	-46.02  
280.4   	-60.41  
280.8   	-68.88  
281.2   	-73.53  
281.6   	-76.07  
282     	-77.47  
282.4   	-78.24  
282.8   	-78.64  
283.2   	-78.82  
283.6   	-78.84  
284     	-78.77  
284.4   	-78.62  
284.8   	-78.41  
285.2   	-78.17  
285.6   	-77.89  
286     	-77.58  
286.4   	-77.24  
286.8   	-76.88  
287.2   	-76.49  
287.6   	-76.07  
288     	-75.52  
288.4   	-74.22  
288.8   	-68.39  
289.2   	-42.11  
289.6   	41.55   
290     	37.98   
290.4   	22.53   
290.8   	4.725   
291.2   	-12.89  
291.6   	-31.3   
292     	-49.34  
292.4   	-62.47  
292.8   	-70     
293.2   	-74.12  
293.6   	-76.37  
294     	-77.6   
294.4   	-78.28  
294.8   	-78.62  
295.2   	-78.75  
295.6   	-78.74  
296     	-78.64  
296.4   	-78.47  
296.8   	-78.24  
297.2   	-77.97  
297.6   	-77.68  
298     	-77.36  
298.4   	-77.04  
298.8   	-76.7   
299.2   	-76.34  
299.6   	-75.98  
300     	-75.58  
300.4   	-75.06  
300.8   	-73.81  
301.2   	-68.19  
301.6   	-42.18  
302     	41.59   
302.4   	38.03   
302.8   	22.58   
303.2   	4.763   
303.6   	-12.86  
304     	-31.28  
304.4   	-49.35  
304.8   	-62.5   
305.2   	-70.04  
305.6   	-74.16  
306     	-76.41  
306.4   	-77.65  
306.8   	-78.33  
307.2   	-78.68  
307.6   	-78.83  
308     	-78.84  
308.4   	-78.77  
308.8   	-78.63  
309.2   	-78.43  
309.6   	-78.2   
310     	-77.95  
310.4   	-77.67  
310.8   	-77.36  
311.2   	-77.03  
311.6   	-76.68  
312     	-76.3   
312.4   	-75.89  
312.8   	-75.39  
313.2   	-74.37  
313.6   	-70.01  
314     	-49.47  
314.4   	36.87   
314.8   	40.07   
315.2   	25.5    
315.6   	7.835   
316     	-9.839  
316.4   	-28.02  
316.8   	-46.46  
317.2   	-60.68  
317.6   	-69.02  
318     	-73.59  
318.4   	-76.07  
318.8   	-77.44  
319.2   	-78.19  
319.6   	-78.58  
320     	-78.75  
320.4   	-78.78  
320.8   	-78.72  
321.2   	-78.59  
321.6   	-78.41  
322     	-78.18  
322.4   	-77.92  
322.8   	-77.61  
323.2   	-77.28  
323.6   	-76.93  
324     	-76.56  
324.4   	-76.16  
324.8   	-75.71  
325.2   	-75.04  
325.6   	-73.06  
326     	-63.63  
326.4   	-20.09  
326.8   	43.57   
327.2   	33.6    
327.6   	16.96   
328     	-0.9205 
328.4   	-18.57  
328.8   	-37.28  
329.2   	-54.22  
329.6   	-65.36  
330     	-71.58  
330.4   	-74.96  
330.8   	-76.82  
331.2   	-77.82  
331.6   	-78.35  
332     	-78.6   
332.4   	-78.67  
332.8   	-78.63  
333.2   	-78.49  
333.6   	-78.29  
334     	-78.03  
334.4   	-77.73  
334.8   	-77.4   
335.2   	-77.05  
335.6   	-76.68  
336     	-76.29  
336.4   	-75.83  
336.8   	-75.04  
337.2   	-72.63  
337.6   	-61.22  
338     	-6.446  
338.4   	43.13   
338.8   	31.79   
339.2   	14.84   
339.6   	-2.988  
340     	-20.69  
340.4   	-39.41  
340.8   	-55.79  
341.2   	-66.26  
341.6   	-72.07  
342     	-75.24  
342.4   	-76.97  
342.8   	-77.91  
343.2   	-78.41  
343.6   	-78.65  
344     	-78.71  
344.4   	-78.64  
344.8   	-78.5   
345.2   	-78.3   
345.6   	-78.06  
346     	-77.8   
346.4   	-77.51  
346.8   	-77.2   
347.2   	-76.87  
347.6   	-76.52  
348     	-76.14  
348.4   	-75.72  
348.8   	-75.11  
349.2   	-73.51  
349.6   	-66.05  
350     	-32.22  
350.4   	43.26   
350.8   	35.66   
351.2   	19.49   
351.6   	1.625   
352     	-15.97  
352.4   	-34.57  
352.8   	-52.08  
353.2   	-64.13  
353.6   	-70.94  
354     	-74.67  
354.4   	-76.72  
354.8   	-77.86  
355.2   	-78.49  
355.6   	-78.8   
356     	-78.92  
356.4   	-78.91  
356.8   	-78.83  
357.2   	-78.69  
357.6   	-78.5   
358     	-78.28  
358.4   	-78.03  
358.8   	-77.75  
359.2   	-77.44  
359.6   	-77.12  
360     	-76.78  
360.4   	-76.41  
360.8   	-76.02  
361.2   	-75.56  
361.6   	-74.82  
362     	-72.23  
362.4   	-59.55  
362.8   	4.585   
363.2   	42.92   
363.6   	30.8    
364     	13.67   
364.4   	-4.167  
364.8   	-21.97  
365.2   	-40.75  
365.6   	-56.84  
366     	-66.9   
366.4   	-72.48  
366.8   	-75.51  
367.2   	-77.19  
367.6   	-78.12  
368     	-78.61  
368.4   	-78.85  
368.8   	-78.91  
369.2   	-78.86  
369.6   	-78.71  
370     	-78.49  
370.4   	-78.21  
370.8   	-77.9   
371.2   	-77.56  
371.6   	-77.19  
372     	-76.79  
372.4   	-76.32  
372.8   	-75.65  
373.2   	-73.78  
373.6   	-65.29  
374     	-27.82  
374.4   	43.39   
374.8   	34.78   
375.2   	18.43   
375.6   	0.5588  
376     	-17.05  
376.4   	-35.7   
376.8   	-52.95  
377.2   	-64.6   
377.6   	-71.16  
378     	-74.73  
378.4   	-76.68  
378.8   	-77.75  
379.2   	-78.33  
379.6   	-78.61  
380     	-78.71  
380.4   	-78.67  
380.8   	-78.55  
381.2   	-78.36  
381.6   	-78.13  
382     	-77.85  
382.4   	-77.54  
382.8   	-77.2   
383.2   	-76.83  
383.6   	-76.45  
384     	-76.03  
384.4   	-75.49  
384.8   	-74.37  
385.2   	-69.82  
385.6   	-48.64  
386     	37.54   
386.4   	39.76   
386.8   	25.09   
387.2   	7.409   
387.6   	-10.24  
388     	-28.44  
388.4   	-46.83  
388.8   	-60.92  
389.2   	-69.17  
389.6   	-73.68  
390     	-76.15  
390.4   	-77.5   
390.8   	-78.23  
391.2   	-78.61  
391.6   	-78.78  
392     	-78.81  
392.4   	-78.74  
392.8   	-78.6   
393.2   	-78.4   
393.6   	-78.14  
394     	-77.85  
394.4   	-77.52  
394.8   	-77.16  
395.2   	-76.78  
395.6   	-76.36  
396     	-75.87  
396.4   	-74.95  
396.8   	-71.6   
397.2   	-55.79  
397.6   	23.5    
398     	41.78   
398.4   	28.5    
398.8   	11.11   
399.2   	-6.618  
399.6   	-24.52  
400     	-43.15  
400.4   	-58.46  
400.8   	-67.78  
401.2   	-72.91  
401.6   	-75.72  
402     	-77.27  
402.4   	-78.13  
402.8   	-78.6   
403.2   	-78.83  
403.6   	-78.91  
404     	-78.88  
404.4   	-78.77  
404.8   	-78.61  
405.2   	-78.39  
405.6   	-78.15  
406     	-77.87  
406.4   	-77.57  
406.8   	-77.25  
407.2   	-76.92  
407.6   	-76.56  
408     	-76.17  
408.4   	-75.74  
408.8   	-75.18  
409.2   	-73.88  
409.6   	-67.83  
410     	-40.15  
410.4   	42.23   
410.8   	37.54   
411.2   	21.91   
411.6   	4.063   
412     	-13.56  
412.4   	-32.03  
412.8   	-50.01  
413.2   	-62.91  
413.6   	-70.28  
414     	-74.3   
414.4   	-76.5   
414.8   	-77.71  
415.2   	-78.38  
415.6   	-78.72  
416     	-78.87  
416.4   	-78.88  
416.8   	-78.81  
417.2   	-78.65  
417.6   	-78.44  
418     	-78.18  
418.4   	-77.88  
418.8   	-77.55  
419.2   	-77.19  
419.6   	-76.81  
420     	-76.39  
420.4   	-75.9   
420.8   	-75.15  
421.2   	-72.62  
421.6   	-60.51  
422     	-1.51   
422.4   	43.03   
422.8   	31.33   
423.2   	14.29   
423.6   	-3.538  
424     	-21.29  
424.4   	-40.04  
424.8   	-56.28  
425.2   	-66.55  
425.6   	-72.24  
426     	-75.35  
426.4   	-77.05  
426.8   	-77.99  
427.2   	-78.49  
427.6   	-78.74  
428     	-78.82  
428.4   	-78.79  
428.8   	-78.68  
429.2   	-78.51  
429.6   	-78.29  
430     	-78.02  
430.4   	-77.73  
430.8   	-77.4   
431.2   	-77.07  
431.6   	-76.71  
432     	-76.33  
432.4   	-75.92  
432.8   	-75.41  
433.2   	-74.35  
433.6   	-69.86  
434     	-48.83  
434.4   	37.47   
434.8   	39.86   
435.2   	25.2    
435.6   	7.521   
436     	-10.14  
436.4   	-28.33  
436.8   	-46.73  
437.2   	-60.85  
437.6   	-69.12  
438     	-73.64  
438.4   	-76.11  
438.8   	-77.47  
439.2   	-78.21  
439.6   	-78.59  
440     	-78.75  
440.4   	-78.77  
440.8   	-78.7   
441.2   	-78.56  
441.6   	-78.38  
442     	-78.15  
442.4   	-77.9   
442.8   	-77.62  
443.2   	-77.31  
443.6   	-76.99  
444     	-76.64  
444.4   	-76.27  
444.8   	-75.86  
445.2   	-75.33  
445.6   	-74.21  
446     	-69.43  
446.4   	-47.11  
446.8   	38.9    
447.2   	39.34   
447.6   	24.43   
448     	6.708   
448.4   	-10.91  
448.8   	-29.14  
449.2   	-47.43  
449.6   	-61.27  
450     	-69.32  
450.4   	-73.72  
450.8   	-76.12  
451.2   	-77.42  
451.6   	-78.11  
452     	-78.45  
452.4   	-78.58  
452.8   	-78.56  
453.2   	-78.46  
453.6   	-78.28  
454     	-78.06  
454.4   	-77.79  
454.8   	-77.48  
455.2   	-77.14  
455.6   	-76.78  
456     	-76.38  
456.4   	-75.94  
456.8   	-75.39  
457.2   	-74.31  
457.6   	-70.08  
458     	-50.19  
458.4   	35.84   
458.8   	40.21   
459.2   	25.8    
459.6   	8.164   
460     	-9.503  
460.4   	-27.63  
460.8   	-46.07  
461.2   	-60.4   
461.6   	-68.83  
462     	-73.44  
462.4   	-75.95  
462.8   	-77.33  
463.2   	-78.08  
463.6   	-78.46  
464     	-78.62  
464.4   	-78.63  
464.8   	-78.54  
465.2   	-78.36  
465.6   	-78.13  
466     	-77.86  
466.4   	-77.54  
466.8   	-77.2   
467.2   	-76.82  
467.6   	-76.39  
468     	-75.88  
468.4   	-75     
468.8   	-72.19  
469.2   	-58.91  
469.6   	7.866   
470     	42.62   
470.4   	30.34   
470.8   	13.18   
471.2   	-4.622  
471.6   	-22.41  
472     	-41.13  
472.4   	-57.05  
472.8   	-66.96  
473.2   	-72.45  
473.6   	-75.43  
474     	-77.06  
474.4   	-77.96  
474.8   	-78.42  
475.2   	-78.63  
475.6   	-78.67  
476     	-78.61  
476.4   	-78.46  
476.8   	-78.26  
477.2   	-78.01  
477.6   	-77.72  
478     	-77.39  
478.4   	-77.03  
478.8   	-76.64  
479.2   	-76.2   
479.6   	-75.67  
480     	-74.74  
480.4   	-71.41  
480.8   	-55.6   
481.2   	23.99   
481.6   	41.72   
482     	28.4    
482.4   	11.01   
482.8   	-6.715  
483.2   	-24.61  
483.6   	-43.22  
484     	-58.49  
484.4   	-67.77  
484.8   	-72.89  
485.2   	-75.68  
485.6   	-77.21  
486     	-78.04  
486.4   	-78.48  
486.8   	-78.67  
487.2   	-78.71  
487.6   	-78.64  
488     	-78.5   
488.4   	-78.29  
488.8   	-78.05  
489.2   	-77.77  
489.6   	-77.48  
490     	-77.16  
490.4   	-76.81  
490.8   	-76.42  
491.2   	-76.01  
491.6   	-75.51  
492     	-74.6   
492.4   	-71.25  
492.8   	-55.19  
493.2   	25.58   
493.6   	41.66   
494     	28.22   
494.4   	10.8    
494.8   	-6.933  
495.2   	-24.87  
495.6   	-43.5   
496     	-58.72  
496.4   	-67.93  
496.8   	-73     
497.2   	-75.76  
497.6   	-77.26  
498     	-78.07  
498.4   	-78.49  
498.8   	-78.67  
499.2   	-78.7   
499.6   	-78.63  
500     	-78.48  
500.4   	-78.27  
500.8   	-78.02  
501.2   	-77.73  
501.6   	-77.42  
502     	-77.08  
502.4   	-76.73  
502.8   	-76.37  
503.2   	-75.97  
503.6   	-75.5   
504     	-74.69  
504.4   	-71.94  
504.8   	-58.62  
505.2   	9.764   
505.6   	42.65   
506     	30.23   
506.4   	13.03   
506.8   	-4.778  
507.2   	-22.59  
507.6   	-41.33  
508     	-57.21  
508.4   	-67.07  
508.8   	-72.52  
509.2   	-75.48  
509.6   	-77.1   
510     	-77.99  
510.4   	-78.47  
510.8   	-78.69  
511.2   	-78.76  
511.6   	-78.72  
512     	-78.6   
512.4   	-78.42  
512.8   	-78.19  
513.2   	-77.91  
513.6   	-77.59  
514     	-77.23  
514.4   	-76.83  
514.8   	-76.39  
515.2   	-75.88  
515.6   	-75.09  
516     	-72.59  
516.4   	-60.75  
516.8   	-3.279  
517.2   	43.05   
517.6   	31.48   
518     	14.48   
518.4   	-3.352  
518.8   	-21.09  
519.2   	-39.83  
519.6   	-56.13  
520     	-66.47  
520.4   	-72.22  
520.8   	-75.35  
521.2   	-77.07  
521.6   	-78.01  
522     	-78.51  
522.4   	-78.75  
522.8   	-78.82  
523.2   	-78.78  
523.6   	-78.67  
524     	-78.49  
524.4   	-78.26  
524.8   	-77.98  
525.2   	-77.67  
525.6   	-77.33  
526     	-76.97  
526.4   	-76.58  
526.8   	-76.16  
527.2   	-75.71  
527.6   	-75.13  
528     	-73.72  
528.4   	-67.16  
528.8   	-37.32  
529.2   	42.73   
529.6   	36.81   
530     	20.96   
530.4   	3.104   
530.8   	-14.5   
531.2   	-33.01  
531.6   	-50.8   
532     	-63.35  
532.4   	-70.49  
532.8   	-74.39  
533.2   	-76.52  
533.6   	-77.69  
534     	-78.32  
534.4   	-78.64  
534.8   	-78.74  
535.2   	-78.7   
535.6   	-78.56  
536     	-78.35  
536.4   	-78.09  
536.8   	-77.78  
537.2   	-77.43  
537.6   	-77.04  
538     	-76.59  
538.4   	-76.05  
538.8   	-75.12  
539.2   	-71.85  
539.6   	-56.63  
540     	19.76   
540.4   	41.95   
540.8   	28.95   
541.2   	11.63   
541.6   	-6.117  
542     	-23.99  
542.4   	-42.64  
542.8   	-58.1   
543.2   	-67.56  
543.6   	-72.78  
544     	-75.62  
544.4   	-77.18  
544.8   	-78.04  
545.2   	-78.49  
545.6   	-78.7   
546     	-78.75  
546.4   	-78.7   
546.8   	-78.58  
547.2   	-78.39  
547.6   	-78.16  
548     	-77.89  
548.4   	-77.59  
548.8   	-77.24  
549.2   	-76.86  
549.6   	-76.45  
550     	-76.01  
550.4   	-75.49  
550.8   	-74.47  
551.2   	-70.35  
551.6   	-50.94  
552     	34.96   
552.4   	40.46   
552.8   	26.16   
553.2   	8.547   
553.6   	-9.142  
554     	-27.27  
554.4   	-45.77  
554.8   	-60.25  
555.2   	-68.79  
555.6   	-73.47  
556     	-76.03  
556.4   	-77.43  
556.8   	-78.18  
557.2   	-78.57  
557.6   	-78.73  
558     	-78.76  
558.4   	-78.69  
558.8   	-78.55  
559.2   	-78.35  
559.6   	-78.11  
560     	-77.83  
560.4   	-77.51  
560.8   	-77.17  
561.2   	-76.8   
561.6   	-76.39  
562     	-75.92  
562.4   	-75.26  
562.8   	-73.43  
563.2   	-64.83  
563.6   	-26.05  
564     	43.51   
564.4   	34.52   
564.8   	18.08   
565.2   	0.2033  
565.6   	-17.43  
566     	-36.11  
566.4   	-53.32  
566.8   	-64.85  
567.2   	-71.33  
567.6   	-74.86  
568     	-76.79  
568.4   	-77.86  
568.8   	-78.43  
569.2   	-78.72  
569.6   	-78.82  
570     	-78.8   
570.4   	-78.7   
570.8   	-78.54  
571.2   	-78.32  
571.6   	-78.06  
572     	-77.77  
572.4   	-77.44  
572.8   	-77.08  
573.2   	-76.7   
573.6   	-76.28  
574     	-75.79  
574.4   	-75     
574.8   	-72.4   
575.2   	-59.87  
575.6   	2.403   
576     	42.91   
576.4   	30.95   
576.8   	13.86   
577.2   	-3.968  
577.6   	-21.74  
578     	-40.48  
578.4   	-56.6   
578.8   	-66.72  
579.2   	-72.31  
579.6   	-75.35  
580     	-77.01  
580.4   	-77.9   
580.8   	-78.37  
581.2   	-78.57  
581.6   	-78.61  
582     	-78.53  
582.4   	-78.39  
582.8   	-78.19  
583.2   	-77.94  
583.6   	-77.64  
584     	-77.3   
584.4   	-76.93  
584.8   	-76.54  
585.2   	-76.1   
585.6   	-75.54  
586     	-74.43  
586.4   	-70     
586.8   	-49.42  
587.2   	36.7    
587.6   	39.96   
588     	25.42   
588.4   	7.773   
588.8   	-9.88   
589.2   	-28.03  
589.6   	-46.43  
590     	-60.62  
590.4   	-68.95  
590.8   	-73.5   
591.2   	-75.98  
591.6   	-77.35  
592     	-78.08  
592.4   	-78.45  
592.8   	-78.61  
593.2   	-78.62  
593.6   	-78.53  
594     	-78.38  
594.4   	-78.18  
594.8   	-77.95  
595.2   	-77.7   
595.6   	-77.42  
596     	-77.12  
596.4   	-76.8   
596.8   	-76.46  
597.2   	-76.1   
597.6   	-75.72  
598     	-75.3   
598.4   	-74.64  
598.8   	-72.67  
599.2   	-63.14  
599.6   	-18.06  
600     	43.58   
600.4   	33.32   
600.8   	16.61   
601.2   	-1.268  
601.6   	-18.93  
602     	-37.66  
602.4   	-54.53  
602.8   	-65.56  
603.2   	-71.72  
603.6   	-75.07  
604     	-76.91  
604.4   	-77.92  
604.8   	-78.46  
605.2   	-78.72  
605.6   	-78.79  
606     	-78.76  
606.4   	-78.64  
606.8   	-78.47  
607.2   	-78.26  
607.6   	-78     
608     	-77.71  
608.4   	-77.4   
608.8   	-77.06  
609.2   	-76.7   
609.6   	-76.31  
610     	-75.89  
610.4   	-75.34  
610.8   	-74.02  
611.2   	-68.12  
611.6   	-41.29  
612     	41.85   
612.4   	37.79   
612.8   	22.26   
613.2   	4.438   
613.6   	-13.18  
614     	-31.62  
614.4   	-49.65  
614.8   	-62.68  
615.2   	-70.14  
615.6   	-74.21  
616     	-76.44  
616.4   	-77.66  
616.8   	-78.32  
617.2   	-78.65  
617.6   	-78.76  
618     	-78.75  
618.4   	-78.64  
618.8   	-78.47  
619.2   	-78.25  
619.6   	-77.98  
620     	-77.66  
620.4   	-77.3   
620.8   	-76.9   
621.2   	-76.43  
621.6   	-75.74  
622     	-73.9   
622.4   	-65.64  
622.8   	-29.42  
623.2   	43.28   
623.6   	35.04   
624     	18.76   
624.4   	0.9018  
624.8   	-16.7   
625.2   	-35.32  
625.6   	-52.65  
626     	-64.43  
626.4   	-71.08  
626.8   	-74.7   
627.2   	-76.69  
627.6   	-77.78  
628     	-78.37  
628.4   	-78.67  
628.8   	-78.78  
629.2   	-78.77  
629.6   	-78.67  
630     	-78.52  
630.4   	-78.3   
630.8   	-78.04  
631.2   	-77.74  
631.6   	-77.42  
632     	-77.08  
632.4   	-76.73  
632.8   	-76.35  
633.2   	-75.93  
633.6   	-75.41  
634     	-74.32  
634.4   	-69.77  
634.8   	-48.51  
635.2   	37.74   
635.6   	39.75   
636     	25.05   
636.4   	7.364   
636.8   	-10.29  
637.2   	-28.49  
637.6   	-46.87  
638     	-60.93  
638.4   	-69.15  
638.8   	-73.65  
639.2   	-76.11  
639.6   	-77.46  
640     	-78.2   
640.4   	-78.57  
640.8   	-78.72  
641.2   	-78.73  
641.6   	-78.63  
642     	-78.47  
642.4   	-78.26  
642.8   	-78.02  
643.2   	-77.75  
643.6   	-77.47  
644     	-77.16  
644.4   	-76.83  
644.8   	-76.49  
645.2   	-76.12  
645.6   	-75.72  
646     	-75.28  
646.4   	-74.66  
646.8   	-72.87  
647.2   	-64.21  
647.6   	-23.77  
648     	43.64   
648.4   	34.2    
648.8   	17.66   
649.2   	-0.2296 
649.6   	-17.88  
650     	-36.6   
650.4   	-53.73  
650.8   	-65.11  
651.2   	-71.48  
651.6   	-74.94  
652     	-76.83  
652.4   	-77.87  
652.8   	-78.44  
653.2   	-78.71  
653.6   	-78.8   
654     	-78.77  
654.4   	-78.66  
654.8   	-78.49  
655.2   	-78.27  
655.6   	-78     
656     	-77.7   
656.4   	-77.37  
656.8   	-77     
657.2   	-76.61  
657.6   	-76.18  
658     	-75.65  
658.4   	-74.6   
658.8   	-70.33  
659.2   	-50.44  
659.6   	35.61   
660     	40.3    
660.4   	25.92   
660.8   	8.292   
661.2   	-9.386  
661.6   	-27.52  
662     	-45.99  
662.4   	-60.36  
662.8   	-68.84  
663.2   	-73.48  
663.6   	-76.01  
664     	-77.38  
664.4   	-78.13  
664.8   	-78.5   
665.2   	-78.66  
665.6   	-78.67  
666     	-78.59  
666.4   	-78.43  
666.8   	-78.22  
667.2   	-77.95  
667.6   	-77.65  
668     	-77.32  
668.4   	-76.96  
668.8   	-76.57  
669.2   	-76.15  
669.6   	-75.67  
670     	-75.01  
670.4   	-73.25  
670.8   	-64.94  
671.2   	-27.07  
671.6   	43.49   
672     	34.69   
672.4   	18.29   
672.8   	0.4108  
673.2   	-17.21  
673.6   	-35.87  
674     	-53.12  
674.4   	-64.71  
674.8   	-71.22  
675.2   	-74.75  
675.6   	-76.67  
676     	-77.72  
676.4   	-78.28  
676.8   	-78.54  
677.2   	-78.61  
677.6   	-78.55  
678     	-78.41  
678.4   	-78.21  
678.8   	-77.96  
679.2   	-77.68  
679.6   	-77.38  
680     	-77.07  
680.4   	-76.73  
680.8   	-76.39  
681.2   	-76.03  
681.6   	-75.62  
682     	-75.14  
682.4   	-74.21  
682.8   	-70.66  
683.2   	-53.39  
683.6   	30.59   
684     	41.19   
684.4   	27.35   
684.8   	9.826   
685.2   	-7.892  
685.6   	-25.91  
686     	-44.51  
686.4   	-59.41  
686.8   	-68.32  
687.2   	-73.22  
687.6   	-75.89  
688     	-77.36  
688.4   	-78.17  
688.8   	-78.61  
689.2   	-78.82  
689.6   	-78.88  
690     	-78.84  
690.4   	-78.73  
690.8   	-78.56  
691.2   	-78.34  
691.6   	-78.08  
692     	-77.8   
692.4   	-77.49  
692.8   	-77.16  
693.2   	-76.8   
693.6   	-76.43  
694     	-76.02  
694.4   	-75.48  
694.8   	-74.16  
695.2   	-68.18  
695.6   	-41.18  
696     	41.9    
696.4   	37.77   
696.8   	22.24   
697.2   	4.411   
697.6   	-13.21  
698     	-31.67  
698.4   	-49.7   
698.8   	-62.73  
699.2   	-70.19  
699.6   	-74.26  
700     	-76.49  
700.4   	-77.72  
700.8   	-78.39  
701.2   	-78.74  
701.6   	-78.88  
702     	-78.89  
702.4   	-78.8   
702.8   	-78.65  
703.2   	-78.45  
703.6   	-78.21  
704     	-77.94  
704.4   	-77.64  
704.8   	-77.3   
705.2   	-76.93  
705.6   	-76.52  
706     	-76.05  
706.4   	-75.34  
706.8   	-73.19  
707.2   	-63.07  
707.6   	-16.64  
708     	43.45   
708.4   	33.08   
708.8   	16.34   
709.2   	-1.522  
709.6   	-19.19  
710     	-37.92  
710.4   	-54.71  
710.8   	-65.66  
711.2   	-71.76  
711.6   	-75.08  
712     	-76.9   
712.4   	-77.9   
712.8   	-78.44  
713.2   	-78.71  
713.6   	-78.79  
714     	-78.75  
714.4   	-78.63  
714.8   	-78.46  
715.2   	-78.23  
715.6   	-77.98  
716     	-77.69  
716.4   	-77.38  
716.8   	-77.05  
717.2   	-76.69  
717.6   	-76.31  
718     	-75.91  
718.4   	-75.46  
718.8   	-74.69  
719.2   	-71.99  
719.6   	-58.78  
720     	8.964   
720.4   	42.72   
720.8   	30.34   
721.2   	13.14   
721.6   	-4.677  
722     	-22.5   
722.4   	-41.27  
722.8   	-57.22  
723.2   	-67.12  
723.6   	-72.6   
724     	-75.58  
724.4   	-77.2   
724.8   	-78.09  
725.2   	-78.55  
725.6   	-78.77  
726     	-78.83  
726.4   	-78.79  
726.8   	-78.68  
727.2   	-78.51  
727.6   	-78.3   
728     	-78.06  
728.4   	-77.79  
728.8   	-77.48  
729.2   	-77.14  
729.6   	-76.77  
730     	-76.38  
730.4   	-75.93  
730.8   	-75.32  
731.2   	-73.66  
731.6   	-65.88  
732     	-30.96  
732.4   	43.36   
732.8   	35.43   
733.2   	19.2    
733.6   	1.326   
734     	-16.28  
734.4   	-34.91  
734.8   	-52.36  
735.2   	-64.3   
735.6   	-71.03  
736     	-74.7   
736.4   	-76.72  
736.8   	-77.83  
737.2   	-78.44  
737.6   	-78.75  
738     	-78.87  
738.4   	-78.88  
738.8   	-78.79  
739.2   	-78.64  
739.6   	-78.44  
740     	-78.19  
740.4   	-77.92  
740.8   	-77.6   
741.2   	-77.26  
741.6   	-76.9   
742     	-76.52  
742.4   	-76.09  
742.8   	-75.6   
743.2   	-74.69  
743.6   	-71.17  
744     	-54.39  
744.4   	28.21   
744.8   	41.45   
745.2   	27.82   
745.6   	10.35   
746     	-7.378  
746.4   	-25.36  
746.8   	-43.98  
747.2   	-59.05  
747.6   	-68.12  
748     	-73.11  
748.4   	-75.83  
748.8   	-77.33  
749.2   	-78.15  
749.6   	-78.59  
750     	-78.78  
750.4   	-78.83  
750.8   	-78.78  
751.2   	-78.66  
751.6   	-78.48  
752     	-78.26  
752.4   	-78     
752.8   	-77.71  
753.2   	-77.4   
753.6   	-77.07  
754     	-76.73  
754.4   	-76.37  
754.8   	-75.97  
755.2   	-75.51  
755.6   	-74.73  
756     	-71.95  
756.4   	-58.41  
756.8   	11.27   
757.2   	42.63   
757.6   	30.11   
758     	12.89   
758.4   	-4.92   
758.8   	-22.74  
759.2   	-41.48  
759.6   	-57.33  
760     	-67.14  
760.4   	-72.56  
760.8   	-75.51  
761.2   	-77.12  
761.6   	-78     
762     	-78.47  
762.4   	-78.69  
762.8   	-78.74  
763.2   	-78.68  
763.6   	-78.55  
764     	-78.36  
764.4   	-78.14  
764.8   	-77.87  
765.2   	-77.58  
765.6   	-77.26  
766     	-76.93  
766.4   	-76.58  
766.8   	-76.22  
767.2   	-75.83  
767.6   	-75.39  
768     	-74.61  
768.4   	-71.91  
768.8   	-58.69  
769.2   	9.442   
769.6   	42.7    
770     	30.29   
770.4   	13.09   
770.8   	-4.727  
771.2   	-22.55  
771.6   	-41.32  
772     	-57.25  
772.4   	-67.13  
772.8   	-72.6   
773.2   	-75.57  
773.6   	-77.2   
774     	-78.08  
774.4   	-78.55  
774.8   	-78.75  
775.2   	-78.78  
775.6   	-78.71  
776     	-78.55  
776.4   	-78.32  
776.8   	-78.05  
777.2   	-77.73  
777.6   	-77.39  
778     	-77.02  
778.4   	-76.61  
778.8   	-76.17  
779.2   	-75.56  
779.6   	-74.02  
780     	-67.14  
780.4   	-36.61  
780.8   	42.7    
781.2   	36.57   
781.6   	20.69   
782     	2.844   
782.4   	-14.74  
782.8   	-33.25  
783.2   	-50.95  
783.6   	-63.41  
784     	-70.49  
784.4   	-74.36  
784.8   	-76.46  
785.2   	-77.6   
785.6   	-78.22  
786     	-78.53  
786.4   	-78.65  
786.8   	-78.64  
787.2   	-78.56  
787.6   	-78.41  
788     	-78.21  
788.4   	-77.97  
788.8   	-77.69  
789.2   	-77.39  
789.6   	-77.07  
790     	-76.73  
790.4   	-76.37  
790.8   	-75.98  
791.2   	-75.54  
791.6   	-74.9   
792     	-73.1   
792.4   	-64.6   
792.8   	-25.42  
793.2   	43.59   
793.6   	34.45   
794     	17.98   
794.4   	0.09584 
794.8   	-17.53  
795.2   	-36.22  
795.6   	-53.41  
796     	-64.9   
796.4   	-71.35  
796.8   	-74.85  
797.2   	-76.77  
797.6   	-77.82  
798     	-78.39  
798.4   	-78.67  
798.8   	-78.76  
799.2   	-78.72  
799.6   	-78.61  
800     	-78.43  
800.4   	-78.2   
800.8   	-77.93  
801.2   	-77.63  
801.6   	-77.3   
802     	-76.94  
802.4   	-76.55  
802.8   	-76.12  
803.2   	-75.6   
803.6   	-74.56  
804     	-70.43  
804.4   	-51.11  
804.8   	34.7    
805.2   	40.49   
805.6   	26.23   
806     	8.624   
806.4   	-9.065  
806.8   	-27.18  
807.2   	-45.69  
807.6   	-60.18  
808     	-68.76  
808.4   	-73.46  
808.8   	-76.02  
809.2   	-77.43  
809.6   	-78.19  
810     	-78.59  
810.4   	-78.75  
810.8   	-78.77  
811.2   	-78.68  
811.6   	-78.53  
812     	-78.31  
812.4   	-78.04  
812.8   	-77.73  
813.2   	-77.39  
813.6   	-77.03  
814     	-76.64  
814.4   	-76.23  
814.8   	-75.78  
815.2   	-75.12  
815.6   	-73.24  
816     	-64.38  
816.4   	-24.05  
816.8   	43.54   
817.2   	34.18   
817.6   	17.67   
818     	-0.2094 
818.4   	-17.85  
818.8   	-36.55  
819.2   	-53.67  
819.6   	-65.05  
820     	-71.43  
820.4   	-74.91  
820.8   	-76.82  
821.2   	-77.87  
821.6   	-78.44  
822     	-78.71  
822.4   	-78.8   
822.8   	-78.76  
823.2   	-78.64  
823.6   	-78.45  
824     	-78.21  
824.4   	-77.93  
824.8   	-77.63  
825.2   	-77.3   
825.6   	-76.95  
826     	-76.58  
826.4   	-76.18  
826.8   	-75.73  
827.2   	-75.02  
827.6   	-72.76  
828     	-61.95  
828.4   	-10.64  
828.8   	43.29   
829.2   	32.29   
829.6   	15.41   
830     	-2.432  
830.4   	-20.11  
830.8   	-38.84  
831.2   	-55.38  
831.6   	-66.03  
832     	-71.96  
832.4   	-75.19  
832.8   	-76.96  
833.2   	-77.94  
833.6   	-78.45  
834     	-78.69  
834.4   	-78.76  
834.8   	-78.71  
835.2   	-78.59  
835.6   	-78.4   
836     	-78.16  
836.4   	-77.87  
836.8   	-77.53  
837.2   	-77.16  
837.6   	-76.75  
838     	-76.28  
838.4   	-75.61  
838.8   	-73.85  
839.2   	-65.86  
839.6   	-30.64  
840     	43.24   
840.4   	35.28   
840.8   	19.06   
841.2   	1.201   
841.6   	-16.39  
842     	-34.99  
842.4   	-52.38  
842.8   	-64.26  
843.2   	-70.97  
843.6   	-74.63  
844     	-76.63  
844.4   	-77.72  
844.8   	-78.31  
845.2   	-78.59  
845.6   	-78.68  
846     	-78.63  
846.4   	-78.48  
846.8   	-78.26  
847.2   	-78     
847.6   	-77.7   
848     	-77.36  
848.4   	-76.98  
848.8   	-76.56  
849.2   	-76.05  
849.6   	-75.13  
850     	-72.15  
850.4   	-58.29  
850.8   	11.45   
851.2   	42.42   
851.6   	29.94   
852     	12.74   
852.4   	-5.042  
852.8   	-22.83  
853.2   	-41.5   
853.6   	-57.26  
854     	-67.04  
854.4   	-72.43  
854.8   	-75.35  
855.2   	-76.94  
855.6   	-77.8   
856     	-78.24  
856.4   	-78.43  
856.8   	-78.46  
857.2   	-78.4   
857.6   	-78.25  
858     	-78.04  
858.4   	-77.79  
858.8   	-77.5   
859.2   	-77.19  
859.6   	-76.84  
860     	-76.48  
860.4   	-76.08  
860.8   	-75.61  
861.2   	-74.84  
861.6   	-72.82  
862     	-63.38  
862.4   	-19.45  
862.8   	43.49   
863.2   	33.45   
863.6   	16.79   
864     	-1.076  
864.4   	-18.71  
864.8   	-37.41  
865.2   	-54.29  
865.6   	-65.37  
866     	-71.56  
866.4   	-74.93  
866.8   	-76.77  
867.2   	-77.77  
867.6   	-78.29  
868     	-78.53  
868.4   	-78.6   
868.8   	-78.55  
869.2   	-78.41  
869.6   	-78.22  
870     	-77.98  
870.4   	-77.7   
870.8   	-77.39  
871.2   	-77.05  
871.6   	-76.68  
872     	-76.27  
872.4   	-75.78  
872.8   	-74.97  
873.2   	-72.55  
873.6   	-61.12  
874     	-5.902  
874.4   	43.11   
874.8   	31.73   
875.2   	14.77   
875.6   	-3.052  
876     	-20.75  
876.4   	-39.47  
876.8   	-55.84  
877.2   	-66.28  
877.6   	-72.1   
878     	-75.27  
878.4   	-77.01  
878.8   	-77.98  
879.2   	-78.5   
879.6   	-78.77  
880     	-78.86  
880.4   	-78.83  
880.8   	-78.72  
881.2   	-78.55  
881.6   	-78.34  
882     	-78.1   
882.4   	-77.82  
882.8   	-77.51  
883.2   	-77.17  
883.6   	-76.8   
884     	-76.42  
884.4   	-75.99  
884.8   	-75.41  
885.2   	-73.92  
885.6   	-67.07  
886     	-36.33  
886.4   	42.85   
886.8   	36.57   
887.2   	20.66   
887.6   	2.8     
888     	-14.8   
888.4   	-33.34  
888.8   	-51.07  
889.2   	-63.52  
889.6   	-70.59  
890     	-74.45  
890.4   	-76.57  
890.8   	-77.73  
891.2   	-78.36  
891.6   	-78.67  
892     	-78.79  
892.4   	-78.77  
892.8   	-78.66  
893.2   	-78.49  
893.6   	-78.26  
894     	-78     
894.4   	-77.7   
894.8   	-77.38  
895.2   	-77.03  
895.6   	-76.66  
896     	-76.26  
896.4   	-75.76  
896.8   	-74.77  
897.2   	-70.9   
897.6   	-52.78  
898     	31.89   
898.4   	40.96   
898.8   	27.01   
899.2   	9.472   
899.6   	-8.238  
900     	-26.29  
900.4   	-44.85  
900.8   	-59.63  
901.2   	-68.43  
901.6   	-73.27  
902     	-75.91  
902.4   	-77.37  
902.8   	-78.17  
903.2   	-78.59  
903.6   	-78.78  
904     	-78.83  
904.4   	-78.76  
904.8   	-78.6   
905.2   	-78.39  
905.6   	-78.14  
906     	-77.86  
906.4   	-77.56  
906.8   	-77.24  
907.2   	-76.9   
907.6   	-76.53  
908     	-76.14  
908.4   	-75.68  
908.8   	-74.84  
909.2   	-71.89  
909.6   	-57.73  
910     	14.97   
910.4   	42.41   
910.8   	29.68   
911.2   	12.41   
911.6   	-5.386  
912     	-23.24  
912.4   	-41.97  
912.8   	-57.69  
913.2   	-67.38  
913.6   	-72.73  
914     	-75.66  
914.4   	-77.27  
914.8   	-78.16  
915.2   	-78.64  
915.6   	-78.87  
916     	-78.94  
916.4   	-78.91  
916.8   	-78.78  
917.2   	-78.59  
917.6   	-78.36  
918     	-78.09  
918.4   	-77.78  
918.8   	-77.45  
919.2   	-77.09  
919.6   	-76.7   
920     	-76.27  
920.4   	-75.73  
920.8   	-74.45  
921.2   	-68.8   
921.6   	-43.44  
922     	41.01   
922.4   	38.31   
922.8   	23      
923.2   	5.215   
923.6   	-12.4   
924     	-30.79  
924.4   	-48.91  
924.8   	-62.22  
925.2   	-69.89  
925.6   	-74.08  
926     	-76.37  
926.4   	-77.64  
926.8   	-78.33  
927.2   	-78.69  
927.6   	-78.84  
928     	-78.86  
928.4   	-78.79  
928.8   	-78.65  
929.2   	-78.44  
929.6   	-78.2   
930     	-77.91  
930.4   	-77.6   
930.8   	-77.26  
931.2   	-76.89  
931.6   	-76.5   
932     	-76.07  
932.4   	-75.53  
932.8   	-74.24  
933.2   	-68.5   
933.6   	-42.57  
934     	41.39   
934.4   	38.1    
934.8   	22.7    
935.2   	4.894   
935.6   	-12.73  
936     	-31.14  
936.4   	-49.24  
936.8   	-62.44  
937.2   	-70.02  
937.6   	-74.17  
938     	-76.44  
938.4   	-77.7   
938.8   	-78.4   
939.2   	-78.77  
939.6   	-78.95  
940     	-79     
940.4   	-78.96  
940.8   	-78.85  
941.2   	-78.67  
941.6   	-78.44  
942     	-78.16  
942.4   	-77.85  
942.8   	-77.51  
943.2   	-77.13  
943.6   	-76.73  
944     	-76.29  
944.4   	-75.74  
944.8   	-74.5   
945.2   	-68.96  
945.6   	-44.06  
946     	40.76   
946.4   	38.49   
946.8   	23.24   
947.2   	5.46    
947.6   	-12.16  
948     	-30.54  
948.4   	-48.7   
948.8   	-62.09  
949.2   	-69.82  
949.6   	-74.05  
950     	-76.37  
950.4   	-77.64  
950.8   	-78.34  
951.2   	-78.7   
951.6   	-78.85  
952     	-78.86  
952.4   	-78.77  
952.8   	-78.62  
953.2   	-78.42  
953.6   	-78.18  
954     	-77.91  
954.4   	-77.61  
954.8   	-77.28  
955.2   	-76.93  
955.6   	-76.56  
956     	-76.15  
956.4   	-75.71  
956.8   	-75.12  
957.2   	-73.52  
957.6   	-65.94  
958     	-31.57  
958.4   	43.34   
958.8   	35.55   
959.2   	19.35   
959.6   	1.475   
960     	-16.14  
960.4   	-34.77  
960.8   	-52.26  
961.2   	-64.24  
961.6   	-71     
962     	-74.69  
962.4   	-76.71  
962.8   	-77.84  
963.2   	-78.45  
963.6   	-78.77  
964     	-78.9   
964.4   	-78.9   
964.8   	-78.81  
965.2   	-78.66  
965.6   	-78.45  
966     	-78.19  
966.4   	-77.89  
966.8   	-77.56  
967.2   	-77.2   
967.6   	-76.81  
968     	-76.4   
968.4   	-75.96  
968.8   	-75.43  
969.2   	-74.31  
969.6   	-69.41  
970     	-46.72  
970.4   	39.15   
970.8   	39.2    
971.2   	24.25   
971.6   	6.521   
972     	-11.1   
972.4   	-29.36  
972.8   	-47.65  
973.2   	-61.43  
973.6   	-69.45  
974     	-73.84  
974.4   	-76.25  
974.8   	-77.57  
975.2   	-78.31  
975.6   	-78.69  
976     	-78.87  
976.4   	-78.91  
976.8   	-78.85  
977.2   	-78.71  
977.6   	-78.52  
978     	-78.28  
978.4   	-78     
978.8   	-77.68  
979.2   	-77.3   
979.6   	-76.87  
980     	-76.37  
980.4   	-75.62  
980.8   	-73.44  
981.2   	-63.31  
981.6   	-17.67  
982     	43.41   
982.4   	33.18   
982.8   	16.48   
983.2   	-1.373  
983.6   	-19.02  
984     	-37.73  
984.4   	-54.53  
984.8   	-65.52  
985.2   	-71.66  
985.6   	-75.01  
986     	-76.84  
986.4   	-77.84  
986.8   	-78.37  
987.2   	-78.63  
987.6   	-78.71  
988     	-78.67  
988.4   	-78.55  
988.8   	-78.38  
989.2   	-78.15  
989.6   	-77.89  
990     	-77.6   
990.4   	-77.28  
990.8   	-76.94  
991.2   	-76.58  
991.6   	-76.18  
992     	-75.74  
992.4   	-75.1   
992.8   	-73.31  
993.2   	-64.88  
993.6   	-26.54  
994     	43.54   
994.4   	34.62   
994.8   	18.2    
995.2   	0.318   
995.6   	-17.3   
996     	-35.97  
996.4   	-53.2   
996.8   	-64.77  
997.2   	-71.26  
997.6   	-74.8   
998     	-76.73  
998.4   	-77.8   
998.8   	-78.38  
999.2   	-78.67  
999.6   	-78.77  
