
SWEPT_VAR_1 = 45.0    // Syn: Source PP \ NetStim \ PARAMETER \ interval (ms)

t	s.v( 0.05 )
ms	mV
0       	-64.65  
0.4     	-65.51  
0.8     	-66.35  
1.2     	-67.15  
1.6     	-67.92  
2       	-68.66  
2.4     	-69.37  
2.8     	-70.05  
3.2     	-70.7   
3.6     	-71.31  
4       	-71.89  
4.4     	-72.44  
4.8     	-72.96  
5.2     	-73.45  
5.6     	-73.91  
6       	-74.33  
6.4     	-74.73  
6.8     	-75.09  
7.2     	-75.43  
7.6     	-75.74  
8       	-76.02  
8.4     	-76.28  
8.8     	-76.47  
9.2     	-76.47  
9.6     	-75.94  
10      	-73.33  
10.4    	-61.18  
10.8    	-3.682  
11.2    	43.37   
11.6    	31.76   
12      	14.72   
12.4    	-3.18   
12.8    	-21.04  
13.2    	-40     
13.6    	-56.49  
14      	-66.93  
14.4    	-72.76  
14.8    	-76     
15.2    	-77.85  
15.6    	-78.95  
16      	-79.63  
16.4    	-80.07  
16.8    	-80.36  
17.2    	-80.55  
17.6    	-80.68  
18      	-80.77  
18.4    	-80.82  
18.8    	-80.84  
19.2    	-80.83  
19.6    	-80.82  
20      	-80.79  
20.4    	-80.76  
20.8    	-80.72  
21.2    	-80.65  
21.6    	-80.47  
22      	-79.94  
22.4    	-78.46  
22.8    	-72.81  
23.2    	-51.04  
23.6    	35.33   
24      	40.48   
24.4    	26.21   
24.8    	8.593   
25.2    	-9.154  
25.6    	-27.41  
26      	-46.05  
26.4    	-60.58  
26.8    	-69.2   
27.2    	-74     
27.6    	-76.69  
28      	-78.25  
28.4    	-79.19  
28.8    	-79.77  
29.2    	-80.15  
29.6    	-80.4   
30      	-80.56  
30.4    	-80.68  
30.8    	-80.76  
31.2    	-80.81  
31.6    	-80.84  
32      	-80.86  
32.4    	-80.86  
32.8    	-80.85  
33.2    	-80.83  
33.6    	-80.73  
34      	-80.37  
34.4    	-79.43  
34.8    	-76.27  
35.2    	-63.96  
35.6    	-15.13  
36      	43.41   
36.4    	32.99   
36.8    	16.25   
37.2    	-1.628  
37.6    	-19.4   
38      	-38.27  
38.4    	-55.11  
38.8    	-66.08  
39.2    	-72.27  
39.6    	-75.71  
40      	-77.67  
40.4    	-78.83  
40.8    	-79.55  
41.2    	-80.01  
41.6    	-80.32  
42      	-80.51  
42.4    	-80.63  
42.8    	-80.71  
43.2    	-80.75  
43.6    	-80.76  
44      	-80.75  
44.4    	-80.72  
44.8    	-80.69  
45.2    	-80.65  
45.6    	-80.6   
46      	-80.53  
46.4    	-80.38  
46.8    	-79.96  
47.2    	-78.83  
47.6    	-74.71  
48      	-58.44  
48.4    	15.07   
48.8    	42.45   
49.2    	29.82   
49.6    	12.57   
50      	-5.266  
50.4    	-23.23  
50.8    	-42.09  
51.2    	-57.91  
51.6    	-67.69  
52      	-73.15  
52.4    	-76.2   
52.8    	-77.95  
53.2    	-79     
53.6    	-79.65  
54      	-80.07  
54.4    	-80.34  
54.8    	-80.53  
55.2    	-80.65  
55.6    	-80.72  
56      	-80.75  
56.4    	-80.76  
56.8    	-80.75  
57.2    	-80.71  
57.6    	-80.67  
58      	-80.62  
58.4    	-80.55  
58.8    	-80.48  
59.2    	-80.39  
59.6    	-80.28  
60      	-79.99  
60.4    	-79.24  
60.8    	-76.76  
61.2    	-66.91  
61.6    	-28.81  
62      	43.5    
62.4    	35.18   
62.8    	18.9    
63.2    	1.002   
63.6    	-16.7   
64      	-35.49  
64.4    	-52.97  
64.8    	-64.83  
65.2    	-71.56  
65.6    	-75.31  
66      	-77.43  
66.4    	-78.66  
66.8    	-79.42  
67.2    	-79.89  
67.6    	-80.19  
68      	-80.38  
68.4    	-80.49  
68.8    	-80.55  
69.2    	-80.57  
69.6    	-80.56  
70      	-80.51  
70.4    	-80.3   
70.8    	-79.74  
71.2    	-78.21  
71.6    	-72.3   
72      	-49.8   
72.4    	36.28   
72.8    	39.94   
73.2    	25.53   
73.6    	7.896   
74      	-9.82   
74.4    	-28.11  
74.8    	-46.65  
75.2    	-60.93  
75.6    	-69.37  
76      	-74.06  
76.4    	-76.68  
76.8    	-78.19  
77.2    	-79.09  
77.6    	-79.65  
78      	-80     
78.4    	-80.24  
78.8    	-80.39  
79.2    	-80.49  
79.6    	-80.55  
80      	-80.59  
80.4    	-80.61  
80.8    	-80.62  
81.2    	-80.61  
81.6    	-80.59  
82      	-80.55  
82.4    	-80.51  
82.8    	-80.46  
83.2    	-80.42  
83.6    	-80.37  
84      	-80.32  
84.4    	-80.28  
84.8    	-80.24  
85.2    	-80.2   
85.6    	-80.16  
86      	-80.11  
86.4    	-80.06  
86.8    	-80.01  
87.2    	-79.94  
87.6    	-79.73  
88      	-79.12  
88.4    	-77.17  
88.8    	-69.29  
89.2    	-38.71  
89.6    	42.61   
90      	37.33   
90.4    	21.62   
90.8    	3.754   
91.2    	-13.93  
91.6    	-32.56  
92      	-50.6   
92.4    	-63.43  
92.8    	-70.8   
93.2    	-74.89  
93.6    	-77.19  
94      	-78.53  
94.4    	-79.35  
94.8    	-79.86  
95.2    	-80.2   
95.6    	-80.43  
96      	-80.58  
96.4    	-80.69  
96.8    	-80.77  
97.2    	-80.81  
97.6    	-80.83  
98      	-80.82  
98.4    	-80.8   
98.8    	-80.76  
99.2    	-80.71  
99.6    	-80.65  
100     	-80.6   
100.4   	-80.54  
100.8   	-80.48  
101.2   	-80.43  
101.6   	-80.37  
102     	-80.31  
102.4   	-80.25  
102.8   	-80.18  
103.2   	-80.1   
103.6   	-79.96  
104     	-79.52  
104.4   	-78.27  
104.8   	-73.42  
105.2   	-54.12  
105.6   	30.31   
106     	41.4    
106.4   	27.66   
106.8   	10.15   
107.2   	-7.625  
107.6   	-25.76  
108     	-44.51  
108.4   	-59.57  
108.8   	-68.64  
109.2   	-73.69  
109.6   	-76.52  
110     	-78.15  
110.4   	-79.13  
110.8   	-79.75  
111.2   	-80.15  
111.6   	-80.43  
112     	-80.62  
112.4   	-80.75  
112.8   	-80.85  
113.2   	-80.91  
113.6   	-80.96  
114     	-80.99  
114.4   	-81.02  
114.8   	-81.03  
115.2   	-81.04  
115.6   	-81.04  
116     	-81.04  
116.4   	-81.04  
116.8   	-81.02  
117.2   	-81     
117.6   	-80.96  
118     	-80.92  
118.4   	-80.88  
118.8   	-80.82  
119.2   	-80.76  
119.6   	-80.69  
120     	-80.63  
120.4   	-80.57  
120.8   	-80.5   
121.2   	-80.43  
121.6   	-80.36  
122     	-80.3   
122.4   	-80.25  
122.8   	-80.2   
123.2   	-80.15  
123.6   	-80.11  
124     	-80.08  
124.4   	-80.04  
124.8   	-80.02  
125.2   	-79.99  
125.6   	-79.97  
126     	-79.95  
126.4   	-79.93  
126.8   	-79.91  
127.2   	-79.9   
127.6   	-79.89  
128     	-79.89  
128.4   	-79.88  
128.8   	-79.87  
129.2   	-79.86  
129.6   	-79.85  
130     	-79.83  
130.4   	-79.8   
130.8   	-79.76  
131.2   	-79.7   
131.6   	-79.51  
132     	-78.94  
132.4   	-77.06  
132.8   	-69.38  
133.2   	-39.35  
133.6   	42.51   
134     	37.5    
134.4   	21.83   
134.8   	3.967   
135.2   	-13.72  
135.6   	-32.35  
136     	-50.42  
136.4   	-63.32  
136.8   	-70.74  
137.2   	-74.85  
137.6   	-77.17  
138     	-78.52  
138.4   	-79.35  
138.8   	-79.88  
139.2   	-80.22  
139.6   	-80.46  
140     	-80.62  
140.4   	-80.73  
140.8   	-80.81  
141.2   	-80.86  
141.6   	-80.89  
142     	-80.88  
142.4   	-80.72  
142.8   	-80.24  
143.2   	-78.98  
143.6   	-74.39  
144     	-56.81  
144.4   	21.46   
144.8   	41.86   
145.2   	28.83   
145.6   	11.5    
146     	-6.289  
146.4   	-24.31  
146.8   	-43.11  
147.2   	-58.59  
147.6   	-68.07  
148     	-73.38  
148.4   	-76.34  
148.8   	-78.05  
149.2   	-79.08  
149.6   	-79.73  
150     	-80.15  
150.4   	-80.44  
150.8   	-80.64  
151.2   	-80.79  
151.6   	-80.89  
152     	-80.96  
152.4   	-81.01  
152.8   	-81.04  
153.2   	-81.06  
153.6   	-81.07  
154     	-81.06  
154.4   	-81.05  
154.8   	-81.03  
155.2   	-81     
155.6   	-80.95  
156     	-80.81  
156.4   	-80.36  
156.8   	-79.2   
157.2   	-74.99  
157.6   	-58.67  
158     	14.42   
158.4   	42.53   
158.8   	29.94   
159.2   	12.7    
159.6   	-5.139  
160     	-23.1   
160.4   	-41.97  
160.8   	-57.83  
161.2   	-67.64  
161.6   	-73.13  
162     	-76.19  
162.4   	-77.94  
162.8   	-78.98  
163.2   	-79.63  
163.6   	-80.05  
164     	-80.33  
164.4   	-80.51  
164.8   	-80.64  
165.2   	-80.72  
165.6   	-80.77  
166     	-80.78  
166.4   	-80.79  
166.8   	-80.78  
167.2   	-80.76  
167.6   	-80.74  
168     	-80.72  
168.4   	-80.69  
168.8   	-80.65  
169.2   	-80.6   
169.6   	-80.54  
170     	-80.46  
170.4   	-80.3   
170.8   	-79.86  
171.2   	-78.66  
171.6   	-74.18  
172     	-56.5   
172.4   	23.42   
172.8   	41.98   
173.2   	28.77   
173.6   	11.4    
174     	-6.394  
174.4   	-24.41  
174.8   	-43.2   
175.2   	-58.66  
175.6   	-68.1   
176     	-73.37  
176.4   	-76.3   
176.8   	-77.99  
177.2   	-79     
177.6   	-79.62  
178     	-80.02  
178.4   	-80.28  
178.8   	-80.45  
179.2   	-80.56  
179.6   	-80.63  
180     	-80.66  
180.4   	-80.68  
180.8   	-80.67  
181.2   	-80.66  
181.6   	-80.63  
182     	-80.59  
182.4   	-80.54  
182.8   	-80.47  
183.2   	-80.4   
183.6   	-80.33  
184     	-80.25  
184.4   	-80.16  
184.8   	-79.95  
185.2   	-79.36  
185.6   	-77.6   
186     	-70.53  
186.4   	-43.26  
186.8   	41.26   
187.2   	38.41   
187.6   	23.1    
188     	5.302   
188.4   	-12.39  
188.8   	-30.91  
189.2   	-49.17  
189.6   	-62.55  
190     	-70.3   
190.4   	-74.61  
190.8   	-77.03  
191.2   	-78.44  
191.6   	-79.29  
192     	-79.83  
192.4   	-80.18  
192.8   	-80.42  
193.2   	-80.58  
193.6   	-80.69  
194     	-80.76  
194.4   	-80.8   
194.8   	-80.81  
195.2   	-80.81  
195.6   	-80.8   
196     	-80.77  
196.4   	-80.74  
196.8   	-80.7   
197.2   	-80.65  
197.6   	-80.5   
198     	-80.03  
198.4   	-78.76  
198.8   	-74.02  
199.2   	-55.56  
199.6   	26.37   
200     	41.68   
200.4   	28.28   
200.8   	10.86   
201.2   	-6.924  
201.6   	-24.99  
202     	-43.77  
202.4   	-59.06  
202.8   	-68.34  
203.2   	-73.53  
203.6   	-76.43  
204     	-78.11  
204.4   	-79.11  
204.8   	-79.75  
205.2   	-80.16  
205.6   	-80.44  
206     	-80.63  
206.4   	-80.77  
206.8   	-80.87  
207.2   	-80.95  
207.6   	-81     
208     	-81.03  
208.4   	-81.06  
208.8   	-81.07  
209.2   	-81.07  
209.6   	-81.07  
210     	-81.06  
210.4   	-81.03  
210.8   	-80.96  
211.2   	-80.68  
211.6   	-79.91  
212     	-77.53  
212.4   	-68.39  
212.8   	-33.99  
213.2   	43.1    
213.6   	36.18   
214     	20.16   
214.4   	2.293   
214.8   	-15.38  
215.2   	-34.07  
215.6   	-51.8   
216     	-64.13  
216.4   	-71.18  
216.8   	-75.11  
217.2   	-77.34  
217.6   	-78.65  
218     	-79.45  
218.4   	-79.97  
218.8   	-80.31  
219.2   	-80.52  
219.6   	-80.66  
220     	-80.75  
220.4   	-80.81  
220.8   	-80.85  
221.2   	-80.86  
221.6   	-80.87  
222     	-80.86  
222.4   	-80.81  
222.8   	-80.57  
223.2   	-79.92  
223.6   	-78.04  
224     	-70.8   
224.4   	-43.6   
224.8   	40.9    
225.2   	38.37   
225.6   	23.14   
226     	5.358   
226.4   	-12.33  
226.8   	-30.83  
227.2   	-49.08  
227.6   	-62.48  
228     	-70.25  
228.4   	-74.58  
228.8   	-77.01  
229.2   	-78.43  
229.6   	-79.3   
230     	-79.85  
230.4   	-80.22  
230.8   	-80.47  
231.2   	-80.63  
231.6   	-80.74  
232     	-80.81  
232.4   	-80.84  
232.8   	-80.86  
233.2   	-80.85  
233.6   	-80.84  
234     	-80.8   
234.4   	-80.66  
234.8   	-80.23  
235.2   	-79.11  
235.6   	-75.09  
236     	-59.46  
236.4   	9.631   
236.8   	42.62   
237.2   	30.34   
237.6   	13.17   
238     	-4.677  
238.4   	-22.61  
238.8   	-41.49  
239.2   	-57.49  
239.6   	-67.45  
240     	-73.02  
240.4   	-76.13  
240.8   	-77.91  
241.2   	-78.97  
241.6   	-79.63  
242     	-80.06  
242.4   	-80.34  
242.8   	-80.53  
243.2   	-80.65  
243.6   	-80.73  
244     	-80.77  
244.4   	-80.79  
244.8   	-80.8   
245.2   	-80.79  
245.6   	-80.76  
246     	-80.71  
246.4   	-80.65  
246.8   	-80.57  
247.2   	-80.47  
247.6   	-80.3   
248     	-79.86  
248.4   	-78.66  
248.8   	-74.1   
249.2   	-56.17  
249.6   	24.4    
250     	41.85   
250.4   	28.58   
250.8   	11.19   
251.2   	-6.596  
251.6   	-24.63  
252     	-43.41  
252.4   	-58.8   
252.8   	-68.18  
253.2   	-73.41  
253.6   	-76.33  
254     	-78.01  
254.4   	-79.02  
254.8   	-79.64  
255.2   	-80.04  
255.6   	-80.3   
256     	-80.48  
256.4   	-80.6   
256.8   	-80.68  
257.2   	-80.73  
257.6   	-80.76  
258     	-80.77  
258.4   	-80.77  
258.8   	-80.76  
259.2   	-80.74  
259.6   	-80.71  
260     	-80.68  
260.4   	-80.64  
260.8   	-80.59  
261.2   	-80.55  
261.6   	-80.51  
262     	-80.47  
262.4   	-80.43  
262.8   	-80.39  
263.2   	-80.36  
263.6   	-80.32  
264     	-80.28  
264.4   	-80.24  
264.8   	-80.15  
265.2   	-79.87  
265.6   	-79.08  
266     	-76.37  
266.4   	-65.54  
266.8   	-22.72  
267.2   	43.71   
267.6   	34.23   
268     	17.7    
268.4   	-0.2149 
268.8   	-17.95  
269.2   	-36.8   
269.6   	-54.02  
270     	-65.45  
270.4   	-71.91  
270.8   	-75.5   
271.2   	-77.53  
271.6   	-78.72  
272     	-79.45  
272.4   	-79.9   
272.8   	-80.19  
273.2   	-80.39  
273.6   	-80.52  
274     	-80.61  
274.4   	-80.66  
274.8   	-80.7   
275.2   	-80.72  
275.6   	-80.73  
276     	-80.72  
276.4   	-80.71  
276.8   	-80.69  
277.2   	-80.66  
277.6   	-80.62  
278     	-80.57  
278.4   	-80.49  
278.8   	-80.4   
279.2   	-80.31  
279.6   	-80.21  
280     	-80.1   
280.4   	-79.99  
280.8   	-79.81  
281.2   	-79.33  
281.6   	-77.95  
282     	-72.44  
282.4   	-50.63  
282.8   	35.99   
283.2   	40.45   
283.6   	26.08   
284     	8.44    
284.4   	-9.307  
284.8   	-27.58  
285.2   	-46.21  
285.6   	-60.69  
286     	-69.26  
286.4   	-74.03  
286.8   	-76.7   
287.2   	-78.24  
287.6   	-79.17  
288     	-79.76  
288.4   	-80.14  
288.8   	-80.39  
289.2   	-80.56  
289.6   	-80.66  
290     	-80.72  
290.4   	-80.76  
290.8   	-80.77  
291.2   	-80.76  
291.6   	-80.72  
292     	-80.67  
292.4   	-80.62  
292.8   	-80.56  
293.2   	-80.51  
293.6   	-80.45  
294     	-80.39  
294.4   	-80.32  
294.8   	-80.26  
295.2   	-80.2   
295.6   	-80.14  
296     	-80.07  
296.4   	-80.01  
296.8   	-79.96  
297.2   	-79.9   
297.6   	-79.85  
298     	-79.8   
298.4   	-79.74  
298.8   	-79.67  
299.2   	-79.6   
299.6   	-79.53  
300     	-79.45  
300.4   	-79.38  
300.8   	-79.31  
301.2   	-79.24  
301.6   	-79.16  
302     	-78.96  
302.4   	-78.37  
302.8   	-76.33  
303.2   	-67.76  
303.6   	-33.6   
304     	43.29   
304.4   	36.15   
304.8   	20.07   
305.2   	2.186   
305.6   	-15.49  
306     	-34.2   
306.4   	-51.93  
306.8   	-64.22  
307.2   	-71.23  
307.6   	-75.12  
308     	-77.32  
308.4   	-78.61  
308.8   	-79.4   
309.2   	-79.9   
309.6   	-80.23  
310     	-80.46  
310.4   	-80.61  
310.8   	-80.72  
311.2   	-80.79  
311.6   	-80.82  
312     	-80.83  
312.4   	-80.82  
312.8   	-80.8   
313.2   	-80.76  
313.6   	-80.71  
314     	-80.65  
314.4   	-80.59  
314.8   	-80.53  
315.2   	-80.46  
315.6   	-80.4   
316     	-80.34  
316.4   	-80.28  
316.8   	-80.23  
317.2   	-80.17  
317.6   	-80.12  
318     	-80.07  
318.4   	-80.03  
318.8   	-79.98  
319.2   	-79.94  
319.6   	-79.91  
320     	-79.86  
320.4   	-79.76  
320.8   	-79.36  
321.2   	-78.18  
321.6   	-73.56  
322     	-55.02  
322.4   	28.09   
322.8   	41.65   
323.2   	28.09   
323.6   	10.63   
324     	-7.163  
324.4   	-25.26  
324.8   	-44.05  
325.2   	-59.27  
325.6   	-68.48  
326     	-73.61  
326.4   	-76.48  
326.8   	-78.14  
327.2   	-79.13  
327.6   	-79.76  
328     	-80.17  
328.4   	-80.44  
328.8   	-80.63  
329.2   	-80.77  
329.6   	-80.87  
330     	-80.94  
330.4   	-80.98  
330.8   	-81     
331.2   	-81     
331.6   	-80.99  
332     	-80.98  
332.4   	-80.96  
332.8   	-80.94  
333.2   	-80.91  
333.6   	-80.88  
334     	-80.85  
334.4   	-80.82  
334.8   	-80.78  
335.2   	-80.74  
335.6   	-80.7   
336     	-80.66  
336.4   	-80.62  
336.8   	-80.57  
337.2   	-80.53  
337.6   	-80.49  
338     	-80.45  
338.4   	-80.42  
338.8   	-80.38  
339.2   	-80.34  
339.6   	-80.3   
340     	-80.25  
340.4   	-80.07  
340.8   	-79.5   
341.2   	-77.77  
341.6   	-70.88  
342     	-44.29  
342.4   	40.87   
342.8   	38.71   
343.2   	23.5    
343.6   	5.714   
344     	-11.98  
344.4   	-30.46  
344.8   	-48.78  
345.2   	-62.32  
345.6   	-70.18  
346     	-74.55  
346.4   	-77.02  
346.8   	-78.45  
347.2   	-79.33  
347.6   	-79.89  
348     	-80.26  
348.4   	-80.51  
348.8   	-80.69  
349.2   	-80.82  
349.6   	-80.92  
350     	-80.99  
350.4   	-81.03  
350.8   	-81.07  
351.2   	-81.08  
351.6   	-81.1   
352     	-81.1   
352.4   	-81.11  
352.8   	-81.1   
353.2   	-81.09  
353.6   	-81.09  
354     	-81.08  
354.4   	-81.06  
354.8   	-81.04  
355.2   	-81.02  
355.6   	-81     
356     	-80.98  
356.4   	-80.97  
356.8   	-80.96  
357.2   	-80.95  
357.6   	-80.95  
358     	-80.95  
358.4   	-80.96  
358.8   	-80.96  
359.2   	-80.96  
359.6   	-80.94  
360     	-80.92  
360.4   	-80.9   
360.8   	-80.88  
361.2   	-80.86  
361.6   	-80.85  
362     	-80.83  
362.4   	-80.81  
362.8   	-80.79  
363.2   	-80.76  
363.6   	-80.72  
364     	-80.68  
364.4   	-80.65  
364.8   	-80.61  
365.2   	-80.59  
365.6   	-80.56  
366     	-80.53  
366.4   	-80.49  
366.8   	-80.46  
367.2   	-80.42  
367.6   	-80.38  
368     	-80.35  
368.4   	-80.31  
368.8   	-80.26  
369.2   	-80.08  
369.6   	-79.52  
370     	-77.83  
370.4   	-71.1   
370.8   	-45.1   
371.2   	40.46   
371.6   	38.92   
372     	23.8    
372.4   	6.023   
372.8   	-11.67  
373.2   	-30.13  
373.6   	-48.48  
374     	-62.12  
374.4   	-70.07  
374.8   	-74.48  
375.2   	-76.97  
375.6   	-78.41  
376     	-79.29  
376.4   	-79.84  
376.8   	-80.2   
377.2   	-80.44  
377.6   	-80.61  
378     	-80.71  
378.4   	-80.77  
378.8   	-80.79  
379.2   	-80.8   
379.6   	-80.77  
380     	-80.65  
380.4   	-80.23  
380.8   	-79.16  
381.2   	-75.39  
381.6   	-60.77  
382     	1.652   
382.4   	42.81   
382.8   	31.03   
383.2   	13.99   
383.6   	-3.864  
384     	-21.75  
384.4   	-40.63  
384.8   	-56.85  
385.2   	-67.07  
385.6   	-72.81  
386     	-76     
386.4   	-77.82  
386.8   	-78.89  
387.2   	-79.55  
387.6   	-79.98  
388     	-80.25  
388.4   	-80.43  
388.8   	-80.55  
389.2   	-80.61  
389.6   	-80.65  
390     	-80.65  
390.4   	-80.62  
390.8   	-80.5   
391.2   	-80.11  
391.6   	-79.19  
392     	-76.1   
392.4   	-64.04  
392.8   	-16.47  
393.2   	43.28   
393.6   	33.04   
394     	16.34   
394.4   	-1.531  
394.8   	-19.29  
395.2   	-38.15  
395.6   	-55.01  
396     	-66     
396.4   	-72.21  
396.8   	-75.66  
397.2   	-77.61  
397.6   	-78.76  
398     	-79.46  
398.4   	-79.89  
398.8   	-80.17  
399.2   	-80.33  
399.6   	-80.44  
400     	-80.49  
400.4   	-80.51  
400.8   	-80.51  
401.2   	-80.49  
401.6   	-80.46  
402     	-80.41  
402.4   	-80.36  
402.8   	-80.29  
403.2   	-80.17  
403.6   	-79.82  
404     	-78.92  
404.4   	-75.72  
404.8   	-62.98  
405.2   	-10.58  
405.6   	43.31   
406     	32.41   
406.4   	15.56   
406.8   	-2.306  
407.2   	-20.09  
407.6   	-38.96  
408     	-55.62  
408.4   	-66.37  
408.8   	-72.42  
409.2   	-75.78  
409.6   	-77.7   
410     	-78.83  
410.4   	-79.53  
410.8   	-79.97  
411.2   	-80.25  
411.6   	-80.43  
412     	-80.55  
412.4   	-80.63  
412.8   	-80.68  
413.2   	-80.7   
413.6   	-80.71  
414     	-80.67  
414.4   	-80.52  
414.8   	-80.05  
415.2   	-78.83  
415.6   	-74.32  
416     	-56.89  
416.4   	21.18   
416.8   	41.91   
417.2   	28.89   
417.6   	11.56   
418     	-6.231  
418.4   	-24.25  
418.8   	-43.05  
419.2   	-58.56  
419.6   	-68.05  
420     	-73.37  
420.4   	-76.34  
420.8   	-78.05  
421.2   	-79.08  
421.6   	-79.73  
422     	-80.16  
422.4   	-80.45  
422.8   	-80.65  
423.2   	-80.8   
423.6   	-80.91  
424     	-80.99  
424.4   	-81.05  
424.8   	-81.1   
425.2   	-81.13  
425.6   	-81.15  
426     	-81.16  
426.4   	-81.17  
426.8   	-81.18  
427.2   	-81.18  
427.6   	-81.18  
428     	-81.17  
428.4   	-81.16  
428.8   	-81.14  
429.2   	-81.12  
429.6   	-81.09  
430     	-81.07  
430.4   	-81.04  
430.8   	-81     
431.2   	-80.82  
431.6   	-80.3   
432     	-78.89  
432.4   	-73.6   
432.8   	-53.26  
433.2   	32.18   
433.6   	41.15   
434     	27.25   
434.4   	9.716   
434.8   	-8.054  
435.2   	-26.22  
435.6   	-44.94  
436     	-59.85  
436.4   	-68.79  
436.8   	-73.77  
437.2   	-76.55  
437.6   	-78.16  
438     	-79.13  
438.4   	-79.74  
438.8   	-80.13  
439.2   	-80.39  
439.6   	-80.56  
440     	-80.68  
440.4   	-80.76  
440.8   	-80.82  
441.2   	-80.86  
441.6   	-80.88  
442     	-80.88  
442.4   	-80.87  
442.8   	-80.84  
443.2   	-80.77  
443.6   	-80.49  
444     	-79.74  
444.4   	-77.43  
444.8   	-68.48  
445.2   	-34.78  
445.6   	42.95   
446     	36.29   
446.4   	20.33   
446.8   	2.471   
447.2   	-15.2   
447.6   	-33.88  
448     	-51.65  
448.4   	-64.03  
448.8   	-71.13  
449.2   	-75.07  
449.6   	-77.29  
450     	-78.6   
450.4   	-79.4   
450.8   	-79.91  
451.2   	-80.24  
451.6   	-80.46  
452     	-80.59  
452.4   	-80.67  
452.8   	-80.71  
453.2   	-80.72  
453.6   	-80.72  
454     	-80.7   
454.4   	-80.67  
454.8   	-80.61  
455.2   	-80.54  
455.6   	-80.44  
456     	-80.2   
456.4   	-79.53  
456.8   	-77.46  
457.2   	-69.3   
457.6   	-38.32  
458     	42.51   
458.4   	37.14   
458.8   	21.42   
459.2   	3.567   
459.6   	-14.12  
460     	-32.75  
460.4   	-50.73  
460.8   	-63.49  
461.2   	-70.81  
461.6   	-74.87  
462     	-77.15  
462.4   	-78.49  
462.8   	-79.3   
463.2   	-79.81  
463.6   	-80.14  
464     	-80.35  
464.4   	-80.5   
464.8   	-80.6   
465.2   	-80.66  
465.6   	-80.7   
466     	-80.71  
466.4   	-80.71  
466.8   	-80.7   
467.2   	-80.67  
467.6   	-80.64  
468     	-80.6   
468.4   	-80.55  
468.8   	-80.51  
469.2   	-80.46  
469.6   	-80.41  
470     	-80.37  
470.4   	-80.32  
470.8   	-80.25  
471.2   	-80.1   
471.6   	-79.61  
472     	-78.21  
472.4   	-72.72  
472.8   	-51.22  
473.2   	35.26   
473.6   	40.6    
474     	26.34   
474.4   	8.718   
474.8   	-9.033  
475.2   	-27.28  
475.6   	-45.93  
476     	-60.51  
476.4   	-69.16  
476.8   	-73.98  
477.2   	-76.68  
477.6   	-78.24  
478     	-79.18  
478.4   	-79.78  
478.8   	-80.17  
479.2   	-80.44  
479.6   	-80.62  
480     	-80.75  
480.4   	-80.84  
480.8   	-80.9   
481.2   	-80.92  
481.6   	-80.91  
482     	-80.87  
482.4   	-80.7   
482.8   	-80.19  
483.2   	-78.84  
483.6   	-73.85  
484     	-54.75  
484.4   	28.21   
484.8   	41.35   
485.2   	27.82   
485.6   	10.38   
486     	-7.388  
486.4   	-25.49  
486.8   	-44.23  
487.2   	-59.35  
487.6   	-68.5   
488     	-73.6   
488.4   	-76.45  
488.8   	-78.09  
489.2   	-79.06  
489.6   	-79.67  
490     	-80.05  
490.4   	-80.3   
490.8   	-80.45  
491.2   	-80.54  
491.6   	-80.59  
492     	-80.61  
492.4   	-80.62  
492.8   	-80.61  
493.2   	-80.59  
493.6   	-80.56  
494     	-80.53  
494.4   	-80.49  
494.8   	-80.44  
495.2   	-80.3   
495.6   	-79.88  
496     	-78.74  
496.4   	-74.51  
496.8   	-57.81  
497.2   	17.98   
497.6   	42.3    
498     	29.47   
498.4   	12.18   
498.8   	-5.641  
499.2   	-23.63  
499.6   	-42.48  
500     	-58.18  
500.4   	-67.84  
500.8   	-73.24  
501.2   	-76.25  
501.6   	-77.97  
502     	-79     
502.4   	-79.64  
502.8   	-80.04  
503.2   	-80.31  
503.6   	-80.48  
504     	-80.59  
504.4   	-80.66  
504.8   	-80.7   
505.2   	-80.72  
505.6   	-80.72  
506     	-80.7   
506.4   	-80.66  
506.8   	-80.62  
507.2   	-80.57  
507.6   	-80.52  
508     	-80.42  
508.4   	-80.14  
508.8   	-79.39  
509.2   	-76.95  
509.6   	-67.33  
510     	-30.44  
510.4   	43.39   
510.8   	35.47   
511.2   	19.26   
511.6   	1.37    
512     	-16.33  
512.4   	-35.09  
512.8   	-52.64  
513.2   	-64.63  
513.6   	-71.46  
514     	-75.24  
514.4   	-77.38  
514.8   	-78.62  
515.2   	-79.38  
515.6   	-79.86  
516     	-80.17  
516.4   	-80.37  
516.8   	-80.51  
517.2   	-80.6   
517.6   	-80.65  
518     	-80.67  
518.4   	-80.69  
518.8   	-80.69  
519.2   	-80.68  
519.6   	-80.66  
520     	-80.64  
520.4   	-80.61  
520.8   	-80.58  
521.2   	-80.53  
521.6   	-80.46  
522     	-80.37  
522.4   	-80.13  
522.8   	-79.48  
523.2   	-77.42  
523.6   	-69.28  
524     	-38.17  
524.4   	42.64   
524.8   	37.16   
525.2   	21.42   
525.6   	3.563   
526     	-14.12  
526.4   	-32.75  
526.8   	-50.73  
527.2   	-63.49  
527.6   	-70.81  
528     	-74.87  
528.4   	-77.15  
528.8   	-78.48  
529.2   	-79.28  
529.6   	-79.78  
530     	-80.1   
530.4   	-80.3   
530.8   	-80.44  
531.2   	-80.51  
531.6   	-80.55  
532     	-80.52  
532.4   	-80.37  
532.8   	-79.93  
533.2   	-78.93  
533.6   	-75.46  
534     	-61.93  
534.4   	-6.084  
534.8   	42.89   
535.2   	31.67   
535.6   	14.76   
536     	-3.085  
536.4   	-20.91  
536.8   	-39.76  
537.2   	-56.18  
537.6   	-66.67  
538     	-72.56  
538.4   	-75.84  
538.8   	-77.71  
539.2   	-78.82  
539.6   	-79.49  
540     	-79.91  
540.4   	-80.18  
540.8   	-80.35  
541.2   	-80.45  
541.6   	-80.51  
542     	-80.53  
542.4   	-80.53  
542.8   	-80.5   
543.2   	-80.45  
543.6   	-80.35  
544     	-80.12  
544.4   	-79.58  
544.8   	-78.12  
545.2   	-72.44  
545.6   	-50.46  
546     	35.8    
546.4   	40.23   
546.8   	25.9    
547.2   	8.274   
547.6   	-9.453  
548     	-27.72  
548.4   	-46.3   
548.8   	-60.72  
549.2   	-69.25  
549.6   	-74     
550     	-76.65  
550.4   	-78.18  
550.8   	-79.1   
551.2   	-79.67  
551.6   	-80.04  
552     	-80.28  
552.4   	-80.44  
552.8   	-80.54  
553.2   	-80.59  
553.6   	-80.62  
554     	-80.61  
554.4   	-80.57  
554.8   	-80.41  
555.2   	-79.96  
555.6   	-78.81  
556     	-74.62  
556.4   	-58.32  
556.8   	14.74   
557.2   	42.27   
557.6   	29.67   
558     	12.44   
558.4   	-5.381  
558.8   	-23.35  
559.2   	-42.19  
559.6   	-57.97  
560     	-67.71  
560.4   	-73.16  
560.8   	-76.2   
561.2   	-77.93  
561.6   	-78.96  
562     	-79.6   
562.4   	-80.01  
562.8   	-80.27  
563.2   	-80.45  
563.6   	-80.57  
564     	-80.64  
564.4   	-80.68  
564.8   	-80.7   
565.2   	-80.7   
565.6   	-80.69  
566     	-80.66  
566.4   	-80.63  
566.8   	-80.56  
567.2   	-80.34  
567.6   	-79.74  
568     	-77.95  
568.4   	-71     
568.8   	-44.59  
569.2   	40.51   
569.6   	38.66   
570     	23.52   
570.4   	5.751   
570.8   	-11.93  
571.2   	-30.4   
571.6   	-48.7   
572     	-62.24  
572.4   	-70.12  
572.8   	-74.49  
573.2   	-76.95  
573.6   	-78.38  
574     	-79.24  
574.4   	-79.77  
574.8   	-80.12  
575.2   	-80.35  
575.6   	-80.49  
576     	-80.59  
576.4   	-80.64  
576.8   	-80.68  
577.2   	-80.69  
577.6   	-80.68  
578     	-80.65  
578.4   	-80.62  
578.8   	-80.57  
579.2   	-80.5   
579.6   	-80.29  
580     	-79.7   
580.4   	-77.97  
580.8   	-71.21  
581.2   	-45.45  
581.6   	40.06   
582     	38.89   
582.4   	23.84   
582.8   	6.086   
583.2   	-11.6   
583.6   	-30.04  
584     	-48.38  
584.4   	-62.04  
584.8   	-70.01  
585.2   	-74.44  
585.6   	-76.93  
586     	-78.37  
586.4   	-79.23  
586.8   	-79.77  
587.2   	-80.11  
587.6   	-80.33  
588     	-80.47  
588.4   	-80.56  
588.8   	-80.61  
589.2   	-80.64  
589.6   	-80.64  
590     	-80.63  
590.4   	-80.6   
590.8   	-80.57  
591.2   	-80.48  
591.6   	-80.2   
592     	-79.45  
592.4   	-77.07  
592.8   	-67.75  
593.2   	-32.3   
593.6   	43.17   
594     	35.75   
594.4   	19.65   
594.8   	1.779   
595.2   	-15.9   
595.6   	-34.62  
596     	-52.24  
596.4   	-64.37  
596.8   	-71.29  
597.2   	-75.14  
597.6   	-77.31  
598     	-78.59  
598.4   	-79.37  
598.8   	-79.87  
599.2   	-80.19  
599.6   	-80.41  
600     	-80.55  
600.4   	-80.66  
600.8   	-80.72  
601.2   	-80.77  
601.6   	-80.8   
602     	-80.81  
602.4   	-80.82  
602.8   	-80.8   
603.2   	-80.7   
603.6   	-80.34  
604     	-79.4   
604.4   	-76.21  
604.8   	-63.85  
605.2   	-14.71  
605.6   	43.38   
606     	32.91   
606.4   	16.17   
606.8   	-1.714  
607.2   	-19.49  
607.6   	-38.36  
608     	-55.19  
608.4   	-66.13  
608.8   	-72.3   
609.2   	-75.74  
609.6   	-77.7   
610     	-78.87  
610.4   	-79.6   
610.8   	-80.08  
611.2   	-80.4   
611.6   	-80.62  
612     	-80.78  
612.4   	-80.89  
612.8   	-80.97  
613.2   	-81.02  
613.6   	-81.05  
614     	-81.07  
614.4   	-81.07  
614.8   	-81.06  
615.2   	-81.03  
615.6   	-81     
616     	-80.96  
616.4   	-80.9   
616.8   	-80.83  
617.2   	-80.72  
617.6   	-80.4   
618     	-79.56  
618.4   	-76.8   
618.8   	-66.03  
619.2   	-24.43  
619.6   	43.64   
620     	34.47   
620.4   	18.01   
620.8   	0.1034  
621.2   	-17.63  
621.6   	-36.47  
622     	-53.75  
622.4   	-65.29  
622.8   	-71.83  
623.2   	-75.47  
623.6   	-77.53  
624     	-78.76  
624.4   	-79.51  
624.8   	-79.99  
625.2   	-80.31  
625.6   	-80.53  
626     	-80.68  
626.4   	-80.77  
626.8   	-80.83  
627.2   	-80.82  
627.6   	-80.66  
628     	-80.15  
628.4   	-78.86  
628.8   	-74.14  
629.2   	-56.16  
629.6   	23.22   
630     	41.58   
630.4   	28.43   
630.8   	11.08   
631.2   	-6.69   
631.6   	-24.72  
632     	-43.47  
632.4   	-58.81  
632.8   	-68.17  
633.2   	-73.4   
633.6   	-76.32  
634     	-78.01  
634.4   	-79.02  
634.8   	-79.64  
635.2   	-80.05  
635.6   	-80.31  
636     	-80.48  
636.4   	-80.58  
636.8   	-80.64  
637.2   	-80.67  
637.6   	-80.66  
638     	-80.63  
638.4   	-80.51  
638.8   	-80.13  
639.2   	-79.19  
639.6   	-75.94  
640     	-63.29  
640.4   	-12.62  
640.8   	43.18   
641.2   	32.52   
641.6   	15.73   
642     	-2.13   
642.4   	-19.9   
642.8   	-38.76  
643.2   	-55.45  
643.6   	-66.25  
644     	-72.33  
644.4   	-75.71  
644.8   	-77.64  
645.2   	-78.78  
645.6   	-79.48  
646     	-79.92  
646.4   	-80.2   
646.8   	-80.37  
647.2   	-80.48  
647.6   	-80.55  
648     	-80.58  
648.4   	-80.6   
648.8   	-80.59  
649.2   	-80.57  
649.6   	-80.55  
650     	-80.51  
650.4   	-80.42  
650.8   	-80.13  
651.2   	-79.38  
651.6   	-76.95  
652     	-67.44  
652.4   	-31.07  
652.8   	43.28   
653.2   	35.53   
653.6   	19.36   
654     	1.481   
654.4   	-16.22  
654.8   	-34.97  
655.2   	-52.55  
655.6   	-64.58  
656     	-71.43  
656.4   	-75.24  
656.8   	-77.4   
657.2   	-78.67  
657.6   	-79.44  
658     	-79.93  
658.4   	-80.24  
658.8   	-80.45  
659.2   	-80.58  
659.6   	-80.67  
660     	-80.72  
660.4   	-80.74  
660.8   	-80.75  
661.2   	-80.74  
661.6   	-80.73  
662     	-80.71  
662.4   	-80.69  
662.8   	-80.67  
663.2   	-80.64  
663.6   	-80.62  
664     	-80.59  
664.4   	-80.57  
664.8   	-80.54  
665.2   	-80.51  
665.6   	-80.48  
666     	-80.44  
666.4   	-80.4   
666.8   	-80.36  
667.2   	-80.32  
667.6   	-80.28  
668     	-80.25  
668.4   	-80.21  
668.8   	-80.18  
669.2   	-80.13  
669.6   	-80.06  
670     	-79.8   
670.4   	-79.06  
670.8   	-76.54  
671.2   	-66.43  
671.6   	-26.76  
672     	43.68   
672.4   	34.9    
672.8   	18.51   
673.2   	0.6009  
673.6   	-17.12  
674     	-35.94  
674.4   	-53.35  
674.8   	-65.06  
675.2   	-71.7   
675.6   	-75.39  
676     	-77.48  
676.4   	-78.72  
676.8   	-79.48  
677.2   	-79.97  
677.6   	-80.29  
678     	-80.51  
678.4   	-80.65  
678.8   	-80.74  
679.2   	-80.8   
679.6   	-80.84  
680     	-80.86  
680.4   	-80.87  
680.8   	-80.87  
681.2   	-80.86  
681.6   	-80.85  
682     	-80.82  
682.4   	-80.78  
682.8   	-80.74  
683.2   	-80.68  
683.6   	-80.61  
684     	-80.52  
684.4   	-80.34  
684.8   	-79.83  
685.2   	-78.39  
685.6   	-72.83  
686     	-51.21  
686.4   	35.26   
686.8   	40.58   
687.2   	26.32   
687.6   	8.708   
688     	-9.041  
688.4   	-27.29  
688.8   	-45.93  
689.2   	-60.5   
689.6   	-69.15  
690     	-73.96  
690.4   	-76.65  
690.8   	-78.21  
691.2   	-79.14  
691.6   	-79.73  
692     	-80.12  
692.4   	-80.37  
692.8   	-80.55  
693.2   	-80.66  
693.6   	-80.74  
694     	-80.78  
694.4   	-80.8   
694.8   	-80.8   
695.2   	-80.8   
695.6   	-80.78  
696     	-80.75  
696.4   	-80.69  
696.8   	-80.51  
697.2   	-79.99  
697.6   	-78.57  
698     	-73.19  
698.4   	-52.46  
698.8   	33.25   
699.2   	40.85   
699.6   	26.83   
700     	9.276   
700.4   	-8.479  
700.8   	-26.67  
701.2   	-45.35  
701.6   	-60.1   
702     	-68.91  
702.4   	-73.82  
702.8   	-76.55  
703.2   	-78.12  
703.6   	-79.06  
704     	-79.63  
704.4   	-79.99  
704.8   	-80.21  
705.2   	-80.36  
705.6   	-80.45  
706     	-80.49  
706.4   	-80.51  
706.8   	-80.51  
707.2   	-80.49  
707.6   	-80.47  
708     	-80.43  
708.4   	-80.39  
708.8   	-80.34  
709.2   	-80.29  
709.6   	-80.24  
710     	-80.18  
710.4   	-80.13  
710.8   	-80.07  
711.2   	-80.02  
711.6   	-79.96  
712     	-79.9   
712.4   	-79.85  
712.8   	-79.81  
713.2   	-79.76  
713.6   	-79.72  
714     	-79.67  
714.4   	-79.62  
714.8   	-79.57  
715.2   	-79.53  
715.6   	-79.48  
716     	-79.41  
716.4   	-79.19  
716.8   	-78.52  
717.2   	-76.16  
717.6   	-66.42  
718     	-27.55  
718.4   	43.67   
718.8   	35.03   
719.2   	18.66   
719.6   	0.7517  
720     	-16.96  
720.4   	-35.77  
720.8   	-53.21  
721.2   	-64.98  
721.6   	-71.64  
722     	-75.33  
722.4   	-77.42  
722.8   	-78.64  
723.2   	-79.38  
723.6   	-79.84  
724     	-80.14  
724.4   	-80.33  
724.8   	-80.46  
725.2   	-80.52  
725.6   	-80.55  
726     	-80.56  
726.4   	-80.55  
726.8   	-80.52  
727.2   	-80.48  
727.6   	-80.42  
728     	-80.36  
728.4   	-80.29  
728.8   	-80.22  
729.2   	-80.09  
729.6   	-79.72  
730     	-78.72  
730.4   	-75.06  
730.8   	-60.42  
731.2   	4.251   
731.6   	42.93   
732     	30.95   
732.4   	13.85   
732.8   	-4.017  
733.2   	-21.91  
733.6   	-40.81  
734     	-57     
734.4   	-67.17  
734.8   	-72.87  
735.2   	-76.04  
735.6   	-77.85  
736     	-78.93  
736.4   	-79.6   
736.8   	-80.04  
737.2   	-80.33  
737.6   	-80.52  
738     	-80.66  
738.4   	-80.76  
738.8   	-80.83  
739.2   	-80.87  
739.6   	-80.89  
740     	-80.9   
740.4   	-80.89  
740.8   	-80.88  
741.2   	-80.86  
741.6   	-80.82  
742     	-80.78  
742.4   	-80.73  
742.8   	-80.68  
743.2   	-80.63  
743.6   	-80.58  
744     	-80.53  
744.4   	-80.48  
744.8   	-80.43  
745.2   	-80.37  
745.6   	-80.18  
746     	-79.61  
746.4   	-77.95  
746.8   	-71.38  
747.2   	-46.05  
747.6   	39.88   
748     	39.14   
748.4   	24.13   
748.8   	6.384   
749.2   	-11.3   
749.6   	-29.71  
750     	-48.08  
750.4   	-61.85  
750.8   	-69.89  
751.2   	-74.35  
751.6   	-76.85  
752     	-78.3   
752.4   	-79.17  
752.8   	-79.72  
753.2   	-80.07  
753.6   	-80.31  
754     	-80.46  
754.4   	-80.55  
754.8   	-80.59  
755.2   	-80.59  
755.6   	-80.48  
756     	-80.08  
756.4   	-79.09  
756.8   	-75.66  
757.2   	-62.4   
757.6   	-8.616  
758     	42.93   
758.4   	31.93   
758.8   	15.07   
759.2   	-2.778  
759.6   	-20.59  
760     	-39.44  
760.4   	-55.95  
760.8   	-66.54  
761.2   	-72.5   
761.6   	-75.83  
762     	-77.72  
762.4   	-78.85  
762.8   	-79.55  
763.2   	-79.99  
763.6   	-80.29  
764     	-80.49  
764.4   	-80.62  
764.8   	-80.71  
765.2   	-80.76  
765.6   	-80.8   
766     	-80.82  
766.4   	-80.83  
766.8   	-80.82  
767.2   	-80.81  
767.6   	-80.78  
768     	-80.71  
768.4   	-80.43  
768.8   	-79.68  
769.2   	-77.32  
769.6   	-68.19  
770     	-33.63  
770.4   	43.09   
770.8   	36.06   
771.2   	20.03   
771.6   	2.159   
772     	-15.51  
772.4   	-34.21  
772.8   	-51.91  
773.2   	-64.19  
773.6   	-71.21  
774     	-75.11  
774.4   	-77.32  
774.8   	-78.61  
775.2   	-79.4   
775.6   	-79.89  
776     	-80.21  
776.4   	-80.43  
776.8   	-80.57  
777.2   	-80.66  
777.6   	-80.72  
778     	-80.76  
778.4   	-80.79  
778.8   	-80.8   
779.2   	-80.79  
779.6   	-80.73  
780     	-80.45  
780.4   	-79.73  
780.8   	-77.5   
781.2   	-68.9   
781.6   	-36.58  
782     	42.69   
782.4   	36.67   
782.8   	20.84   
783.2   	2.981   
783.6   	-14.7   
784     	-33.35  
784.4   	-51.21  
784.8   	-63.76  
785.2   	-70.95  
785.6   	-74.95  
786     	-77.2   
786.4   	-78.52  
786.8   	-79.32  
787.2   	-79.83  
787.6   	-80.17  
788     	-80.39  
788.4   	-80.55  
788.8   	-80.66  
789.2   	-80.73  
789.6   	-80.77  
790     	-80.79  
790.4   	-80.79  
790.8   	-80.78  
791.2   	-80.76  
791.6   	-80.73  
792     	-80.69  
792.4   	-80.65  
792.8   	-80.6   
793.2   	-80.49  
793.6   	-80.16  
794     	-79.28  
794.4   	-76.32  
794.8   	-64.64  
795.2   	-18.4   
795.6   	43.58   
796     	33.52   
796.4   	16.86   
796.8   	-1.037  
797.2   	-18.79  
797.6   	-37.66  
798     	-54.67  
798.4   	-65.83  
798.8   	-72.13  
799.2   	-75.63  
799.6   	-77.63  
800     	-78.81  
800.4   	-79.54  
800.8   	-80     
801.2   	-80.31  
801.6   	-80.52  
802     	-80.67  
802.4   	-80.77  
802.8   	-80.84  
803.2   	-80.89  
803.6   	-80.92  
804     	-80.93  
804.4   	-80.94  
804.8   	-80.93  
805.2   	-80.92  
805.6   	-80.9   
806     	-80.87  
806.4   	-80.84  
806.8   	-80.79  
807.2   	-80.74  
807.6   	-80.69  
808     	-80.63  
808.4   	-80.55  
808.8   	-80.37  
809.2   	-79.83  
809.6   	-78.31  
810     	-72.37  
810.4   	-49.45  
810.8   	37.26   
811.2   	40.1    
811.6   	25.55   
812     	7.879   
812.4   	-9.845  
812.8   	-28.15  
813.2   	-46.71  
813.6   	-61     
814     	-69.43  
814.4   	-74.12  
814.8   	-76.75  
815.2   	-78.28  
815.6   	-79.2   
816     	-79.77  
816.4   	-80.15  
816.8   	-80.39  
817.2   	-80.56  
817.6   	-80.67  
818     	-80.74  
818.4   	-80.78  
818.8   	-80.77  
819.2   	-80.6   
819.6   	-80.09  
820     	-78.74  
820.4   	-73.73  
820.8   	-54.67  
821.2   	27.98   
821.6   	41.23   
822     	27.73   
822.4   	10.29   
822.8   	-7.466  
823.2   	-25.57  
823.6   	-44.28  
824     	-59.37  
824.4   	-68.49  
824.8   	-73.58  
825.2   	-76.42  
825.6   	-78.05  
826     	-79.03  
826.4   	-79.64  
826.8   	-80.03  
827.2   	-80.29  
827.6   	-80.47  
828     	-80.59  
828.4   	-80.67  
828.8   	-80.72  
829.2   	-80.75  
829.6   	-80.75  
830     	-80.75  
830.4   	-80.73  
830.8   	-80.71  
831.2   	-80.67  
831.6   	-80.61  
832     	-80.38  
832.4   	-79.75  
832.8   	-77.85  
833.2   	-70.44  
833.6   	-42.36  
834     	41.5    
834.4   	38.13   
834.8   	22.76   
835.2   	4.949   
835.6   	-12.74  
836     	-31.29  
836.4   	-49.49  
836.8   	-62.74  
837.2   	-70.4   
837.6   	-74.66  
838     	-77.05  
838.4   	-78.44  
838.8   	-79.29  
839.2   	-79.82  
839.6   	-80.17  
840     	-80.39  
840.4   	-80.53  
840.8   	-80.62  
841.2   	-80.68  
841.6   	-80.7   
842     	-80.7   
842.4   	-80.68  
842.8   	-80.64  
843.2   	-80.6   
843.6   	-80.55  
844     	-80.48  
844.4   	-80.42  
844.8   	-80.33  
845.2   	-80.15  
845.6   	-79.65  
846     	-78.21  
846.4   	-72.58  
846.8   	-50.65  
847.2   	35.86   
847.6   	40.4    
848     	26.05   
848.4   	8.418   
848.8   	-9.327  
849.2   	-27.6   
849.6   	-46.23  
850     	-60.7   
850.4   	-69.27  
850.8   	-74.04  
851.2   	-76.71  
851.6   	-78.26  
852     	-79.19  
852.4   	-79.78  
852.8   	-80.16  
853.2   	-80.42  
853.6   	-80.6   
854     	-80.73  
854.4   	-80.83  
854.8   	-80.89  
855.2   	-80.94  
855.6   	-80.98  
856     	-81     
856.4   	-81.01  
856.8   	-81.01  
857.2   	-81     
857.6   	-80.98  
858     	-80.95  
858.4   	-80.91  
858.8   	-80.87  
859.2   	-80.77  
859.6   	-80.46  
860     	-79.62  
860.4   	-76.87  
860.8   	-66.18  
861.2   	-25.04  
861.6   	43.63   
862     	34.57   
862.4   	18.14   
862.8   	0.2329  
863.2   	-17.49  
863.6   	-36.32  
864     	-53.63  
864.4   	-65.21  
864.8   	-71.78  
865.2   	-75.43  
865.6   	-77.49  
866     	-78.7   
866.4   	-79.44  
866.8   	-79.92  
867.2   	-80.22  
867.6   	-80.43  
868     	-80.57  
868.4   	-80.67  
868.8   	-80.73  
869.2   	-80.76  
869.6   	-80.78  
870     	-80.78  
870.4   	-80.78  
870.8   	-80.78  
871.2   	-80.77  
871.6   	-80.75  
872     	-80.71  
872.4   	-80.66  
872.8   	-80.6   
873.2   	-80.53  
873.6   	-80.46  
874     	-80.38  
874.4   	-80.29  
874.8   	-80.17  
875.2   	-79.92  
875.6   	-79.22  
876     	-76.98  
876.4   	-68.01  
876.8   	-33.32  
877.2   	43.26   
877.6   	36.08   
878     	20.01   
878.4   	2.132   
878.8   	-15.54  
879.2   	-34.24  
879.6   	-51.95  
880     	-64.21  
880.4   	-71.22  
880.8   	-75.11  
881.2   	-77.31  
881.6   	-78.6   
882     	-79.39  
882.4   	-79.9   
882.8   	-80.23  
883.2   	-80.44  
883.6   	-80.59  
884     	-80.68  
884.4   	-80.73  
884.8   	-80.76  
885.2   	-80.75  
885.6   	-80.7   
886     	-80.47  
886.4   	-79.85  
886.8   	-78.07  
887.2   	-71.22  
887.6   	-45.47  
888     	39.8    
888.4   	38.77   
888.8   	23.75   
889.2   	6.013   
889.6   	-11.66  
890     	-30.1   
890.4   	-48.42  
890.8   	-62.05  
891.2   	-70.01  
891.6   	-74.43  
892     	-76.92  
892.4   	-78.36  
892.8   	-79.23  
893.2   	-79.78  
893.6   	-80.14  
894     	-80.38  
894.4   	-80.53  
894.8   	-80.64  
895.2   	-80.71  
895.6   	-80.76  
896     	-80.78  
896.4   	-80.8   
896.8   	-80.8   
897.2   	-80.8   
897.6   	-80.78  
898     	-80.76  
898.4   	-80.74  
898.8   	-80.71  
899.2   	-80.67  
899.6   	-80.56  
900     	-80.19  
900.4   	-79.2   
900.8   	-75.71  
901.2   	-62     
901.6   	-4.345  
902     	43.23   
902.4   	31.82   
902.8   	14.86   
903.2   	-3.01   
903.6   	-20.84  
904     	-39.73  
904.4   	-56.2   
904.8   	-66.7   
905.2   	-72.6   
905.6   	-75.89  
906     	-77.77  
906.4   	-78.88  
906.8   	-79.56  
907.2   	-79.99  
907.6   	-80.28  
908     	-80.47  
908.4   	-80.6   
908.8   	-80.68  
909.2   	-80.73  
909.6   	-80.75  
910     	-80.76  
910.4   	-80.76  
910.8   	-80.74  
911.2   	-80.72  
911.6   	-80.67  
912     	-80.62  
912.4   	-80.54  
912.8   	-80.34  
913.2   	-79.8   
913.6   	-78.23  
914     	-72.13  
914.4   	-48.7   
914.8   	37.81   
915.2   	39.82   
915.6   	25.18   
916     	7.498   
916.4   	-10.22  
916.8   	-28.55  
917.2   	-47.07  
917.6   	-61.23  
918     	-69.57  
918.4   	-74.2   
918.8   	-76.8   
919.2   	-78.3   
919.6   	-79.2   
920     	-79.77  
920.4   	-80.14  
920.8   	-80.38  
921.2   	-80.53  
921.6   	-80.64  
922     	-80.71  
922.4   	-80.76  
922.8   	-80.79  
923.2   	-80.81  
923.6   	-80.81  
924     	-80.82  
924.4   	-80.8   
924.8   	-80.78  
925.2   	-80.74  
925.6   	-80.69  
926     	-80.64  
926.4   	-80.58  
926.8   	-80.47  
927.2   	-80.12  
927.6   	-79.16  
928     	-75.81  
928.4   	-62.55  
928.8   	-7.458  
929.2   	43.32   
929.6   	32.15   
930     	15.24   
930.4   	-2.629  
930.8   	-20.44  
931.2   	-39.32  
931.6   	-55.9   
932     	-66.53  
932.4   	-72.51  
932.8   	-75.85  
933.2   	-77.75  
933.6   	-78.88  
934     	-79.58  
934.4   	-80.02  
934.8   	-80.31  
935.2   	-80.5   
935.6   	-80.63  
936     	-80.72  
936.4   	-80.79  
936.8   	-80.83  
937.2   	-80.86  
937.6   	-80.87  
938     	-80.88  
938.4   	-80.88  
938.8   	-80.87  
939.2   	-80.86  
939.6   	-80.84  
940     	-80.83  
940.4   	-80.81  
940.8   	-80.8   
941.2   	-80.79  
941.6   	-80.78  
942     	-80.78  
942.4   	-80.77  
942.8   	-80.76  
943.2   	-80.74  
943.6   	-80.71  
944     	-80.69  
944.4   	-80.66  
944.8   	-80.65  
945.2   	-80.63  
945.6   	-80.61  
946     	-80.6   
946.4   	-80.59  
946.8   	-80.58  
947.2   	-80.56  
947.6   	-80.55  
948     	-80.54  
948.4   	-80.52  
948.8   	-80.5   
949.2   	-80.49  
949.6   	-80.47  
950     	-80.46  
950.4   	-80.43  
950.8   	-80.41  
951.2   	-80.38  
951.6   	-80.35  
952     	-80.31  
952.4   	-80.27  
952.8   	-80.24  
953.2   	-80.21  
953.6   	-80.18  
954     	-80.15  
954.4   	-80.12  
954.8   	-80.1   
955.2   	-80.06  
955.6   	-80.01  
956     	-79.95  
956.4   	-79.89  
956.8   	-79.82  
957.2   	-79.75  
957.6   	-79.62  
958     	-79.26  
958.4   	-78.21  
958.8   	-74.14  
959.2   	-57.6   
959.6   	19.08   
960     	42.36   
960.4   	29.44   
960.8   	12.11   
961.2   	-5.709  
961.6   	-23.69  
962     	-42.54  
962.4   	-58.23  
962.8   	-67.88  
963.2   	-73.26  
963.6   	-76.26  
964     	-77.99  
964.4   	-79.02  
964.8   	-79.67  
965.2   	-80.09  
965.6   	-80.37  
966     	-80.56  
966.4   	-80.69  
966.8   	-80.78  
967.2   	-80.83  
967.6   	-80.87  
968     	-80.9   
968.4   	-80.92  
968.8   	-80.93  
969.2   	-80.94  
969.6   	-80.94  
970     	-80.94  
970.4   	-80.93  
970.8   	-80.9   
971.2   	-80.87  
971.6   	-80.83  
972     	-80.79  
972.4   	-80.75  
972.8   	-80.72  
973.2   	-80.68  
973.6   	-80.65  
974     	-80.62  
974.4   	-80.59  
974.8   	-80.56  
975.2   	-80.54  
975.6   	-80.53  
976     	-80.51  
976.4   	-80.49  
976.8   	-80.47  
977.2   	-80.44  
977.6   	-80.42  
978     	-80.37  
978.4   	-80.2   
978.8   	-79.66  
979.2   	-78.03  
979.6   	-71.61  
980     	-46.83  
980.4   	39.37   
980.8   	39.36   
981.2   	24.44   
981.6   	6.704   
982     	-10.99  
982.4   	-29.37  
982.8   	-47.8   
983.2   	-61.7   
983.6   	-69.83  
984     	-74.36  
984.4   	-76.91  
984.8   	-78.39  
985.2   	-79.3   
985.6   	-79.88  
986     	-80.26  
986.4   	-80.51  
986.8   	-80.68  
987.2   	-80.8   
987.6   	-80.88  
988     	-80.94  
988.4   	-80.98  
988.8   	-81.02  
989.2   	-81.03  
989.6   	-81.04  
990     	-81.03  
990.4   	-81.02  
990.8   	-80.99  
991.2   	-80.95  
991.6   	-80.91  
992     	-80.86  
992.4   	-80.81  
992.8   	-80.7   
993.2   	-80.37  
993.6   	-79.48  
994     	-76.51  
994.4   	-64.89  
994.8   	-19.23  
995.2   	43.63   
995.6   	33.68   
996     	17.04   
996.4   	-0.8584 
996.8   	-18.61  
997.2   	-37.47  
997.6   	-54.52  
998     	-65.74  
998.4   	-72.07  
998.8   	-75.59  
999.2   	-77.58  
999.6   	-78.76  
