
SWEPT_VAR_1 = 35.0    // Syn: Source PP \ NetStim \ PARAMETER \ interval (ms)

t	s.v( 0.05 )
ms	mV
0       	-64.65  
0.4     	-65.51  
0.8     	-66.35  
1.2     	-67.15  
1.6     	-67.92  
2       	-68.66  
2.4     	-69.37  
2.8     	-70.05  
3.2     	-70.69  
3.6     	-71.29  
4       	-71.85  
4.4     	-72.38  
4.8     	-72.88  
5.2     	-73.34  
5.6     	-73.76  
6       	-74.14  
6.4     	-74.49  
6.8     	-74.81  
7.2     	-75.1   
7.6     	-75.36  
8       	-75.61  
8.4     	-75.81  
8.8     	-75.91  
9.2     	-75.64  
9.6     	-74.03  
10      	-66.1   
10.4    	-31.08  
10.8    	43.62   
11.2    	35.63   
11.6    	19.35   
12      	1.423   
12.4    	-16.3   
12.8    	-35.11  
13.2    	-52.76  
13.6    	-64.78  
14      	-71.58  
14.4    	-75.35  
14.8    	-77.48  
15.2    	-78.73  
15.6    	-79.5   
16      	-80     
16.4    	-80.33  
16.8    	-80.55  
17.2    	-80.71  
17.6    	-80.82  
18      	-80.89  
18.4    	-80.93  
18.8    	-80.96  
19.2    	-80.97  
19.6    	-80.98  
20      	-80.96  
20.4    	-80.91  
20.8    	-80.85  
21.2    	-80.77  
21.6    	-80.68  
22      	-80.6   
22.4    	-80.51  
22.8    	-80.37  
23.2    	-80.02  
23.6    	-79.06  
24      	-75.69  
24.4    	-62.29  
24.8    	-6.065  
25.2    	43.29   
25.6    	32.01   
26      	15.07   
26.4    	-2.799  
26.8    	-20.62  
27.2    	-39.5   
27.6    	-56.04  
28      	-66.61  
28.4    	-72.56  
28.8    	-75.87  
29.2    	-77.75  
29.6    	-78.87  
30      	-79.56  
30.4    	-80.01  
30.8    	-80.3   
31.2    	-80.5   
31.6    	-80.64  
32      	-80.72  
32.4    	-80.77  
32.8    	-80.78  
33.2    	-80.77  
33.6    	-80.73  
34      	-80.67  
34.4    	-80.52  
34.8    	-80.13  
35.2    	-79.13  
35.6    	-75.6   
36      	-61.8   
36.4    	-3.97   
36.8    	43.06   
37.2    	31.66   
37.6    	14.7    
38      	-3.161  
38.4    	-20.99  
38.8    	-39.86  
39.2    	-56.27  
39.6    	-66.72  
40      	-72.59  
40.4    	-75.85  
40.8    	-77.71  
41.2    	-78.81  
41.6    	-79.48  
42      	-79.89  
42.4    	-80.15  
42.8    	-80.3   
43.2    	-80.38  
43.6    	-80.41  
44      	-80.4   
44.4    	-80.36  
44.8    	-80.28  
45.2    	-80.04  
45.6    	-79.41  
46      	-77.53  
46.4    	-70.12  
46.8    	-42.12  
47.2    	41.26   
47.6    	37.87   
48      	22.51   
48.4    	4.718   
48.8    	-12.96  
49.2    	-31.51  
49.6    	-49.66  
50      	-62.82  
50.4    	-70.44  
50.8    	-74.66  
51.2    	-77.04  
51.6    	-78.42  
52      	-79.26  
52.4    	-79.79  
52.8    	-80.13  
53.2    	-80.36  
53.6    	-80.5   
54      	-80.58  
54.4    	-80.55  
54.8    	-80.28  
55.2    	-79.59  
55.6    	-77.54  
56      	-69.69  
56.4    	-40.73  
56.8    	41.36   
57.2    	37.34   
57.6    	21.89   
58      	4.094   
58.4    	-13.58  
58.8    	-32.15  
59.2    	-50.18  
59.6    	-63.13  
60      	-70.6   
60.4    	-74.75  
60.8    	-77.08  
61.2    	-78.44  
61.6    	-79.25  
62      	-79.77  
62.4    	-80.1   
62.8    	-80.32  
63.2    	-80.46  
63.6    	-80.54  
64      	-80.58  
64.4    	-80.6   
64.8    	-80.59  
65.2    	-80.57  
65.6    	-80.54  
66      	-80.51  
66.4    	-80.47  
66.8    	-80.41  
67.2    	-80.35  
67.6    	-80.29  
68      	-80.18  
68.4    	-79.88  
68.8    	-79.07  
69.2    	-76.33  
69.6    	-65.4   
70      	-22.29  
70.4    	43.63   
70.8    	34.1    
71.2    	17.56   
71.6    	-0.3434 
72      	-18.08  
72.4    	-36.93  
72.8    	-54.1   
73.2    	-65.49  
73.6    	-71.92  
74      	-75.49  
74.4    	-77.51  
74.8    	-78.7   
75.2    	-79.42  
75.6    	-79.87  
76      	-80.15  
76.4    	-80.34  
76.8    	-80.45  
77.2    	-80.53  
77.6    	-80.57  
78      	-80.59  
78.4    	-80.59  
78.8    	-80.58  
79.2    	-80.57  
79.6    	-80.54  
80      	-80.51  
80.4    	-80.46  
80.8    	-80.41  
81.2    	-80.36  
81.6    	-80.3   
82      	-80.25  
82.4    	-80.19  
82.8    	-80.08  
83.2    	-79.77  
83.6    	-78.92  
84      	-75.91  
84.4    	-63.85  
84.8    	-14.82  
85.2    	43.54   
85.6    	33.04   
86      	16.28   
86.4    	-1.61   
86.8    	-19.37  
87.2    	-38.24  
87.6    	-55.1   
88      	-66.07  
88.4    	-72.25  
88.8    	-75.69  
89.2    	-77.65  
89.6    	-78.81  
90      	-79.52  
90.4    	-79.97  
90.8    	-80.27  
91.2    	-80.47  
91.6    	-80.6   
92      	-80.69  
92.4    	-80.74  
92.8    	-80.77  
93.2    	-80.78  
93.6    	-80.77  
94      	-80.76  
94.4    	-80.74  
94.8    	-80.7   
95.2    	-80.66  
95.6    	-80.62  
96      	-80.57  
96.4    	-80.5   
96.8    	-80.43  
97.2    	-80.35  
97.6    	-80.26  
98      	-80.16  
98.4    	-80.02  
98.8    	-79.66  
99.2    	-78.7   
99.6    	-75.17  
100     	-60.97  
100.4   	1.366   
100.8   	43.11   
101.2   	31.29   
101.6   	14.23   
102     	-3.642  
102.4   	-21.51  
102.8   	-40.4   
103.2   	-56.71  
103.6   	-67     
104     	-72.76  
104.4   	-75.96  
104.8   	-77.79  
105.2   	-78.88  
105.6   	-79.54  
106     	-79.97  
106.4   	-80.25  
106.8   	-80.44  
107.2   	-80.57  
107.6   	-80.65  
108     	-80.69  
108.4   	-80.7   
108.8   	-80.7   
109.2   	-80.66  
109.6   	-80.54  
110     	-80.13  
110.4   	-79.11  
110.8   	-75.53  
111.2   	-61.56  
111.6   	-2.861  
112     	42.98   
112.4   	31.5    
112.8   	14.53   
113.2   	-3.334  
113.6   	-21.19  
114     	-40.07  
114.4   	-56.45  
114.8   	-66.84  
115.2   	-72.68  
115.6   	-75.93  
116     	-77.79  
116.4   	-78.9   
116.8   	-79.58  
117.2   	-80.01  
117.6   	-80.3   
118     	-80.49  
118.4   	-80.62  
118.8   	-80.7   
119.2   	-80.75  
119.6   	-80.77  
120     	-80.78  
120.4   	-80.78  
120.8   	-80.78  
121.2   	-80.76  
121.6   	-80.74  
122     	-80.72  
122.4   	-80.66  
122.8   	-80.49  
123.2   	-79.98  
123.6   	-78.57  
124     	-73.24  
124.4   	-52.63  
124.8   	33.07   
125.2   	40.93   
125.6   	26.93   
126     	9.372   
126.4   	-8.39   
126.8   	-26.59  
127.2   	-45.28  
127.6   	-60.08  
128     	-68.92  
128.4   	-73.84  
128.8   	-76.6   
129.2   	-78.2   
129.6   	-79.17  
130     	-79.78  
130.4   	-80.18  
130.8   	-80.46  
131.2   	-80.64  
131.6   	-80.78  
132     	-80.87  
132.4   	-80.93  
132.8   	-80.96  
133.2   	-80.99  
133.6   	-81     
134     	-81.01  
134.4   	-81.01  
134.8   	-81     
135.2   	-81     
135.6   	-80.99  
136     	-80.98  
136.4   	-80.96  
136.8   	-80.93  
137.2   	-80.9   
137.6   	-80.85  
138     	-80.8   
138.4   	-80.74  
138.8   	-80.68  
139.2   	-80.63  
139.6   	-80.57  
140     	-80.48  
140.4   	-80.18  
140.8   	-79.38  
141.2   	-76.72  
141.6   	-66.23  
142     	-25.44  
142.4   	43.68   
142.8   	34.67   
143.2   	18.24   
143.6   	0.3338  
144     	-17.39  
144.4   	-36.22  
144.8   	-53.56  
145.2   	-65.18  
145.6   	-71.77  
146     	-75.43  
146.4   	-77.5   
146.8   	-78.73  
147.2   	-79.48  
147.6   	-79.95  
148     	-80.27  
148.4   	-80.48  
148.8   	-80.62  
149.2   	-80.72  
149.6   	-80.78  
150     	-80.82  
150.4   	-80.84  
150.8   	-80.83  
151.2   	-80.81  
151.6   	-80.74  
152     	-80.46  
152.4   	-79.71  
152.8   	-77.4   
153.2   	-68.46  
153.6   	-34.83  
154     	42.89   
154.4   	36.26   
154.8   	20.31   
155.2   	2.452   
155.6   	-15.22  
156     	-33.9   
156.4   	-51.66  
156.8   	-64.04  
157.2   	-71.13  
157.6   	-75.07  
158     	-77.31  
158.4   	-78.62  
158.8   	-79.42  
159.2   	-79.93  
159.6   	-80.27  
160     	-80.5   
160.4   	-80.66  
160.8   	-80.76  
161.2   	-80.83  
161.6   	-80.87  
162     	-80.89  
162.4   	-80.88  
162.8   	-80.81  
163.2   	-80.51  
163.6   	-79.76  
164     	-77.41  
164.4   	-68.41  
164.8   	-34.7   
165.2   	42.84   
165.6   	36.19   
166     	20.24   
166.4   	2.381   
166.8   	-15.29  
167.2   	-33.96  
167.6   	-51.69  
168     	-64.04  
168.4   	-71.11  
168.8   	-75.04  
169.2   	-77.26  
169.6   	-78.57  
170     	-79.36  
170.4   	-79.87  
170.8   	-80.2   
171.2   	-80.42  
171.6   	-80.56  
172     	-80.65  
172.4   	-80.7   
172.8   	-80.7   
173.2   	-80.69  
173.6   	-80.65  
174     	-80.59  
174.4   	-80.44  
174.8   	-79.99  
175.2   	-78.83  
175.6   	-74.56  
176     	-57.93  
176.4   	16.97   
176.8   	42.23   
177.2   	29.48   
177.6   	12.22   
178     	-5.602  
178.4   	-23.58  
178.8   	-42.42  
179.2   	-58.12  
179.6   	-67.8   
180     	-73.19  
180.4   	-76.2   
180.8   	-77.91  
181.2   	-78.93  
181.6   	-79.55  
182     	-79.95  
182.4   	-80.2   
182.8   	-80.36  
183.2   	-80.45  
183.6   	-80.5   
184     	-80.52  
184.4   	-80.51  
184.8   	-80.48  
185.2   	-80.44  
185.6   	-80.37  
186     	-80.2   
186.4   	-79.74  
186.8   	-78.62  
187.2   	-74.47  
187.6   	-58.08  
188     	16.2    
188.4   	42.29   
188.8   	29.59   
189.2   	12.33   
189.6   	-5.489  
190     	-23.45  
190.4   	-42.29  
190.8   	-58.03  
191.2   	-67.73  
191.6   	-73.15  
192     	-76.16  
192.4   	-77.88  
192.8   	-78.91  
193.2   	-79.53  
193.6   	-79.93  
194     	-80.19  
194.4   	-80.36  
194.8   	-80.46  
195.2   	-80.53  
195.6   	-80.56  
196     	-80.56  
196.4   	-80.54  
196.8   	-80.5   
197.2   	-80.36  
197.6   	-79.96  
198     	-78.95  
198.4   	-75.39  
198.8   	-61.39  
199.2   	-2.001  
199.6   	42.96   
200     	31.42   
200.4   	14.43   
200.8   	-3.433  
201.2   	-21.29  
201.6   	-40.17  
202     	-56.52  
202.4   	-66.88  
202.8   	-72.69  
203.2   	-75.93  
203.6   	-77.77  
204     	-78.85  
204.4   	-79.52  
204.8   	-79.93  
205.2   	-80.19  
205.6   	-80.36  
206     	-80.45  
206.4   	-80.49  
206.8   	-80.49  
207.2   	-80.43  
207.6   	-80.2   
208     	-79.64  
208.4   	-78.1   
208.8   	-72.15  
209.2   	-49.55  
209.6   	36.42   
210     	39.82   
210.4   	25.38   
210.8   	7.747   
211.2   	-9.962  
211.6   	-28.25  
212     	-46.76  
212.4   	-60.98  
212.8   	-69.37  
213.2   	-74.02  
213.6   	-76.62  
214     	-78.11  
214.4   	-79     
214.8   	-79.53  
215.2   	-79.86  
215.6   	-80.06  
216     	-80.16  
216.4   	-80.21  
216.8   	-80.23  
217.2   	-80.21  
217.6   	-80.17  
218     	-80.12  
218.4   	-80.01  
218.8   	-79.7   
219.2   	-78.96  
219.6   	-76.51  
220     	-66.74  
220.4   	-29.06  
220.8   	43.27   
221.2   	35.05   
221.6   	18.79   
222     	0.916   
222.4   	-16.78  
222.8   	-35.54  
223.2   	-52.97  
223.6   	-64.8   
224     	-71.51  
224.4   	-75.23  
224.8   	-77.32  
225.2   	-78.54  
225.6   	-79.28  
226     	-79.74  
226.4   	-80.03  
226.8   	-80.21  
227.2   	-80.32  
227.6   	-80.37  
228     	-80.38  
228.4   	-80.36  
228.8   	-80.32  
229.2   	-80.25  
229.6   	-80.18  
230     	-80.09  
230.4   	-79.97  
230.8   	-79.65  
231.2   	-78.84  
231.6   	-76     
232     	-64.63  
232.4   	-19.31  
232.8   	43.49   
233.2   	33.56   
233.6   	16.93   
234     	-0.9675 
234.4   	-18.72  
234.8   	-37.58  
235.2   	-54.59  
235.6   	-65.76  
236     	-72.06  
236.4   	-75.55  
236.8   	-77.53  
237.2   	-78.67  
237.6   	-79.36  
238     	-79.78  
238.4   	-80.04  
238.8   	-80.19  
239.2   	-80.28  
239.6   	-80.31  
240     	-80.3   
240.4   	-80.26  
240.8   	-80.21  
241.2   	-80.14  
241.6   	-80.06  
242     	-79.98  
242.4   	-79.89  
242.8   	-79.78  
243.2   	-79.55  
243.6   	-78.93  
244     	-76.99  
244.4   	-69.07  
244.8   	-38.34  
245.2   	42.53   
245.6   	37.14   
246     	21.41   
246.4   	3.553   
246.8   	-14.13  
247.2   	-32.77  
247.6   	-50.75  
248     	-63.5   
248.4   	-70.81  
248.8   	-74.86  
249.2   	-77.13  
249.6   	-78.45  
250     	-79.24  
250.4   	-79.73  
250.8   	-80.04  
251.2   	-80.24  
251.6   	-80.36  
252     	-80.43  
252.4   	-80.45  
252.8   	-80.44  
253.2   	-80.39  
253.6   	-80.3   
254     	-80.04  
254.4   	-79.38  
254.8   	-77.35  
255.2   	-69.36  
255.6   	-39.18  
256     	42.12   
256.4   	37.19   
256.8   	21.56   
257.2   	3.73    
257.6   	-13.95  
258     	-32.57  
258.4   	-50.57  
258.8   	-63.38  
259.2   	-70.75  
259.6   	-74.84  
260     	-77.14  
260.4   	-78.48  
260.8   	-79.29  
261.2   	-79.8   
261.6   	-80.13  
262     	-80.34  
262.4   	-80.48  
262.8   	-80.57  
263.2   	-80.62  
263.6   	-80.63  
264     	-80.63  
264.4   	-80.61  
264.8   	-80.58  
265.2   	-80.53  
265.6   	-80.48  
266     	-80.42  
266.4   	-80.36  
266.8   	-80.29  
267.2   	-80.22  
267.6   	-80.15  
268     	-80.06  
268.4   	-79.8   
268.8   	-79.1   
269.2   	-76.78  
269.6   	-67.48  
270     	-31.38  
270.4   	43.4    
270.8   	35.68   
271.2   	19.51   
271.6   	1.623   
272     	-16.07  
272.4   	-34.82  
272.8   	-52.42  
273.2   	-64.5   
273.6   	-71.39  
274     	-75.21  
274.4   	-77.37  
274.8   	-78.65  
275.2   	-79.43  
275.6   	-79.93  
276     	-80.26  
276.4   	-80.48  
276.8   	-80.63  
277.2   	-80.72  
277.6   	-80.79  
278     	-80.82  
278.4   	-80.82  
278.8   	-80.79  
279.2   	-80.6   
279.6   	-80.06  
280     	-78.62  
280.4   	-73.2   
280.8   	-52.53  
281.2   	32.78   
281.6   	40.75   
282     	26.79   
282.4   	9.247   
282.8   	-8.504  
283.2   	-26.7   
283.6   	-45.37  
284     	-60.11  
284.4   	-68.92  
284.8   	-73.83  
285.2   	-76.57  
285.6   	-78.16  
286     	-79.11  
286.4   	-79.7   
286.8   	-80.08  
287.2   	-80.32  
287.6   	-80.48  
288     	-80.58  
288.4   	-80.63  
288.8   	-80.66  
289.2   	-80.66  
289.6   	-80.64  
290     	-80.6   
290.4   	-80.56  
290.8   	-80.47  
291.2   	-80.24  
291.6   	-79.64  
292     	-77.88  
292.4   	-71.01  
292.8   	-44.81  
293.2   	40.36   
293.6   	38.7    
294     	23.58   
294.4   	5.819   
294.8   	-11.86  
295.2   	-30.32  
295.6   	-48.63  
296     	-62.19  
296.4   	-70.09  
296.8   	-74.48  
297.2   	-76.94  
297.6   	-78.37  
298     	-79.24  
298.4   	-79.78  
298.8   	-80.13  
299.2   	-80.35  
299.6   	-80.49  
300     	-80.56  
300.4   	-80.6   
300.8   	-80.61  
301.2   	-80.6   
301.6   	-80.58  
302     	-80.54  
302.4   	-80.49  
302.8   	-80.42  
303.2   	-80.32  
303.6   	-80.09  
304     	-79.49  
304.4   	-77.69  
304.8   	-70.58  
305.2   	-43.38  
305.6   	41.09   
306     	38.36   
306.4   	23.09   
306.8   	5.3     
307.2   	-12.38  
307.6   	-30.89  
308     	-49.13  
308.4   	-62.5   
308.8   	-70.26  
309.2   	-74.56  
309.6   	-76.97  
310     	-78.37  
310.4   	-79.21  
310.8   	-79.74  
311.2   	-80.07  
311.6   	-80.28  
312     	-80.41  
312.4   	-80.49  
312.8   	-80.52  
313.2   	-80.52  
313.6   	-80.51  
314     	-80.49  
314.4   	-80.45  
314.8   	-80.41  
315.2   	-80.36  
315.6   	-80.31  
316     	-80.25  
316.4   	-80.19  
316.8   	-80.12  
317.2   	-80.06  
317.6   	-79.95  
318     	-79.63  
318.4   	-78.73  
318.8   	-75.47  
319.2   	-62.32  
319.6   	-6.706  
320     	43.31   
320.4   	32.07   
320.8   	15.14   
321.2   	-2.736  
321.6   	-20.55  
322     	-39.43  
322.4   	-55.99  
322.8   	-66.58  
323.2   	-72.53  
323.6   	-75.84  
324     	-77.73  
324.4   	-78.85  
324.8   	-79.54  
325.2   	-79.99  
325.6   	-80.28  
326     	-80.48  
326.4   	-80.62  
326.8   	-80.71  
327.2   	-80.77  
327.6   	-80.81  
328     	-80.83  
328.4   	-80.84  
328.8   	-80.84  
329.2   	-80.82  
329.6   	-80.79  
330     	-80.75  
330.4   	-80.71  
330.8   	-80.66  
331.2   	-80.6   
331.6   	-80.46  
332     	-80     
332.4   	-78.75  
332.8   	-74.07  
333.2   	-55.77  
333.6   	25.86   
334     	41.77   
334.4   	28.4    
334.8   	10.99   
335.2   	-6.796  
335.6   	-24.84  
336     	-43.62  
336.4   	-58.95  
336.8   	-68.27  
337.2   	-73.47  
337.6   	-76.38  
338     	-78.05  
338.4   	-79.06  
338.8   	-79.68  
339.2   	-80.09  
339.6   	-80.37  
340     	-80.55  
340.4   	-80.67  
340.8   	-80.75  
341.2   	-80.79  
341.6   	-80.82  
342     	-80.82  
342.4   	-80.82  
342.8   	-80.81  
343.2   	-80.79  
343.6   	-80.75  
344     	-80.7   
344.4   	-80.65  
344.8   	-80.59  
345.2   	-80.53  
345.6   	-80.47  
346     	-80.41  
346.4   	-80.35  
346.8   	-80.29  
347.2   	-80.23  
347.6   	-80.17  
348     	-80.1   
348.4   	-80.03  
348.8   	-79.95  
349.2   	-79.85  
349.6   	-79.74  
350     	-79.64  
350.4   	-79.52  
350.8   	-79.33  
351.2   	-78.8   
351.6   	-77.14  
352     	-70.29  
352.4   	-43.2   
352.8   	41.36   
353.2   	38.44   
353.6   	23.11   
354     	5.295   
354.4   	-12.39  
354.8   	-30.91  
355.2   	-49.17  
355.6   	-62.54  
356     	-70.28  
356.4   	-74.57  
356.8   	-76.98  
357.2   	-78.37  
357.6   	-79.21  
358     	-79.73  
358.4   	-80.05  
358.8   	-80.24  
359.2   	-80.36  
359.6   	-80.43  
360     	-80.45  
360.4   	-80.45  
360.8   	-80.41  
361.2   	-80.35  
361.6   	-80.27  
362     	-80.18  
362.4   	-80.06  
362.8   	-79.81  
363.2   	-79.16  
363.6   	-77.08  
364     	-68.77  
364.4   	-36.87  
364.8   	42.7    
365.2   	36.75   
365.6   	20.93   
366     	3.072   
366.4   	-14.6   
366.8   	-33.26  
367.2   	-51.14  
367.6   	-63.73  
368     	-70.94  
368.4   	-74.93  
368.8   	-77.18  
369.2   	-78.48  
369.6   	-79.26  
370     	-79.74  
370.4   	-80.05  
370.8   	-80.24  
371.2   	-80.35  
371.6   	-80.41  
372     	-80.43  
372.4   	-80.39  
372.8   	-80.2   
373.2   	-79.71  
373.6   	-78.47  
374     	-73.82  
374.4   	-55.85  
374.8   	24.04   
375.2   	41.49   
375.6   	28.27   
376     	10.91   
376.4   	-6.85   
376.8   	-24.88  
377.2   	-43.61  
377.6   	-58.89  
378     	-68.2   
378.4   	-73.4   
378.8   	-76.29  
379.2   	-77.95  
379.6   	-78.94  
380     	-79.55  
380.4   	-79.93  
380.8   	-80.18  
381.2   	-80.34  
381.6   	-80.44  
382     	-80.51  
382.4   	-80.54  
382.8   	-80.54  
383.2   	-80.53  
383.6   	-80.49  
384     	-80.45  
384.4   	-80.37  
384.8   	-80.24  
385.2   	-79.9   
385.6   	-79.1   
386     	-76.48  
386.4   	-66.05  
386.8   	-25.47  
387.2   	43.52   
387.6   	34.55   
388     	18.13   
388.4   	0.2322  
388.8   	-17.49  
389.2   	-36.3   
389.6   	-53.61  
390     	-65.2   
390.4   	-71.76  
390.8   	-75.41  
391.2   	-77.48  
391.6   	-78.69  
392     	-79.44  
392.4   	-79.91  
392.8   	-80.22  
393.2   	-80.43  
393.6   	-80.56  
394     	-80.64  
394.4   	-80.68  
394.8   	-80.69  
395.2   	-80.67  
395.6   	-80.63  
396     	-80.56  
396.4   	-80.42  
396.8   	-80.03  
397.2   	-79.09  
397.6   	-75.85  
398     	-63.11  
398.4   	-11.41  
398.8   	43.24   
399.2   	32.44   
399.6   	15.62   
400     	-2.239  
400.4   	-20.01  
400.8   	-38.85  
401.2   	-55.51  
401.6   	-66.28  
402     	-72.34  
402.4   	-75.72  
402.8   	-77.63  
403.2   	-78.76  
403.6   	-79.45  
404     	-79.88  
404.4   	-80.16  
404.8   	-80.34  
405.2   	-80.45  
405.6   	-80.52  
406     	-80.55  
406.4   	-80.55  
406.8   	-80.53  
407.2   	-80.42  
407.6   	-80.07  
408     	-79.21  
408.4   	-76.33  
408.8   	-65.07  
409.2   	-21.41  
409.6   	43.36   
410     	33.76   
410.4   	17.21   
410.8   	-0.6749 
411.2   	-18.42  
411.6   	-37.27  
412     	-54.36  
412.4   	-65.63  
412.8   	-72.01  
413.2   	-75.55  
413.6   	-77.56  
414     	-78.75  
414.4   	-79.49  
414.8   	-79.96  
415.2   	-80.28  
415.6   	-80.49  
416     	-80.64  
416.4   	-80.74  
416.8   	-80.81  
417.2   	-80.85  
417.6   	-80.88  
418     	-80.89  
418.4   	-80.88  
418.8   	-80.85  
419.2   	-80.78  
419.6   	-80.51  
420     	-79.79  
420.4   	-77.56  
420.8   	-68.95  
421.2   	-36.58  
421.6   	42.74   
422     	36.7    
422.4   	20.87   
422.8   	3.009   
423.2   	-14.67  
423.6   	-33.34  
424     	-51.22  
424.4   	-63.79  
424.8   	-71     
425.2   	-75     
425.6   	-77.27  
426     	-78.6   
426.4   	-79.41  
426.8   	-79.93  
427.2   	-80.28  
427.6   	-80.51  
428     	-80.67  
428.4   	-80.78  
428.8   	-80.85  
429.2   	-80.89  
429.6   	-80.91  
430     	-80.9   
430.4   	-80.85  
430.8   	-80.65  
431.2   	-80.07  
431.6   	-78.46  
432     	-72.35  
432.4   	-49.24  
432.8   	37.09   
433.2   	39.87   
433.6   	25.34   
434     	7.685   
434.4   	-10.03  
434.8   	-28.35  
435.2   	-46.88  
435.6   	-61.1   
436     	-69.48  
436.4   	-74.15  
436.8   	-76.77  
437.2   	-78.29  
437.6   	-79.2   
438     	-79.77  
438.4   	-80.13  
438.8   	-80.36  
439.2   	-80.51  
439.6   	-80.6   
440     	-80.64  
440.4   	-80.67  
440.8   	-80.66  
441.2   	-80.63  
441.6   	-80.59  
442     	-80.52  
442.4   	-80.33  
442.8   	-79.78  
443.2   	-78.25  
443.6   	-72.34  
444     	-49.67  
444.4   	36.72   
444.8   	40.02   
445.2   	25.55   
445.6   	7.899   
446     	-9.824  
446.4   	-28.13  
446.8   	-46.68  
447.2   	-60.98  
447.6   	-69.42  
448     	-74.11  
448.4   	-76.74  
448.8   	-78.27  
449.2   	-79.18  
449.6   	-79.76  
450     	-80.13  
450.4   	-80.37  
450.8   	-80.53  
451.2   	-80.63  
451.6   	-80.69  
452     	-80.72  
452.4   	-80.74  
452.8   	-80.74  
453.2   	-80.73  
453.6   	-80.7   
454     	-80.63  
454.4   	-80.41  
454.8   	-79.83  
455.2   	-78.15  
455.6   	-71.64  
456     	-46.88  
456.4   	39.07   
456.8   	39.23   
457.2   	24.36   
457.6   	6.64    
458     	-11.04  
458.4   	-29.42  
458.8   	-47.82  
459.2   	-61.69  
459.6   	-69.81  
460     	-74.33  
460.4   	-76.87  
460.8   	-78.35  
461.2   	-79.25  
461.6   	-79.82  
462     	-80.19  
462.4   	-80.44  
462.8   	-80.61  
463.2   	-80.73  
463.6   	-80.8   
464     	-80.83  
464.4   	-80.83  
464.8   	-80.72  
465.2   	-80.3   
465.6   	-79.25  
466     	-75.59  
466.4   	-61.5   
466.8   	-2.852  
467.2   	42.87   
467.6   	31.41   
468     	14.45   
468.4   	-3.405  
468.8   	-21.26  
469.2   	-40.12  
469.6   	-56.47  
470     	-66.85  
470.4   	-72.67  
470.8   	-75.91  
471.2   	-77.76  
471.6   	-78.86  
472     	-79.54  
472.4   	-79.96  
472.8   	-80.24  
473.2   	-80.42  
473.6   	-80.53  
474     	-80.6   
474.4   	-80.63  
474.8   	-80.63  
475.2   	-80.5   
475.6   	-80.09  
476     	-79.04  
476.4   	-75.35  
476.8   	-61.03  
477.2   	-0.5767 
477.6   	42.77   
478     	31.15   
478.4   	14.15   
478.8   	-3.7    
479.2   	-21.56  
479.6   	-40.43  
480     	-56.69  
480.4   	-66.97  
480.8   	-72.74  
481.2   	-75.96  
481.6   	-77.79  
482     	-78.87  
482.4   	-79.54  
482.8   	-79.97  
483.2   	-80.25  
483.6   	-80.44  
484     	-80.57  
484.4   	-80.66  
484.8   	-80.71  
485.2   	-80.73  
485.6   	-80.72  
486     	-80.7   
486.4   	-80.67  
486.8   	-80.63  
487.2   	-80.57  
487.6   	-80.43  
488     	-80.02  
488.4   	-78.97  
488.8   	-75.19  
489.2   	-60.32  
489.6   	4.9     
490     	42.86   
490.4   	30.85   
490.8   	13.75   
491.2   	-4.111  
491.6   	-22.01  
492     	-40.9   
492.4   	-57.06  
492.8   	-67.2   
493.2   	-72.89  
493.6   	-76.05  
494     	-77.86  
494.4   	-78.94  
494.8   	-79.61  
495.2   	-80.04  
495.6   	-80.32  
496     	-80.5   
496.4   	-80.63  
496.8   	-80.7   
497.2   	-80.75  
497.6   	-80.76  
498     	-80.77  
498.4   	-80.76  
498.8   	-80.73  
499.2   	-80.66  
499.6   	-80.45  
500     	-79.88  
500.4   	-78.28  
500.8   	-72.11  
501.2   	-48.57  
501.6   	37.78   
502     	39.72   
502.4   	25.08   
502.8   	7.403   
503.2   	-10.3   
503.6   	-28.63  
504     	-47.12  
504.4   	-61.23  
504.8   	-69.53  
505.2   	-74.13  
505.6   	-76.71  
506     	-78.2   
506.4   	-79.08  
506.8   	-79.62  
507.2   	-79.97  
507.6   	-80.19  
508     	-80.33  
508.4   	-80.41  
508.8   	-80.45  
509.2   	-80.45  
509.6   	-80.43  
510     	-80.38  
510.4   	-80.31  
510.8   	-80.22  
511.2   	-80.05  
511.6   	-79.62  
512     	-78.5   
512.4   	-74.3   
512.8   	-57.64  
513.2   	18.2    
513.6   	42.18   
514     	29.35   
514.4   	12.06   
514.8   	-5.752  
515.2   	-23.73  
515.6   	-42.56  
516     	-58.22  
516.4   	-67.84  
516.8   	-73.21  
517.2   	-76.2   
517.6   	-77.9   
518     	-78.92  
518.4   	-79.53  
518.8   	-79.92  
519.2   	-80.17  
519.6   	-80.31  
520     	-80.4   
520.4   	-80.42  
520.8   	-80.41  
521.2   	-80.34  
521.6   	-80.09  
522     	-79.48  
522.4   	-77.73  
522.8   	-70.91  
523.2   	-45.13  
523.6   	39.81   
524     	38.58   
524.4   	23.54   
524.8   	5.806   
525.2   	-11.86  
525.6   	-30.3   
526     	-48.57  
526.4   	-62.12  
526.8   	-70.02  
527.2   	-74.41  
527.6   	-76.87  
528     	-78.29  
528.4   	-79.13  
528.8   	-79.65  
529.2   	-79.97  
529.6   	-80.16  
530     	-80.26  
530.4   	-80.31  
530.8   	-80.31  
531.2   	-80.28  
531.6   	-80.22  
532     	-80.12  
532.4   	-79.85  
532.8   	-79.16  
533.2   	-76.99  
533.6   	-68.38  
534     	-35.64  
534.4   	42.66   
534.8   	36.33   
535.2   	20.44   
535.6   	2.592   
536     	-15.07  
536.4   	-33.73  
536.8   	-51.51  
537.2   	-63.93  
537.6   	-71.04  
538     	-74.98  
538.4   	-77.21  
538.8   	-78.5   
539.2   	-79.28  
539.6   	-79.76  
540     	-80.06  
540.4   	-80.26  
540.8   	-80.38  
541.2   	-80.46  
541.6   	-80.51  
542     	-80.53  
542.4   	-80.52  
542.8   	-80.51  
543.2   	-80.48  
543.6   	-80.44  
544     	-80.4   
544.4   	-80.33  
544.8   	-80.25  
545.2   	-80.12  
545.6   	-79.81  
546     	-78.98  
546.4   	-76.09  
546.8   	-64.56  
547.2   	-18.49  
547.6   	43.57   
548     	33.51   
548.4   	16.85   
548.8   	-1.045  
549.2   	-18.8   
549.6   	-37.66  
550     	-54.66  
550.4   	-65.81  
550.8   	-72.1   
551.2   	-75.59  
551.6   	-77.57  
552     	-78.74  
552.4   	-79.45  
552.8   	-79.89  
553.2   	-80.17  
553.6   	-80.35  
554     	-80.46  
554.4   	-80.52  
554.8   	-80.55  
555.2   	-80.56  
555.6   	-80.54  
556     	-80.52  
556.4   	-80.48  
556.8   	-80.42  
557.2   	-80.32  
557.6   	-80.05  
558     	-79.34  
558.4   	-77.05  
558.8   	-68     
559.2   	-33.45  
559.6   	43.08   
560     	35.99   
560.4   	19.94   
560.8   	2.078   
561.2   	-15.59  
561.6   	-34.28  
562     	-51.96  
562.4   	-64.2   
562.8   	-71.18  
563.2   	-75.06  
563.6   	-77.24  
564     	-78.51  
564.4   	-79.27  
564.8   	-79.74  
565.2   	-80.04  
565.6   	-80.24  
566     	-80.35  
566.4   	-80.42  
566.8   	-80.45  
567.2   	-80.43  
567.6   	-80.28  
568     	-79.85  
568.4   	-78.74  
568.8   	-74.68  
569.2   	-58.95  
569.6   	10.77   
570     	42.32   
570.4   	29.98   
570.8   	12.81   
571.2   	-5.014  
571.6   	-22.95  
572     	-41.79  
572.4   	-57.66  
572.8   	-67.51  
573.2   	-73.03  
573.6   	-76.1   
574     	-77.85  
574.4   	-78.89  
574.8   	-79.52  
575.2   	-79.92  
575.6   	-80.18  
576     	-80.34  
576.4   	-80.44  
576.8   	-80.48  
577.2   	-80.47  
577.6   	-80.38  
578     	-80.05  
578.4   	-79.25  
578.8   	-76.63  
579.2   	-66.5   
579.6   	-28.14  
580     	43.11   
580.4   	34.75   
580.8   	18.47   
581.2   	0.6021  
581.6   	-17.09  
582     	-35.85  
582.4   	-53.19  
582.8   	-64.9   
583.2   	-71.56  
583.6   	-75.24  
584     	-77.32  
584.4   	-78.53  
584.8   	-79.27  
585.2   	-79.72  
585.6   	-80     
586     	-80.17  
586.4   	-80.26  
586.8   	-80.29  
587.2   	-80.29  
587.6   	-80.25  
588     	-80.19  
588.4   	-80.06  
588.8   	-79.72  
589.2   	-78.94  
589.6   	-76.4   
590     	-66.32  
590.4   	-27.38  
590.8   	43.29   
591.2   	34.72   
591.6   	18.39   
592     	0.5139  
592.4   	-17.19  
592.8   	-35.97  
593.2   	-53.32  
593.6   	-65     
594     	-71.62  
594.4   	-75.3   
594.8   	-77.37  
595.2   	-78.57  
595.6   	-79.3   
596     	-79.75  
596.4   	-80.03  
596.8   	-80.2   
597.2   	-80.3   
597.6   	-80.36  
598     	-80.37  
598.4   	-80.34  
598.8   	-80.21  
599.2   	-79.86  
599.6   	-79.09  
600     	-76.67  
600.4   	-67.16  
600.8   	-30.92  
601.2   	43.03   
601.6   	35.3    
602     	19.15   
602.4   	1.286   
602.8   	-16.39  
603.2   	-35.12  
603.6   	-52.62  
604     	-64.58  
604.4   	-71.4   
604.8   	-75.18  
605.2   	-77.32  
605.6   	-78.58  
606     	-79.33  
606.4   	-79.8   
606.8   	-80.09  
607.2   	-80.27  
607.6   	-80.39  
608     	-80.45  
608.4   	-80.48  
608.8   	-80.47  
609.2   	-80.44  
609.6   	-80.39  
610     	-80.25  
610.4   	-79.84  
610.8   	-78.81  
611.2   	-75.11  
611.6   	-60.5   
612     	2.946   
612.4   	42.78   
612.8   	30.91   
613.2   	13.84   
613.6   	-4.008  
614     	-21.89  
614.4   	-40.76  
614.8   	-56.95  
615.2   	-67.12  
615.6   	-72.82  
616     	-75.99  
616.4   	-77.79  
616.8   	-78.86  
617.2   	-79.51  
617.6   	-79.92  
618     	-80.19  
618.4   	-80.37  
618.8   	-80.49  
619.2   	-80.56  
619.6   	-80.61  
620     	-80.63  
620.4   	-80.64  
620.8   	-80.64  
621.2   	-80.62  
621.6   	-80.59  
622     	-80.54  
622.4   	-80.49  
622.8   	-80.42  
623.2   	-80.32  
623.6   	-80.04  
624     	-79.32  
624.4   	-77.01  
624.8   	-67.82  
625.2   	-32.53  
625.6   	43.26   
626     	35.88   
626.4   	19.77   
626.8   	1.894   
627.2   	-15.79  
627.6   	-34.51  
628     	-52.17  
628.4   	-64.34  
628.8   	-71.28  
629.2   	-75.13  
629.6   	-77.3   
630     	-78.57  
630.4   	-79.35  
630.8   	-79.83  
631.2   	-80.14  
631.6   	-80.33  
632     	-80.45  
632.4   	-80.52  
632.8   	-80.54  
633.2   	-80.54  
633.6   	-80.47  
634     	-80.22  
634.4   	-79.57  
634.8   	-77.63  
635.2   	-70.08  
635.6   	-41.77  
636     	41.35   
636.4   	37.77   
636.8   	22.38   
637.2   	4.587   
637.6   	-13.09  
638     	-31.63  
638.4   	-49.75  
638.8   	-62.87  
639.2   	-70.44  
639.6   	-74.64  
640     	-77     
640.4   	-78.37  
640.8   	-79.2   
641.2   	-79.71  
641.6   	-80.04  
642     	-80.26  
642.4   	-80.4   
642.8   	-80.5   
643.2   	-80.55  
643.6   	-80.57  
644     	-80.57  
644.4   	-80.55  
644.8   	-80.52  
645.2   	-80.48  
645.6   	-80.43  
646     	-80.37  
646.4   	-80.3   
646.8   	-80.21  
647.2   	-80.1   
647.6   	-79.9   
648     	-79.38  
648.4   	-77.89  
648.8   	-71.97  
649.2   	-48.81  
649.6   	37.76   
650     	39.88   
650.4   	25.24   
650.8   	7.561   
651.2   	-10.15  
651.6   	-28.47  
652     	-47     
652.4   	-61.18  
652.8   	-69.53  
653.2   	-74.16  
653.6   	-76.76  
654     	-78.27  
654.4   	-79.17  
654.8   	-79.74  
655.2   	-80.1   
655.6   	-80.34  
656     	-80.5   
656.4   	-80.61  
656.8   	-80.68  
657.2   	-80.72  
657.6   	-80.73  
658     	-80.72  
658.4   	-80.7   
658.8   	-80.67  
659.2   	-80.63  
659.6   	-80.58  
660     	-80.53  
660.4   	-80.47  
660.8   	-80.4   
661.2   	-80.25  
661.6   	-79.8   
662     	-78.55  
662.4   	-73.79  
662.8   	-55.06  
663.2   	27.87   
663.6   	41.59   
664     	28.06   
664.4   	10.61   
664.8   	-7.167  
665.2   	-25.26  
665.6   	-44.02  
666     	-59.23  
666.4   	-68.44  
666.8   	-73.58  
667.2   	-76.45  
667.6   	-78.11  
668     	-79.1   
668.4   	-79.73  
668.8   	-80.13  
669.2   	-80.4   
669.6   	-80.59  
670     	-80.71  
670.4   	-80.8   
670.8   	-80.86  
671.2   	-80.89  
671.6   	-80.9   
672     	-80.89  
672.4   	-80.87  
672.8   	-80.83  
673.2   	-80.76  
673.6   	-80.69  
674     	-80.59  
674.4   	-80.36  
674.8   	-79.75  
675.2   	-77.93  
675.6   	-70.82  
676     	-43.8   
676.4   	40.96   
676.8   	38.5    
677.2   	23.27   
677.6   	5.484   
678     	-12.2   
678.4   	-30.7   
678.8   	-48.97  
679.2   	-62.42  
679.6   	-70.22  
680     	-74.56  
680.4   	-77     
680.8   	-78.42  
681.2   	-79.27  
681.6   	-79.81  
682     	-80.16  
682.4   	-80.39  
682.8   	-80.53  
683.2   	-80.62  
683.6   	-80.65  
684     	-80.64  
684.4   	-80.6   
684.8   	-80.46  
685.2   	-80.05  
685.6   	-79     
686     	-75.28  
686.4   	-60.82  
686.8   	0.8615  
687.2   	42.77   
687.6   	31.04   
688     	14.01   
688.4   	-3.834  
688.8   	-21.71  
689.2   	-40.58  
689.6   	-56.81  
690     	-67.05  
690.4   	-72.79  
690.8   	-75.99  
691.2   	-77.82  
691.6   	-78.91  
692     	-79.59  
692.4   	-80.03  
692.8   	-80.32  
693.2   	-80.52  
693.6   	-80.66  
694     	-80.75  
694.4   	-80.81  
694.8   	-80.85  
695.2   	-80.87  
695.6   	-80.88  
696     	-80.86  
696.4   	-80.78  
696.8   	-80.48  
697.2   	-79.7   
697.6   	-77.24  
698     	-67.73  
698.4   	-31.9   
698.8   	43.18   
699.2   	35.67   
699.6   	19.55   
700     	1.677   
700.4   	-16.01  
700.8   	-34.74  
701.2   	-52.35  
701.6   	-64.45  
702     	-71.35  
702.4   	-75.18  
702.8   	-77.35  
703.2   	-78.62  
703.6   	-79.39  
704     	-79.88  
704.4   	-80.2   
704.8   	-80.41  
705.2   	-80.56  
705.6   	-80.65  
706     	-80.7   
706.4   	-80.7   
706.8   	-80.58  
707.2   	-80.22  
707.6   	-79.39  
708     	-76.75  
708.4   	-66.53  
708.8   	-27.91  
709.2   	43.18   
709.6   	34.76   
710     	18.47   
710.4   	0.5944  
710.8   	-17.11  
711.2   	-35.89  
711.6   	-53.26  
712     	-64.98  
712.4   	-71.63  
712.8   	-75.34  
713.2   	-77.43  
713.6   	-78.67  
714     	-79.42  
714.4   	-79.89  
714.8   	-80.2   
715.2   	-80.4   
715.6   	-80.52  
716     	-80.6   
716.4   	-80.64  
716.8   	-80.65  
717.2   	-80.63  
717.6   	-80.6   
718     	-80.55  
718.4   	-80.49  
718.8   	-80.42  
719.2   	-80.36  
719.6   	-80.28  
720     	-80.21  
720.4   	-80.14  
720.8   	-80.05  
721.2   	-79.93  
721.6   	-79.6   
722     	-78.71  
722.4   	-75.52  
722.8   	-62.64  
723.2   	-8.524  
723.6   	43.36   
724     	32.26   
724.4   	15.37   
724.8   	-2.508  
725.2   	-20.31  
725.6   	-39.18  
726     	-55.8   
726.4   	-66.47  
726.8   	-72.47  
727.2   	-75.81  
727.6   	-77.72  
728     	-78.84  
728.4   	-79.53  
728.8   	-79.97  
729.2   	-80.25  
729.6   	-80.44  
730     	-80.57  
730.4   	-80.65  
730.8   	-80.71  
731.2   	-80.73  
731.6   	-80.74  
732     	-80.72  
732.4   	-80.63  
732.8   	-80.3   
733.2   	-79.45  
733.6   	-76.66  
734     	-65.86  
734.4   	-24.44  
734.8   	43.43   
735.2   	34.3    
735.6   	17.86   
736     	-0.03476
736.4   	-17.77  
736.8   	-36.6   
737.2   	-53.83  
737.6   	-65.32  
738     	-71.83  
738.4   	-75.44  
738.8   	-77.49  
739.2   	-78.69  
739.6   	-79.43  
740     	-79.9   
740.4   	-80.2   
740.8   	-80.39  
741.2   	-80.52  
741.6   	-80.59  
742     	-80.64  
742.4   	-80.65  
742.8   	-80.64  
743.2   	-80.59  
743.6   	-80.39  
744     	-79.85  
744.4   	-78.38  
744.8   	-72.76  
745.2   	-51.26  
745.6   	34.68   
746     	40.41   
746.4   	26.22   
746.8   	8.63    
747.2   	-9.104  
747.6   	-27.34  
748     	-45.95  
748.4   	-60.48  
748.8   	-69.1   
749.2   	-73.9   
749.6   	-76.57  
750     	-78.11  
750.4   	-79.02  
750.8   	-79.57  
751.2   	-79.92  
751.6   	-80.13  
752     	-80.25  
752.4   	-80.32  
752.8   	-80.33  
753.2   	-80.31  
753.6   	-80.23  
754     	-79.96  
754.4   	-79.34  
754.8   	-77.53  
755.2   	-70.46  
755.6   	-43.64  
756     	40.58   
756.4   	38.21   
756.8   	23.01   
757.2   	5.242   
757.6   	-12.43  
758     	-30.92  
758.4   	-49.13  
758.8   	-62.49  
759.2   	-70.24  
759.6   	-74.55  
760     	-76.97  
760.4   	-78.38  
760.8   	-79.22  
761.2   	-79.75  
761.6   	-80.08  
762     	-80.29  
762.4   	-80.43  
762.8   	-80.52  
763.2   	-80.58  
763.6   	-80.61  
764     	-80.63  
764.4   	-80.63  
764.8   	-80.61  
765.2   	-80.59  
765.6   	-80.57  
766     	-80.53  
766.4   	-80.49  
766.8   	-80.43  
767.2   	-80.36  
767.6   	-80.28  
768     	-80.19  
768.4   	-80.1   
768.8   	-79.98  
769.2   	-79.71  
769.6   	-78.97  
770     	-76.45  
770.4   	-66.32  
770.8   	-26.48  
771.2   	43.65   
771.6   	34.82   
772     	18.43   
772.4   	0.5188  
772.8   	-17.2   
773.2   	-36.02  
773.6   	-53.4   
774     	-65.08  
774.4   	-71.69  
774.8   	-75.36  
775.2   	-77.44  
775.6   	-78.66  
776     	-79.4   
776.4   	-79.87  
776.8   	-80.16  
777.2   	-80.35  
777.6   	-80.46  
778     	-80.52  
778.4   	-80.55  
778.8   	-80.54  
779.2   	-80.51  
779.6   	-80.46  
780     	-80.3   
780.4   	-79.86  
780.8   	-78.69  
781.2   	-74.38  
781.6   	-57.53  
782     	18.45   
782.4   	42.08   
782.8   	29.25   
783.2   	11.96   
783.6   	-5.845  
784     	-23.83  
784.4   	-42.64  
784.8   	-58.26  
785.2   	-67.85  
785.6   	-73.2   
786     	-76.18  
786.4   	-77.88  
786.8   	-78.89  
787.2   	-79.5   
787.6   	-79.88  
788     	-80.12  
788.4   	-80.26  
788.8   	-80.35  
789.2   	-80.39  
789.6   	-80.4   
790     	-80.4   
790.4   	-80.37  
790.8   	-80.33  
791.2   	-80.28  
791.6   	-80.22  
792     	-80.15  
792.4   	-80.07  
792.8   	-79.99  
793.2   	-79.9   
793.6   	-79.77  
794     	-79.44  
794.4   	-78.54  
794.8   	-75.26  
795.2   	-61.94  
795.6   	-4.807  
796     	43.24   
796.4   	31.85   
796.8   	14.89   
797.2   	-2.985  
797.6   	-20.82  
798     	-39.71  
798.4   	-56.19  
798.8   	-66.7   
799.2   	-72.59  
799.6   	-75.87  
800     	-77.73  
800.4   	-78.84  
800.8   	-79.52  
801.2   	-79.95  
801.6   	-80.24  
802     	-80.43  
802.4   	-80.56  
802.8   	-80.65  
803.2   	-80.7   
803.6   	-80.73  
804     	-80.73  
804.4   	-80.72  
804.8   	-80.66  
805.2   	-80.4   
805.6   	-79.71  
806     	-77.68  
806.4   	-69.78  
806.8   	-40.1   
807.2   	42.01   
807.6   	37.48   
808     	21.93   
808.4   	4.099   
808.8   	-13.59  
809.2   	-32.2   
809.6   	-50.27  
810     	-63.21  
810.4   	-70.67  
810.8   	-74.81  
811.2   	-77.15  
811.6   	-78.51  
812     	-79.35  
812.4   	-79.87  
812.8   	-80.22  
813.2   	-80.45  
813.6   	-80.61  
814     	-80.71  
814.4   	-80.77  
814.8   	-80.8   
815.2   	-80.82  
815.6   	-80.83  
816     	-80.83  
816.4   	-80.83  
816.8   	-80.82  
817.2   	-80.81  
817.6   	-80.79  
818     	-80.77  
818.4   	-80.75  
818.8   	-80.73  
819.2   	-80.71  
819.6   	-80.68  
820     	-80.64  
820.4   	-80.59  
820.8   	-80.43  
821.2   	-79.92  
821.6   	-78.46  
822     	-72.85  
822.4   	-51.12  
822.8   	35.41   
823.2   	40.57   
823.6   	26.29   
824     	8.673   
824.4   	-9.079  
824.8   	-27.34  
825.2   	-45.99  
825.6   	-60.56  
826     	-69.2   
826.4   	-74.02  
826.8   	-76.72  
827.2   	-78.28  
827.6   	-79.23  
828     	-79.82  
828.4   	-80.2   
828.8   	-80.45  
829.2   	-80.62  
829.6   	-80.74  
830     	-80.82  
830.4   	-80.87  
830.8   	-80.9   
831.2   	-80.9   
831.6   	-80.9   
832     	-80.87  
832.4   	-80.79  
832.8   	-80.5   
833.2   	-79.74  
833.6   	-77.35  
834     	-68.12  
834.4   	-33.38  
834.8   	43.05   
835.2   	35.97   
835.6   	19.93   
836     	2.061   
836.4   	-15.62  
836.8   	-34.33  
837.2   	-52.02  
837.6   	-64.26  
838     	-71.26  
838.4   	-75.16  
838.8   	-77.36  
839.2   	-78.65  
839.6   	-79.44  
840     	-79.95  
840.4   	-80.29  
840.8   	-80.53  
841.2   	-80.69  
841.6   	-80.81  
842     	-80.89  
842.4   	-80.95  
842.8   	-80.96  
843.2   	-80.86  
843.6   	-80.44  
844     	-79.39  
844.4   	-75.78  
844.8   	-61.96  
845.2   	-5.225  
845.6   	42.96   
846     	31.68   
846.4   	14.75   
846.8   	-3.106  
847.2   	-20.94  
847.6   	-39.82  
848     	-56.25  
848.4   	-66.73  
848.8   	-72.63  
849.2   	-75.92  
849.6   	-77.8   
850     	-78.91  
850.4   	-79.6   
850.8   	-80.04  
851.2   	-80.33  
851.6   	-80.53  
852     	-80.65  
852.4   	-80.71  
852.8   	-80.67  
853.2   	-80.39  
853.6   	-79.69  
854     	-77.55  
854.4   	-69.4   
854.8   	-39.35  
855.2   	41.78   
855.6   	37.05   
856     	21.47   
856.4   	3.659   
856.8   	-14.02  
857.2   	-32.62  
857.6   	-50.59  
858     	-63.38  
858.4   	-70.74  
858.8   	-74.84  
859.2   	-77.15  
859.6   	-78.5   
860     	-79.31  
860.4   	-79.83  
860.8   	-80.16  
861.2   	-80.37  
861.6   	-80.51  
862     	-80.59  
862.4   	-80.63  
862.8   	-80.65  
863.2   	-80.63  
863.6   	-80.58  
864     	-80.39  
864.4   	-79.86  
864.8   	-78.4   
865.2   	-72.84  
865.6   	-51.58  
866     	34.21   
866.4   	40.48   
866.8   	26.36   
867.2   	8.777   
867.6   	-8.965  
868     	-27.2   
868.4   	-45.83  
868.8   	-60.42  
869.2   	-69.09  
869.6   	-73.91  
870     	-76.6   
870.4   	-78.15  
870.8   	-79.08  
871.2   	-79.67  
871.6   	-80.04  
872     	-80.28  
872.4   	-80.43  
872.8   	-80.52  
873.2   	-80.56  
873.6   	-80.58  
874     	-80.56  
874.4   	-80.53  
874.8   	-80.48  
875.2   	-80.43  
875.6   	-80.37  
876     	-80.3   
876.4   	-80.22  
876.8   	-80.13  
877.2   	-80.05  
877.6   	-79.96  
878     	-79.86  
878.4   	-79.76  
878.8   	-79.61  
879.2   	-79.21  
879.6   	-78.05  
880     	-73.47  
880.4   	-55.02  
880.8   	27.95   
881.2   	41.62   
881.6   	28.08   
882     	10.62   
882.4   	-7.166  
882.8   	-25.25  
883.2   	-44.03  
883.6   	-59.24  
884     	-68.44  
884.4   	-73.57  
884.8   	-76.43  
885.2   	-78.07  
885.6   	-79.04  
886     	-79.65  
886.4   	-80.03  
886.8   	-80.28  
887.2   	-80.44  
887.6   	-80.54  
888     	-80.59  
888.4   	-80.61  
888.8   	-80.6   
889.2   	-80.54  
889.6   	-80.27  
890     	-79.56  
890.4   	-77.35  
890.8   	-68.79  
891.2   	-36.75  
891.6   	42.5    
892     	36.59   
892.4   	20.79   
892.8   	2.939   
893.2   	-14.74  
893.6   	-33.4   
894     	-51.24  
894.4   	-63.78  
894.8   	-70.97  
895.2   	-74.96  
895.6   	-77.21  
896     	-78.52  
896.4   	-79.31  
896.8   	-79.8   
897.2   	-80.12  
897.6   	-80.32  
898     	-80.46  
898.4   	-80.54  
898.8   	-80.59  
899.2   	-80.61  
899.6   	-80.59  
900     	-80.55  
900.4   	-80.49  
900.8   	-80.42  
901.2   	-80.34  
901.6   	-80.26  
902     	-80.18  
902.4   	-80.1   
902.8   	-80.01  
903.2   	-79.92  
903.6   	-79.84  
904     	-79.74  
904.4   	-79.65  
904.8   	-79.56  
905.2   	-79.47  
905.6   	-79.37  
906     	-79.28  
906.4   	-79.18  
906.8   	-79.09  
907.2   	-79     
907.6   	-78.91  
908     	-78.8   
908.4   	-78.54  
908.8   	-77.76  
909.2   	-74.72  
909.6   	-61.84  
910     	-4.928  
910.4   	43.35   
910.8   	31.92   
911.2   	14.94   
911.6   	-2.945  
912     	-20.77  
912.4   	-39.67  
912.8   	-56.18  
913.2   	-66.7   
913.6   	-72.6   
914     	-75.87  
914.4   	-77.73  
914.8   	-78.83  
915.2   	-79.5   
915.6   	-79.92  
916     	-80.19  
916.4   	-80.37  
916.8   	-80.48  
917.2   	-80.55  
917.6   	-80.58  
918     	-80.59  
918.4   	-80.59  
918.8   	-80.57  
919.2   	-80.55  
919.6   	-80.52  
920     	-80.48  
920.4   	-80.45  
920.8   	-80.41  
921.2   	-80.37  
921.6   	-80.33  
922     	-80.29  
922.4   	-80.24  
922.8   	-80.18  
923.2   	-80.11  
923.6   	-80.03  
924     	-79.94  
924.4   	-79.85  
924.8   	-79.66  
925.2   	-79.13  
925.6   	-77.51  
926     	-70.92  
926.4   	-45.11  
926.8   	40.44   
927.2   	38.91   
927.6   	23.78   
928     	6.01    
928.4   	-11.68  
928.8   	-30.13  
929.2   	-48.48  
929.6   	-62.11  
930     	-70.05  
930.4   	-74.46  
930.8   	-76.94  
931.2   	-78.37  
931.6   	-79.24  
932     	-79.79  
932.4   	-80.14  
932.8   	-80.35  
933.2   	-80.49  
933.6   	-80.56  
934     	-80.59  
934.4   	-80.59  
934.8   	-80.58  
935.2   	-80.55  
935.6   	-80.51  
936     	-80.46  
936.4   	-80.41  
936.8   	-80.34  
937.2   	-80.24  
937.6   	-79.91  
938     	-79.03  
938.4   	-75.98  
938.8   	-63.84  
939.2   	-14.91  
939.6   	43.45   
940     	32.98   
940.4   	16.23   
940.8   	-1.65   
941.2   	-19.41  
941.6   	-38.27  
942     	-55.11  
942.4   	-66.07  
942.8   	-72.24  
943.2   	-75.67  
943.6   	-77.61  
944     	-78.76  
944.4   	-79.45  
944.8   	-79.89  
945.2   	-80.18  
945.6   	-80.36  
946     	-80.48  
946.4   	-80.56  
946.8   	-80.6   
947.2   	-80.61  
947.6   	-80.61  
948     	-80.59  
948.4   	-80.55  
948.8   	-80.49  
949.2   	-80.36  
949.6   	-79.98  
950     	-78.97  
950.4   	-75.38  
950.8   	-61.21  
951.2   	-0.5257 
951.6   	43      
952     	31.34   
952.4   	14.32   
952.8   	-3.536  
953.2   	-21.39  
953.6   	-40.27  
954     	-56.59  
954.4   	-66.91  
954.8   	-72.7   
955.2   	-75.92  
955.6   	-77.75  
956     	-78.83  
956.4   	-79.49  
956.8   	-79.9   
957.2   	-80.15  
957.6   	-80.32  
958     	-80.42  
958.4   	-80.48  
958.8   	-80.49  
959.2   	-80.47  
959.6   	-80.36  
960     	-80.01  
960.4   	-79.18  
960.8   	-76.49  
961.2   	-66.01  
961.6   	-25.87  
962     	43.26   
962.4   	34.42   
962.8   	18.04   
963.2   	0.1605  
963.6   	-17.56  
964     	-36.37  
964.4   	-53.64  
964.8   	-65.21  
965.2   	-71.77  
965.6   	-75.41  
966     	-77.48  
966.4   	-78.7   
966.8   	-79.44  
967.2   	-79.9   
967.6   	-80.2   
968     	-80.39  
968.4   	-80.51  
968.8   	-80.57  
969.2   	-80.61  
969.6   	-80.61  
970     	-80.6   
970.4   	-80.58  
970.8   	-80.54  
971.2   	-80.44  
971.6   	-80.15  
972     	-79.43  
972.4   	-77.18  
972.8   	-68.38  
973.2   	-34.95  
973.6   	42.88   
974     	36.28   
974.4   	20.33   
974.8   	2.477   
975.2   	-15.19  
975.6   	-33.86  
976     	-51.61  
976.4   	-63.99  
976.8   	-71.07  
977.2   	-75.01  
977.6   	-77.23  
978     	-78.52  
978.4   	-79.31  
978.8   	-79.81  
979.2   	-80.14  
979.6   	-80.36  
980     	-80.51  
980.4   	-80.59  
980.8   	-80.64  
981.2   	-80.67  
981.6   	-80.67  
982     	-80.67  
982.4   	-80.65  
982.8   	-80.64  
983.2   	-80.61  
983.6   	-80.59  
984     	-80.56  
984.4   	-80.53  
984.8   	-80.49  
985.2   	-80.45  
985.6   	-80.4   
986     	-80.23  
986.4   	-79.73  
986.8   	-78.28  
987.2   	-72.65  
987.6   	-50.74  
988     	35.83   
988.4   	40.45   
988.8   	26.11   
989.2   	8.481   
989.6   	-9.265  
990     	-27.53  
990.4   	-46.17  
990.8   	-60.66  
991.2   	-69.25  
991.6   	-74.03  
992     	-76.71  
992.4   	-78.26  
992.8   	-79.19  
993.2   	-79.79  
993.6   	-80.18  
994     	-80.44  
994.4   	-80.63  
994.8   	-80.77  
995.2   	-80.87  
995.6   	-80.95  
996     	-81     
996.4   	-81.04  
996.8   	-81.05  
997.2   	-81.05  
997.6   	-81.03  
998     	-81     
998.4   	-80.96  
998.8   	-80.9   
999.2   	-80.83  
999.6   	-80.76  
