
SWEPT_VAR_1 = 15.0    // Syn: Source PP \ NetStim \ PARAMETER \ interval (ms)

t	s.v( 0.05 )
ms	mV
0       	-64.65  
0.4     	-65.51  
0.8     	-66.35  
1.2     	-67.15  
1.6     	-67.92  
2       	-68.66  
2.4     	-69.37  
2.8     	-70.05  
3.2     	-70.69  
3.6     	-71.29  
4       	-71.84  
4.4     	-72.35  
4.8     	-72.82  
5.2     	-73.24  
5.6     	-73.62  
6       	-73.95  
6.4     	-74.24  
6.8     	-74.5   
7.2     	-74.71  
7.6     	-74.88  
8       	-75.02  
8.4     	-75.05  
8.8     	-74.64  
9.2     	-72.29  
9.6     	-60.46  
10      	-1.058  
10.4    	43.32   
10.8    	31.48   
11.2    	14.38   
11.6    	-3.518  
12      	-21.39  
12.4    	-40.34  
12.8    	-56.74  
13.2    	-67.04  
13.6    	-72.77  
14      	-75.93  
14.4    	-77.72  
14.8    	-78.75  
15.2    	-79.37  
15.6    	-79.75  
16      	-79.97  
16.4    	-80.08  
16.8    	-80.06  
17.2    	-79.84  
17.6    	-79.35  
18      	-78.22  
18.4    	-74.09  
18.8    	-58.08  
19.2    	12.91   
19.6    	41.85   
20      	29.4    
20.4    	12.22   
20.8    	-5.559  
21.2    	-23.49  
21.6    	-42.23  
22      	-57.89  
22.4    	-67.57  
22.8    	-72.99  
23.2    	-75.99  
23.6    	-77.7   
24      	-78.7   
24.4    	-79.29  
24.8    	-79.64  
25.2    	-79.85  
25.6    	-79.95  
26      	-79.97  
26.4    	-79.94  
26.8    	-79.86  
27.2    	-79.73  
27.6    	-79.5   
28      	-79.1   
28.4    	-78.42  
28.8    	-76.49  
29.2    	-68.58  
29.6    	-37.64  
30      	42.37   
30.4    	36.77   
30.8    	21.02   
31.2    	3.184   
31.6    	-14.47  
32      	-33.06  
32.4    	-50.92  
32.8    	-63.53  
33.2    	-70.75  
33.6    	-74.73  
34      	-76.95  
34.4    	-78.21  
34.8    	-78.94  
35.2    	-79.37  
35.6    	-79.6   
36      	-79.71  
36.4    	-79.74  
36.8    	-79.7   
37.2    	-79.61  
37.6    	-79.48  
38      	-79.32  
38.4    	-79.13  
38.8    	-78.93  
39.2    	-78.7   
39.6    	-78.47  
40      	-78.22  
40.4    	-77.96  
40.8    	-77.7   
41.2    	-77.44  
41.6    	-77.2   
42      	-76.96  
42.4    	-76.73  
42.8    	-76.49  
43.2    	-76.25  
43.6    	-76.02  
44      	-75.78  
44.4    	-75.52  
44.8    	-75.26  
45.2    	-75     
45.6    	-74.74  
46      	-74.49  
46.4    	-74.24  
46.8    	-73.99  
47.2    	-73.71  
47.6    	-73.25  
48      	-71.13  
48.4    	-59.41  
48.8    	3.953   
49.2    	43.16   
49.6    	30.98   
50      	13.8    
50.4    	-4.078  
50.8    	-21.94  
51.2    	-40.85  
51.6    	-57.06  
52      	-67.17  
52.4    	-72.77  
52.8    	-75.84  
53.2    	-77.56  
53.6    	-78.55  
54      	-79.12  
54.4    	-79.45  
54.8    	-79.63  
55.2    	-79.7   
55.6    	-79.71  
56      	-79.67  
56.4    	-79.59  
56.8    	-79.49  
57.2    	-79.36  
57.6    	-79.21  
58      	-79.03  
58.4    	-78.84  
58.8    	-78.65  
59.2    	-78.44  
59.6    	-78.24  
60      	-78.03  
60.4    	-77.83  
60.8    	-77.63  
61.2    	-77.44  
61.6    	-77.26  
62      	-77.07  
62.4    	-76.88  
62.8    	-76.67  
63.2    	-76.46  
63.6    	-76.25  
64      	-76.02  
64.4    	-75.78  
64.8    	-75.51  
65.2    	-75.2   
65.6    	-74.83  
66      	-74.28  
66.4    	-72.31  
66.8    	-62.02  
67.2    	-11.36  
67.6    	43.58   
68      	32.56   
68.4    	15.64   
68.8    	-2.245  
69.2    	-19.99  
69.6    	-38.85  
70      	-55.56  
70.4    	-66.3   
70.8    	-72.3   
71.2    	-75.6   
71.6    	-77.46  
72      	-78.53  
72.4    	-79.16  
72.8    	-79.53  
73.2    	-79.74  
73.6    	-79.84  
74      	-79.87  
74.4    	-79.84  
74.8    	-79.77  
75.2    	-79.67  
75.6    	-79.54  
76      	-79.4   
76.4    	-79.25  
76.8    	-79.08  
77.2    	-78.9   
77.6    	-78.72  
78      	-78.53  
78.4    	-78.34  
78.8    	-78.15  
79.2    	-77.96  
79.6    	-77.76  
80      	-77.57  
80.4    	-77.39  
80.8    	-77.2   
81.2    	-77.03  
81.6    	-76.85  
82      	-76.69  
82.4    	-76.53  
82.8    	-76.37  
83.2    	-76.22  
83.6    	-76.06  
84      	-75.91  
84.4    	-75.76  
84.8    	-75.61  
85.2    	-75.45  
85.6    	-75.29  
86      	-75.12  
86.4    	-74.94  
86.8    	-74.76  
87.2    	-74.56  
87.6    	-74.38  
88      	-74.2   
88.4    	-74.04  
88.8    	-73.87  
89.2    	-73.68  
89.6    	-73.41  
90      	-72.26  
90.4    	-65.6   
90.8    	-32.95  
91.2    	43.54   
91.6    	35.97   
92      	19.76   
92.4    	1.841   
92.8    	-15.82  
93.2    	-34.54  
93.6    	-52.24  
94      	-64.39  
94.4    	-71.26  
94.8    	-75.02  
95.2    	-77.12  
95.6    	-78.32  
96      	-79.02  
96.4    	-79.44  
96.8    	-79.67  
97.2    	-79.79  
97.6    	-79.82  
98      	-79.79  
98.4    	-79.71  
98.8    	-79.6   
99.2    	-79.46  
99.6    	-79.3   
100     	-79.12  
100.4   	-78.94  
100.8   	-78.75  
101.2   	-78.54  
101.6   	-78.32  
102     	-78.09  
102.4   	-77.85  
102.8   	-77.6   
103.2   	-77.34  
103.6   	-77.07  
104     	-76.8   
104.4   	-76.53  
104.8   	-76.25  
105.2   	-75.98  
105.6   	-75.7   
106     	-75.44  
106.4   	-75.19  
106.8   	-74.94  
107.2   	-74.72  
107.6   	-74.5   
108     	-74.3   
108.4   	-74.1   
108.8   	-73.88  
109.2   	-73.36  
109.6   	-70.52  
110     	-55.46  
110.4   	24.79   
110.8   	42      
111.2   	28.53   
111.6   	11.07   
112     	-6.726  
112.4   	-24.75  
112.8   	-43.56  
113.2   	-58.95  
113.6   	-68.26  
114     	-73.4   
114.4   	-76.24  
114.8   	-77.84  
115.2   	-78.78  
115.6   	-79.34  
116     	-79.67  
116.4   	-79.86  
116.8   	-79.95  
117.2   	-79.97  
117.6   	-79.95  
118     	-79.88  
118.4   	-79.78  
118.8   	-79.65  
119.2   	-79.49  
119.6   	-79.31  
120     	-79.11  
120.4   	-78.9   
120.8   	-78.68  
121.2   	-78.46  
121.6   	-78.25  
122     	-78.04  
122.4   	-77.84  
122.8   	-77.65  
123.2   	-77.47  
123.6   	-77.29  
124     	-77.1   
124.4   	-76.91  
124.8   	-76.71  
125.2   	-76.51  
125.6   	-76.31  
126     	-76.1   
126.4   	-75.88  
126.8   	-75.64  
127.2   	-75.4   
127.6   	-75.15  
128     	-74.91  
128.4   	-74.67  
128.8   	-74.45  
129.2   	-74.23  
129.6   	-74.01  
130     	-73.77  
130.4   	-73.16  
130.8   	-69.72  
131.2   	-51.82  
131.6   	34      
132     	40.96   
132.4   	26.72   
132.8   	9.08    
133.2   	-8.684  
133.6   	-26.87  
134     	-45.58  
134.4   	-60.3   
134.8   	-69     
135.2   	-73.79  
135.6   	-76.43  
136     	-77.92  
136.4   	-78.77  
136.8   	-79.26  
137.2   	-79.54  
137.6   	-79.69  
138     	-79.75  
138.4   	-79.75  
138.8   	-79.69  
139.2   	-79.61  
139.6   	-79.49  
140     	-79.36  
140.4   	-79.22  
140.8   	-79.06  
141.2   	-78.88  
141.6   	-78.7   
142     	-78.51  
142.4   	-78.31  
142.8   	-78.1   
143.2   	-77.89  
143.6   	-77.67  
144     	-77.45  
144.4   	-77.23  
144.8   	-77.01  
145.2   	-76.79  
145.6   	-76.59  
146     	-76.39  
146.4   	-76.21  
146.8   	-76.04  
147.2   	-75.87  
147.6   	-75.7   
148     	-75.52  
148.4   	-75.34  
148.8   	-75.16  
149.2   	-74.98  
149.6   	-74.8   
150     	-74.63  
150.4   	-74.47  
150.8   	-74.33  
151.2   	-74.19  
151.6   	-74.05  
152     	-73.92  
152.4   	-73.79  
152.8   	-73.66  
153.2   	-73.54  
153.6   	-73.43  
154     	-73.32  
154.4   	-73.22  
154.8   	-73.11  
155.2   	-72.98  
155.6   	-72.57  
156     	-70.01  
156.4   	-55.69  
156.8   	23.46   
157.2   	42.13   
157.6   	28.72   
158     	11.27   
158.4   	-6.54   
158.8   	-24.55  
159.2   	-43.38  
159.6   	-58.84  
160     	-68.19  
160.4   	-73.35  
160.8   	-76.2   
161.2   	-77.8   
161.6   	-78.74  
162     	-79.28  
162.4   	-79.61  
162.8   	-79.78  
163.2   	-79.87  
163.6   	-79.88  
164     	-79.85  
164.4   	-79.78  
164.8   	-79.68  
165.2   	-79.55  
165.6   	-79.39  
166     	-79.19  
166.4   	-78.97  
166.8   	-78.72  
167.2   	-78.46  
167.6   	-78.19  
168     	-77.91  
168.4   	-77.63  
168.8   	-77.36  
169.2   	-77.1   
169.6   	-76.84  
170     	-76.6   
170.4   	-76.36  
170.8   	-76.13  
171.2   	-75.91  
171.6   	-75.71  
172     	-75.5   
172.4   	-75.3   
172.8   	-75.1   
173.2   	-74.9   
173.6   	-74.7   
174     	-74.51  
174.4   	-74.33  
174.8   	-74.15  
175.2   	-73.95  
175.6   	-73.74  
176     	-73.48  
176.4   	-72.86  
176.8   	-69.49  
177.2   	-51.66  
177.6   	34.21   
178     	40.93   
178.4   	26.65   
178.8   	9.007   
179.2   	-8.752  
179.6   	-26.94  
180     	-45.63  
180.4   	-60.33  
180.8   	-69     
181.2   	-73.77  
181.6   	-76.41  
182     	-77.89  
182.4   	-78.75  
182.8   	-79.25  
183.2   	-79.53  
183.6   	-79.66  
184     	-79.7   
184.4   	-79.67  
184.8   	-79.59  
185.2   	-79.48  
185.6   	-79.34  
186     	-79.19  
186.4   	-79.02  
186.8   	-78.83  
187.2   	-78.63  
187.6   	-78.42  
188     	-78.21  
188.4   	-78     
188.8   	-77.8   
189.2   	-77.6   
189.6   	-77.4   
190     	-77.2   
190.4   	-77     
190.8   	-76.81  
191.2   	-76.62  
191.6   	-76.44  
192     	-76.25  
192.4   	-76.05  
192.8   	-75.83  
193.2   	-75.58  
193.6   	-75.31  
194     	-75.01  
194.4   	-74.67  
194.8   	-74.25  
195.2   	-73.07  
195.6   	-66.79  
196     	-36.93  
196.4   	43.08   
196.8   	36.88   
197.2   	20.93   
197.6   	3.035   
198     	-14.63  
198.4   	-33.27  
198.8   	-51.19  
199.2   	-63.76  
199.6   	-70.9   
200     	-74.83  
200.4   	-77.01  
200.8   	-78.25  
201.2   	-78.97  
201.6   	-79.39  
202     	-79.62  
202.4   	-79.73  
202.8   	-79.76  
203.2   	-79.73  
203.6   	-79.66  
204     	-79.56  
204.4   	-79.43  
204.8   	-79.29  
205.2   	-79.14  
205.6   	-78.98  
206     	-78.8   
206.4   	-78.61  
206.8   	-78.39  
207.2   	-78.17  
207.6   	-77.95  
208     	-77.73  
208.4   	-77.5   
208.8   	-77.27  
209.2   	-77.04  
209.6   	-76.81  
210     	-76.57  
210.4   	-76.33  
210.8   	-76.09  
211.2   	-75.86  
211.6   	-75.61  
212     	-75.38  
212.4   	-75.15  
212.8   	-74.93  
213.2   	-74.73  
213.6   	-74.54  
214     	-74.37  
214.4   	-74.21  
214.8   	-74.05  
215.2   	-73.91  
215.6   	-73.76  
216     	-73.59  
216.4   	-73.29  
216.8   	-71.76  
217.2   	-63.09  
217.6   	-19.72  
218     	43.86   
218.4   	33.7    
218.8   	16.97   
219.2   	-0.9591 
219.6   	-18.69  
220     	-37.55  
220.4   	-54.63  
220.8   	-65.79  
221.2   	-72.02  
221.6   	-75.45  
222     	-77.36  
222.4   	-78.45  
222.8   	-79.09  
223.2   	-79.47  
223.6   	-79.67  
224     	-79.77  
224.4   	-79.79  
224.8   	-79.72  
225.2   	-79.59  
225.6   	-79.42  
226     	-79.21  
226.4   	-78.98  
226.8   	-78.74  
227.2   	-78.49  
227.6   	-78.23  
228     	-77.96  
228.4   	-77.67  
228.8   	-77.38  
229.2   	-77.08  
229.6   	-76.78  
230     	-76.49  
230.4   	-76.2   
230.8   	-75.93  
231.2   	-75.68  
231.6   	-75.43  
232     	-75.2   
232.4   	-74.98  
232.8   	-74.75  
233.2   	-74.53  
233.6   	-74.31  
234     	-74.07  
234.4   	-73.82  
234.8   	-73.52  
235.2   	-72.9   
235.6   	-69.65  
236     	-52.36  
236.4   	32.99   
236.8   	41.12   
237.2   	26.98   
237.6   	9.369   
238     	-8.395  
238.4   	-26.55  
238.8   	-45.26  
239.2   	-60.07  
239.6   	-68.84  
240     	-73.67  
240.4   	-76.33  
240.8   	-77.82  
241.2   	-78.67  
241.6   	-79.16  
242     	-79.43  
242.4   	-79.56  
242.8   	-79.6   
243.2   	-79.57  
243.6   	-79.5   
244     	-79.38  
244.4   	-79.25  
244.8   	-79.08  
245.2   	-78.91  
245.6   	-78.71  
246     	-78.5   
246.4   	-78.27  
246.8   	-78.02  
247.2   	-77.78  
247.6   	-77.53  
248     	-77.29  
248.4   	-77.07  
248.8   	-76.86  
249.2   	-76.67  
249.6   	-76.47  
250     	-76.29  
250.4   	-76.1   
250.8   	-75.92  
251.2   	-75.75  
251.6   	-75.59  
252     	-75.45  
252.4   	-75.31  
252.8   	-75.17  
253.2   	-75.04  
253.6   	-74.92  
254     	-74.81  
254.4   	-74.72  
254.8   	-74.64  
255.2   	-74.57  
255.6   	-74.51  
256     	-74.45  
256.4   	-74.38  
256.8   	-74.31  
257.2   	-74.24  
257.6   	-74.18  
258     	-74.11  
258.4   	-74.04  
258.8   	-73.97  
259.2   	-73.9   
259.6   	-73.82  
260     	-73.73  
260.4   	-73.63  
260.8   	-73.52  
261.2   	-73.39  
261.6   	-73.25  
262     	-73.1   
262.4   	-72.93  
262.8   	-72.73  
263.2   	-72.07  
263.6   	-67.91  
264     	-45.94  
264.4   	40.08   
264.8   	39.2    
265.2   	24.03   
265.6   	6.226   
266     	-11.46  
266.4   	-29.88  
266.8   	-48.32  
267.2   	-62.06  
267.6   	-70.01  
268     	-74.37  
268.4   	-76.8   
268.8   	-78.18  
269.2   	-78.99  
269.6   	-79.48  
270     	-79.77  
270.4   	-79.93  
270.8   	-80.01  
271.2   	-80.04  
271.6   	-80.03  
272     	-79.99  
272.4   	-79.93  
272.8   	-79.86  
273.2   	-79.77  
273.6   	-79.67  
274     	-79.56  
274.4   	-79.44  
274.8   	-79.31  
275.2   	-79.17  
275.6   	-79.03  
276     	-78.86  
276.4   	-78.68  
276.8   	-78.47  
277.2   	-78.21  
277.6   	-77.78  
278     	-76.83  
278.4   	-73.06  
278.8   	-56.62  
279.2   	22.17   
279.6   	42.11   
280     	28.95   
280.4   	11.57   
280.8   	-6.218  
281.2   	-24.19  
281.6   	-42.98  
282     	-58.49  
282.4   	-67.96  
282.8   	-73.22  
283.2   	-76.13  
283.6   	-77.77  
284     	-78.73  
284.4   	-79.3   
284.8   	-79.65  
285.2   	-79.85  
285.6   	-79.95  
286     	-80     
286.4   	-79.99  
286.8   	-79.93  
287.2   	-79.84  
287.6   	-79.72  
288     	-79.57  
288.4   	-79.39  
288.8   	-79.2   
289.2   	-78.97  
289.6   	-78.7   
290     	-78.34  
290.4   	-77.88  
290.8   	-77.26  
291.2   	-75.8   
291.6   	-69.35  
292     	-42.29  
292.4   	41.6    
292.8   	38.12   
293.2   	22.7    
293.6   	4.88    
294     	-12.79  
294.4   	-31.3   
294.8   	-49.48  
295.2   	-62.7   
295.6   	-70.32  
296     	-74.53  
296.4   	-76.87  
296.8   	-78.21  
297.2   	-79     
297.6   	-79.47  
298     	-79.75  
298.4   	-79.9   
298.8   	-79.97  
299.2   	-79.97  
299.6   	-79.92  
300     	-79.83  
300.4   	-79.7   
300.8   	-79.53  
301.2   	-79.33  
301.6   	-79.11  
302     	-78.87  
302.4   	-78.61  
302.8   	-78.34  
303.2   	-78.07  
303.6   	-77.8   
304     	-77.56  
304.4   	-77.33  
304.8   	-77.11  
305.2   	-76.9   
305.6   	-76.69  
306     	-76.47  
306.4   	-76.25  
306.8   	-76.02  
307.2   	-75.8   
307.6   	-75.57  
308     	-75.35  
308.4   	-75.13  
308.8   	-74.92  
309.2   	-74.71  
309.6   	-74.52  
310     	-74.33  
310.4   	-74.16  
310.8   	-73.99  
311.2   	-73.84  
311.6   	-73.68  
312     	-73.53  
312.4   	-73.37  
312.8   	-73.17  
313.2   	-72.66  
313.6   	-69.67  
314     	-53.38  
314.4   	30.79   
314.8   	41.44   
315.2   	27.5    
315.6   	9.925   
316     	-7.855  
316.4   	-25.97  
316.8   	-44.74  
317.2   	-59.75  
317.6   	-68.7   
318     	-73.62  
318.4   	-76.35  
318.8   	-77.88  
319.2   	-78.77  
319.6   	-79.3   
320     	-79.61  
320.4   	-79.78  
320.8   	-79.85  
321.2   	-79.87  
321.6   	-79.84  
322     	-79.78  
322.4   	-79.68  
322.8   	-79.55  
323.2   	-79.41  
323.6   	-79.24  
324     	-79.06  
324.4   	-78.87  
324.8   	-78.67  
325.2   	-78.45  
325.6   	-78.22  
326     	-78     
326.4   	-77.78  
326.8   	-77.56  
327.2   	-77.34  
327.6   	-77.11  
328     	-76.89  
328.4   	-76.69  
328.8   	-76.5   
329.2   	-76.32  
329.6   	-76.15  
330     	-75.98  
330.4   	-75.83  
330.8   	-75.68  
331.2   	-75.55  
331.6   	-75.42  
332     	-75.3   
332.4   	-75.19  
332.8   	-75.06  
333.2   	-74.93  
333.6   	-74.8   
334     	-74.64  
334.4   	-74.47  
334.8   	-74.27  
335.2   	-74.04  
335.6   	-73.78  
336     	-73.43  
336.4   	-72.31  
336.8   	-65.94  
337.2   	-34.66  
337.6   	43.37   
338     	36.33   
338.4   	20.22   
338.8   	2.304   
339.2   	-15.36  
339.6   	-34.05  
340     	-51.84  
340.4   	-64.16  
340.8   	-71.15  
341.2   	-74.98  
341.6   	-77.12  
342     	-78.34  
342.4   	-79.05  
342.8   	-79.47  
343.2   	-79.7   
343.6   	-79.81  
344     	-79.84  
344.4   	-79.82  
344.8   	-79.75  
345.2   	-79.65  
345.6   	-79.51  
346     	-79.34  
346.4   	-79.14  
346.8   	-78.94  
347.2   	-78.72  
347.6   	-78.51  
348     	-78.29  
348.4   	-78.08  
348.8   	-77.87  
349.2   	-77.67  
349.6   	-77.47  
350     	-77.26  
350.4   	-77.04  
350.8   	-76.82  
351.2   	-76.59  
351.6   	-76.37  
352     	-76.15  
352.4   	-75.94  
352.8   	-75.75  
353.2   	-75.58  
353.6   	-75.43  
354     	-75.29  
354.4   	-75.17  
354.8   	-75.06  
355.2   	-74.95  
355.6   	-74.85  
356     	-74.74  
356.4   	-74.64  
356.8   	-74.53  
357.2   	-74.43  
357.6   	-74.33  
358     	-74.24  
358.4   	-74.14  
358.8   	-74.05  
359.2   	-73.96  
359.6   	-73.87  
360     	-73.77  
360.4   	-73.68  
360.8   	-73.58  
361.2   	-73.49  
361.6   	-73.41  
362     	-73.32  
362.4   	-73.23  
362.8   	-73.13  
363.2   	-73.02  
363.6   	-72.9   
364     	-72.76  
364.4   	-72.58  
364.8   	-72.24  
365.2   	-70.45  
365.6   	-59.81  
366     	-0.5461 
366.4   	43.34   
366.8   	31.4    
367.2   	14.27   
367.6   	-3.625  
368     	-21.46  
368.4   	-40.38  
368.8   	-56.74  
369.2   	-67     
369.6   	-72.68  
370     	-75.81  
370.4   	-77.55  
370.8   	-78.56  
371.2   	-79.15  
371.6   	-79.49  
372     	-79.66  
372.4   	-79.73  
372.8   	-79.72  
373.2   	-79.67  
373.6   	-79.57  
374     	-79.44  
374.4   	-79.29  
374.8   	-79.12  
375.2   	-78.94  
375.6   	-78.74  
376     	-78.53  
376.4   	-78.29  
376.8   	-78.01  
377.2   	-77.7   
377.6   	-77.34  
378     	-76.96  
378.4   	-76.58  
378.8   	-76.21  
379.2   	-75.88  
379.6   	-75.59  
380     	-75.25  
380.4   	-74.23  
380.8   	-69.02  
381.2   	-44.9   
381.6   	40.61   
382     	38.86   
382.4   	23.64   
382.8   	5.843   
383.2   	-11.83  
383.6   	-30.27  
384     	-48.61  
384.4   	-62.19  
384.8   	-70.04  
385.2   	-74.37  
385.6   	-76.77  
386     	-78.13  
386.4   	-78.92  
386.8   	-79.39  
387.2   	-79.66  
387.6   	-79.8   
388     	-79.85  
388.4   	-79.84  
388.8   	-79.76  
389.2   	-79.65  
389.6   	-79.49  
390     	-79.31  
390.4   	-79.11  
390.8   	-78.89  
391.2   	-78.66  
391.6   	-78.43  
392     	-78.19  
392.4   	-77.95  
392.8   	-77.7   
393.2   	-77.45  
393.6   	-77.19  
394     	-76.93  
394.4   	-76.68  
394.8   	-76.44  
395.2   	-76.2   
395.6   	-75.95  
396     	-75.7   
396.4   	-75.44  
396.8   	-75.18  
397.2   	-74.91  
397.6   	-74.64  
398     	-74.35  
398.4   	-74.03  
398.8   	-73.31  
399.2   	-69.45  
399.6   	-49.88  
400     	36.69   
400.4   	40.37   
400.8   	25.79   
401.2   	8.093   
401.6   	-9.643  
402     	-27.91  
402.4   	-46.53  
402.8   	-60.91  
403.2   	-69.34  
403.6   	-73.98  
404     	-76.55  
404.4   	-78.01  
404.8   	-78.85  
405.2   	-79.34  
405.6   	-79.63  
406     	-79.79  
406.4   	-79.86  
406.8   	-79.87  
407.2   	-79.82  
407.6   	-79.74  
408     	-79.62  
408.4   	-79.47  
408.8   	-79.31  
409.2   	-79.13  
409.6   	-78.95  
410     	-78.75  
410.4   	-78.55  
410.8   	-78.34  
411.2   	-78.11  
411.6   	-77.87  
412     	-77.61  
412.4   	-77.32  
412.8   	-76.99  
413.2   	-76.64  
413.6   	-76.26  
414     	-75.85  
414.4   	-75.39  
414.8   	-74.41  
415.2   	-69.73  
415.6   	-47.78  
416     	38.67   
416.4   	39.67   
416.8   	24.81   
417.2   	7.075   
417.6   	-10.61  
418     	-28.93  
418.4   	-47.39  
418.8   	-61.41  
419.2   	-69.59  
419.6   	-74.09  
420     	-76.59  
420.4   	-78.01  
420.8   	-78.83  
421.2   	-79.31  
421.6   	-79.59  
422     	-79.75  
422.4   	-79.81  
422.8   	-79.81  
423.2   	-79.76  
423.6   	-79.67  
424     	-79.54  
424.4   	-79.39  
424.8   	-79.22  
425.2   	-79.03  
425.6   	-78.81  
426     	-78.58  
426.4   	-78.32  
426.8   	-78.05  
427.2   	-77.76  
427.6   	-77.47  
428     	-77.19  
428.4   	-76.92  
428.8   	-76.66  
429.2   	-76.4   
429.6   	-76.15  
430     	-75.91  
430.4   	-75.66  
430.8   	-75.41  
431.2   	-75.16  
431.6   	-74.91  
432     	-74.66  
432.4   	-74.39  
432.8   	-74.1   
433.2   	-73.65  
433.6   	-71.74  
434     	-61.39  
434.4   	-8.564  
434.8   	43.53   
435.2   	32.23   
435.6   	15.26   
436     	-2.632  
436.4   	-20.41  
436.8   	-39.28  
437.2   	-55.89  
437.6   	-66.49  
438     	-72.39  
438.4   	-75.64  
438.8   	-77.45  
439.2   	-78.5   
439.6   	-79.09  
440     	-79.42  
440.4   	-79.59  
440.8   	-79.66  
441.2   	-79.65  
441.6   	-79.59  
442     	-79.49  
442.4   	-79.36  
442.8   	-79.21  
443.2   	-79.03  
443.6   	-78.84  
444     	-78.63  
444.4   	-78.41  
444.8   	-78.18  
445.2   	-77.94  
445.6   	-77.68  
446     	-77.41  
446.4   	-77.14  
446.8   	-76.87  
447.2   	-76.6   
447.6   	-76.33  
448     	-76.08  
448.4   	-75.84  
448.8   	-75.61  
449.2   	-75.39  
449.6   	-75.18  
450     	-74.97  
450.4   	-74.75  
450.8   	-74.52  
451.2   	-74.28  
451.6   	-74.03  
452     	-73.75  
452.4   	-73.14  
452.8   	-69.92  
453.2   	-52.94  
453.6   	31.89   
454     	41.28   
454.4   	27.26   
454.8   	9.672   
455.2   	-8.096  
455.6   	-26.22  
456     	-44.95  
456.4   	-59.85  
456.8   	-68.72  
457.2   	-73.6   
457.6   	-76.28  
458     	-77.78  
458.4   	-78.64  
458.8   	-79.14  
459.2   	-79.41  
459.6   	-79.55  
460     	-79.59  
460.4   	-79.57  
460.8   	-79.5   
461.2   	-79.39  
461.6   	-79.26  
462     	-79.11  
462.4   	-78.94  
462.8   	-78.77  
463.2   	-78.59  
463.6   	-78.39  
464     	-78.2   
464.4   	-78     
464.8   	-77.8   
465.2   	-77.6   
465.6   	-77.39  
466     	-77.17  
466.4   	-76.95  
466.8   	-76.73  
467.2   	-76.5   
467.6   	-76.28  
468     	-76.05  
468.4   	-75.83  
468.8   	-75.61  
469.2   	-75.4   
469.6   	-75.2   
470     	-75.01  
470.4   	-74.82  
470.8   	-74.64  
471.2   	-74.47  
471.6   	-74.31  
472     	-74.14  
472.4   	-73.99  
472.8   	-73.83  
473.2   	-73.68  
473.6   	-73.51  
474     	-73.27  
474.4   	-72.21  
474.8   	-66.02  
475.2   	-35.41  
475.6   	43.31   
476     	36.51   
476.4   	20.44   
476.8   	2.523   
477.2   	-15.14  
477.6   	-33.81  
478     	-51.64  
478.4   	-64.04  
478.8   	-71.06  
479.2   	-74.92  
479.6   	-77.05  
480     	-78.27  
480.4   	-78.97  
480.8   	-79.38  
481.2   	-79.61  
481.6   	-79.72  
482     	-79.75  
482.4   	-79.72  
482.8   	-79.65  
483.2   	-79.53  
483.6   	-79.38  
484     	-79.22  
484.4   	-79.03  
484.8   	-78.83  
485.2   	-78.61  
485.6   	-78.38  
486     	-78.15  
486.4   	-77.92  
486.8   	-77.69  
487.2   	-77.46  
487.6   	-77.24  
488     	-77.01  
488.4   	-76.78  
488.8   	-76.56  
489.2   	-76.34  
489.6   	-76.12  
490     	-75.9   
490.4   	-75.69  
490.8   	-75.48  
491.2   	-75.28  
491.6   	-75.08  
492     	-74.9   
492.4   	-74.72  
492.8   	-74.57  
493.2   	-74.42  
493.6   	-74.28  
494     	-74.15  
494.4   	-74.02  
494.8   	-73.89  
495.2   	-73.75  
495.6   	-73.62  
496     	-73.5   
496.4   	-73.38  
496.8   	-73.28  
497.2   	-73.18  
497.6   	-73.09  
498     	-73     
498.4   	-72.9   
498.8   	-72.8   
499.2   	-72.6   
499.6   	-71.43  
500     	-64.27  
500.4   	-27.89  
500.8   	43.86   
501.2   	35.01   
501.6   	18.55   
502     	0.6017  
502.4   	-17.1   
502.8   	-35.93  
503.2   	-53.4   
503.6   	-65.11  
504     	-71.68  
504.4   	-75.29  
504.8   	-77.3   
505.2   	-78.46  
505.6   	-79.14  
506     	-79.55  
506.4   	-79.8   
506.8   	-79.93  
507.2   	-79.99  
507.6   	-80     
508     	-79.96  
508.4   	-79.89  
508.8   	-79.79  
509.2   	-79.66  
509.6   	-79.5   
510     	-79.33  
510.4   	-79.16  
510.8   	-78.98  
511.2   	-78.79  
511.6   	-78.59  
512     	-78.39  
512.4   	-78.17  
512.8   	-77.94  
513.2   	-77.71  
513.6   	-77.47  
514     	-77.2   
514.4   	-76.89  
514.8   	-76.52  
515.2   	-76.05  
515.6   	-75.14  
516     	-71.12  
516.4   	-52.36  
516.8   	33.3    
517.2   	41.02   
517.6   	26.91   
518     	9.318   
518.4   	-8.439  
518.8   	-26.61  
519.2   	-45.31  
519.6   	-60.1   
520     	-68.89  
520.4   	-73.75  
520.8   	-76.44  
521.2   	-77.97  
521.6   	-78.87  
522     	-79.4   
522.4   	-79.73  
522.8   	-79.92  
523.2   	-80.01  
523.6   	-80.04  
524     	-80.01  
524.4   	-79.93  
524.8   	-79.82  
525.2   	-79.69  
525.6   	-79.54  
526     	-79.36  
526.4   	-79.17  
526.8   	-78.96  
527.2   	-78.73  
527.6   	-78.47  
528     	-78.19  
528.4   	-77.89  
528.8   	-77.57  
529.2   	-77.25  
529.6   	-76.94  
530     	-76.65  
530.4   	-76.38  
530.8   	-76.14  
531.2   	-75.91  
531.6   	-75.7   
532     	-75.5   
532.4   	-75.31  
532.8   	-75.11  
533.2   	-74.93  
533.6   	-74.75  
534     	-74.58  
534.4   	-74.42  
534.8   	-74.28  
535.2   	-74.15  
535.6   	-74.03  
536     	-73.92  
536.4   	-73.82  
536.8   	-73.73  
537.2   	-73.63  
537.6   	-73.54  
538     	-73.44  
538.4   	-73.36  
538.8   	-73.27  
539.2   	-73.18  
539.6   	-73.09  
540     	-72.98  
540.4   	-72.86  
540.8   	-72.73  
541.2   	-72.57  
541.6   	-72.31  
542     	-70.96  
542.4   	-62.78  
542.8   	-20     
543.2   	43.89   
543.6   	33.72   
544     	16.99   
544.4   	-0.9559 
544.8   	-18.69  
545.2   	-37.59  
545.6   	-54.69  
546     	-65.85  
546.4   	-72.06  
546.8   	-75.47  
547.2   	-77.37  
547.6   	-78.47  
548     	-79.1   
548.4   	-79.48  
548.8   	-79.69  
549.2   	-79.79  
549.6   	-79.82  
550     	-79.8   
550.4   	-79.74  
550.8   	-79.65  
551.2   	-79.54  
551.6   	-79.41  
552     	-79.27  
552.4   	-79.13  
552.8   	-78.97  
553.2   	-78.8   
553.6   	-78.62  
554     	-78.43  
554.4   	-78.22  
554.8   	-78     
555.2   	-77.77  
555.6   	-77.53  
556     	-77.3   
556.4   	-77.06  
556.8   	-76.82  
557.2   	-76.58  
557.6   	-76.33  
558     	-76.07  
558.4   	-75.79  
558.8   	-75.48  
559.2   	-75.17  
559.6   	-74.84  
560     	-74.5   
560.4   	-74.01  
560.8   	-71.99  
561.2   	-61.24  
561.6   	-6.925  
562     	43.48   
562.4   	32.07   
562.8   	15.07   
563.2   	-2.82   
563.6   	-20.61  
564     	-39.5   
564.4   	-56.06  
564.8   	-66.61  
565.2   	-72.48  
565.6   	-75.72  
566     	-77.54  
566.4   	-78.6   
566.8   	-79.22  
567.2   	-79.58  
567.6   	-79.78  
568     	-79.87  
568.4   	-79.9   
568.8   	-79.88  
569.2   	-79.82  
569.6   	-79.74  
570     	-79.62  
570.4   	-79.49  
570.8   	-79.34  
571.2   	-79.18  
571.6   	-79.01  
572     	-78.83  
572.4   	-78.64  
572.8   	-78.43  
573.2   	-78.2   
573.6   	-77.94  
574     	-77.65  
574.4   	-77.32  
574.8   	-76.91  
575.2   	-76.43  
575.6   	-75.75  
576     	-73.47  
576.4   	-62.58  
576.8   	-12.27  
577.2   	43.54   
577.6   	32.66   
578     	15.8    
578.4   	-2.082  
578.8   	-19.83  
579.2   	-38.67  
579.6   	-55.4   
580     	-66.19  
580.4   	-72.23  
580.8   	-75.55  
581.2   	-77.41  
581.6   	-78.48  
582     	-79.1   
582.4   	-79.45  
582.8   	-79.64  
583.2   	-79.71  
583.6   	-79.71  
584     	-79.65  
584.4   	-79.56  
584.8   	-79.44  
585.2   	-79.3   
585.6   	-79.15  
586     	-79     
586.4   	-78.82  
586.8   	-78.65  
587.2   	-78.47  
587.6   	-78.28  
588     	-78.09  
588.4   	-77.89  
588.8   	-77.67  
589.2   	-77.44  
589.6   	-77.2   
590     	-76.94  
590.4   	-76.67  
590.8   	-76.37  
591.2   	-76.05  
591.6   	-75.71  
592     	-75.35  
592.4   	-74.94  
592.8   	-74.32  
593.2   	-71.77  
593.6   	-58.68  
594     	10.09   
594.4   	42.88   
594.8   	30.38   
595.2   	13.14   
595.6   	-4.717  
596     	-22.62  
596.4   	-41.5   
596.8   	-57.51  
597.2   	-67.42  
597.6   	-72.91  
598     	-75.94  
598.4   	-77.64  
598.8   	-78.61  
599.2   	-79.17  
599.6   	-79.48  
600     	-79.64  
600.4   	-79.7   
600.8   	-79.69  
601.2   	-79.64  
601.6   	-79.55  
602     	-79.42  
602.4   	-79.28  
602.8   	-79.12  
603.2   	-78.95  
603.6   	-78.77  
604     	-78.58  
604.4   	-78.38  
604.8   	-78.16  
605.2   	-77.94  
605.6   	-77.71  
606     	-77.47  
606.4   	-77.22  
606.8   	-76.98  
607.2   	-76.73  
607.6   	-76.49  
608     	-76.26  
608.4   	-76.05  
608.8   	-75.85  
609.2   	-75.68  
609.6   	-75.52  
610     	-75.38  
610.4   	-75.25  
610.8   	-75.12  
611.2   	-75     
611.6   	-74.89  
612     	-74.79  
612.4   	-74.68  
612.8   	-74.58  
613.2   	-74.48  
613.6   	-74.38  
614     	-74.26  
614.4   	-74.14  
614.8   	-74     
615.2   	-73.86  
615.6   	-73.71  
616     	-73.56  
616.4   	-73.4   
616.8   	-73.24  
617.2   	-73.03  
617.6   	-72.47  
618     	-69.11  
618.4   	-51     
618.8   	35.19   
619.2   	40.75   
619.6   	26.34   
620     	8.668   
620.4   	-9.088  
620.8   	-27.31  
621.2   	-45.99  
621.6   	-60.57  
622     	-69.14  
622.4   	-73.84  
622.8   	-76.43  
623.2   	-77.89  
623.6   	-78.72  
624     	-79.21  
624.4   	-79.47  
624.8   	-79.6   
625.2   	-79.63  
625.6   	-79.59  
626     	-79.51  
626.4   	-79.39  
626.8   	-79.25  
627.2   	-79.09  
627.6   	-78.91  
628     	-78.72  
628.4   	-78.5   
628.8   	-78.28  
629.2   	-78.05  
629.6   	-77.81  
630     	-77.57  
630.4   	-77.33  
630.8   	-77.09  
631.2   	-76.84  
631.6   	-76.59  
632     	-76.34  
632.4   	-76.1   
632.8   	-75.87  
633.2   	-75.64  
633.6   	-75.43  
634     	-75.22  
634.4   	-75.02  
634.8   	-74.83  
635.2   	-74.66  
635.6   	-74.5   
636     	-74.35  
636.4   	-74.2   
636.8   	-74.06  
637.2   	-73.91  
637.6   	-73.77  
638     	-73.63  
638.4   	-73.48  
638.8   	-73.31  
639.2   	-73.09  
639.6   	-72.33  
640     	-67.77  
640.4   	-44.38  
640.8   	40.99   
641.2   	38.77   
641.6   	23.44   
642     	5.609   
642.4   	-12.07  
642.8   	-30.53  
643.2   	-48.86  
643.6   	-62.37  
644     	-70.14  
644.4   	-74.4   
644.8   	-76.76  
645.2   	-78.1   
645.6   	-78.88  
646     	-79.33  
646.4   	-79.58  
646.8   	-79.7   
647.2   	-79.74  
647.6   	-79.73  
648     	-79.68  
648.4   	-79.6   
648.8   	-79.49  
649.2   	-79.36  
649.6   	-79.22  
650     	-79.06  
650.4   	-78.88  
650.8   	-78.7   
651.2   	-78.51  
651.6   	-78.31  
652     	-78.11  
652.4   	-77.9   
652.8   	-77.68  
653.2   	-77.45  
653.6   	-77.19  
654     	-76.9   
654.4   	-76.58  
654.8   	-76.21  
655.2   	-75.79  
655.6   	-75.29  
656     	-74.16  
656.4   	-68.63  
656.8   	-43.11  
657.2   	41.47   
657.6   	38.41   
658     	23.01   
658.4   	5.175   
658.8   	-12.5   
659.2   	-31.01  
659.6   	-49.27  
660     	-62.61  
660.4   	-70.29  
660.8   	-74.52  
661.2   	-76.87  
661.6   	-78.23  
662     	-79.02  
662.4   	-79.5   
662.8   	-79.77  
663.2   	-79.92  
663.6   	-79.99  
664     	-80     
664.4   	-79.96  
664.8   	-79.89  
665.2   	-79.78  
665.6   	-79.64  
666     	-79.48  
666.4   	-79.3   
666.8   	-79.1   
667.2   	-78.88  
667.6   	-78.62  
668     	-78.31  
668.4   	-77.92  
668.8   	-77.44  
669.2   	-76.79  
669.6   	-75.02  
670     	-67     
670.4   	-32.99  
670.8   	43.29   
671.2   	35.94   
671.6   	19.82   
672     	1.937   
672.4   	-15.72  
672.8   	-34.41  
673.2   	-52.06  
673.6   	-64.25  
674     	-71.17  
674.4   	-74.99  
674.8   	-77.13  
675.2   	-78.36  
675.6   	-79.08  
676     	-79.52  
676.4   	-79.77  
676.8   	-79.91  
677.2   	-79.97  
677.6   	-79.97  
678     	-79.92  
678.4   	-79.84  
678.8   	-79.73  
679.2   	-79.59  
679.6   	-79.44  
680     	-79.26  
680.4   	-79.06  
680.8   	-78.84  
681.2   	-78.6   
681.6   	-78.34  
682     	-78.07  
682.4   	-77.78  
682.8   	-77.48  
683.2   	-77.16  
683.6   	-76.82  
684     	-76.49  
684.4   	-76.16  
684.8   	-75.83  
685.2   	-75.53  
685.6   	-75.24  
686     	-74.95  
686.4   	-74.65  
686.8   	-74.28  
687.2   	-73.14  
687.6   	-67.01  
688     	-37.92  
688.4   	42.92   
688.8   	37.11   
689.2   	21.25   
689.6   	3.352   
690     	-14.31  
690.4   	-32.94  
690.8   	-50.92  
691.2   	-63.6   
691.6   	-70.82  
692     	-74.78  
692.4   	-76.99  
692.8   	-78.25  
693.2   	-78.99  
693.6   	-79.43  
694     	-79.68  
694.4   	-79.82  
694.8   	-79.86  
695.2   	-79.85  
695.6   	-79.79  
696     	-79.68  
696.4   	-79.54  
696.8   	-79.37  
697.2   	-79.2   
697.6   	-79.01  
698     	-78.81  
698.4   	-78.6   
698.8   	-78.4   
699.2   	-78.19  
699.6   	-77.99  
700     	-77.79  
700.4   	-77.6   
700.8   	-77.42  
701.2   	-77.24  
701.6   	-77.05  
702     	-76.85  
702.4   	-76.65  
702.8   	-76.44  
703.2   	-76.21  
703.6   	-75.97  
704     	-75.71  
704.4   	-75.46  
704.8   	-75.2   
705.2   	-74.94  
705.6   	-74.67  
706     	-74.4   
706.4   	-74.06  
706.8   	-72.91  
707.2   	-66.62  
707.6   	-36.52  
708     	43.15   
708.4   	36.78   
708.8   	20.8    
709.2   	2.898   
709.6   	-14.77  
710     	-33.43  
710.4   	-51.33  
710.8   	-63.84  
711.2   	-70.95  
711.6   	-74.85  
712     	-77.01  
712.4   	-78.24  
712.8   	-78.96  
713.2   	-79.37  
713.6   	-79.59  
714     	-79.7   
714.4   	-79.73  
714.8   	-79.7   
715.2   	-79.62  
715.6   	-79.51  
716     	-79.36  
716.4   	-79.19  
716.8   	-78.99  
717.2   	-78.79  
717.6   	-78.57  
718     	-78.34  
718.4   	-78.1   
718.8   	-77.85  
719.2   	-77.59  
719.6   	-77.31  
720     	-77.02  
720.4   	-76.73  
720.8   	-76.44  
721.2   	-76.17  
721.6   	-75.9   
722     	-75.63  
722.4   	-75.37  
722.8   	-75.13  
723.2   	-74.89  
723.6   	-74.65  
724     	-74.41  
724.4   	-74.17  
724.8   	-73.9   
725.2   	-73.5   
725.6   	-71.88  
726     	-62.95  
726.4   	-18.43  
726.8   	43.82   
727.2   	33.51   
727.6   	16.75   
728     	-1.171  
728.4   	-18.9   
728.8   	-37.75  
729.2   	-54.76  
729.6   	-65.84  
730     	-72.03  
730.4   	-75.43  
730.8   	-77.33  
731.2   	-78.41  
731.6   	-79.03  
732     	-79.39  
732.4   	-79.57  
732.8   	-79.65  
733.2   	-79.64  
733.6   	-79.57  
734     	-79.47  
734.4   	-79.33  
734.8   	-79.17  
735.2   	-78.99  
735.6   	-78.8   
736     	-78.58  
736.4   	-78.35  
736.8   	-78.11  
737.2   	-77.86  
737.6   	-77.6   
738     	-77.33  
738.4   	-77.05  
738.8   	-76.76  
739.2   	-76.46  
739.6   	-76.15  
740     	-75.85  
740.4   	-75.54  
740.8   	-75.23  
741.2   	-74.9   
741.6   	-74.49  
742     	-73.4   
742.4   	-67.67  
742.8   	-40.54  
743.2   	42.35   
743.6   	37.75   
744     	22.1    
744.4   	4.232   
744.8   	-13.44  
745.2   	-32     
745.6   	-50.12  
746     	-63.1   
746.4   	-70.52  
746.8   	-74.6   
747.2   	-76.86  
747.6   	-78.14  
748     	-78.89  
748.4   	-79.32  
748.8   	-79.54  
749.2   	-79.64  
749.6   	-79.65  
750     	-79.6   
750.4   	-79.52  
750.8   	-79.41  
751.2   	-79.28  
751.6   	-79.13  
752     	-78.96  
752.4   	-78.78  
752.8   	-78.58  
753.2   	-78.37  
753.6   	-78.14  
754     	-77.88  
754.4   	-77.61  
754.8   	-77.31  
755.2   	-77.01  
755.6   	-76.72  
756     	-76.43  
756.4   	-76.17  
756.8   	-75.92  
757.2   	-75.68  
757.6   	-75.44  
758     	-75.22  
758.4   	-74.99  
758.8   	-74.77  
759.2   	-74.53  
759.6   	-74.29  
760     	-74.04  
760.4   	-73.76  
760.8   	-73.2   
761.2   	-70.35  
761.6   	-55.15  
762     	25.84   
762.4   	41.92   
762.8   	28.38   
763.2   	10.9    
763.6   	-6.89   
764     	-24.91  
764.4   	-43.7   
764.8   	-59.02  
765.2   	-68.28  
765.6   	-73.38  
766     	-76.2   
766.4   	-77.8   
766.8   	-78.72  
767.2   	-79.26  
767.6   	-79.56  
768     	-79.72  
768.4   	-79.78  
768.8   	-79.78  
769.2   	-79.72  
769.6   	-79.64  
770     	-79.52  
770.4   	-79.38  
770.8   	-79.22  
771.2   	-79.04  
771.6   	-78.83  
772     	-78.6   
772.4   	-78.33  
772.8   	-78.03  
773.2   	-77.71  
773.6   	-77.39  
774     	-77.06  
774.4   	-76.74  
774.8   	-76.43  
775.2   	-76.15  
775.6   	-75.87  
776     	-75.6   
776.4   	-75.33  
776.8   	-75.06  
777.2   	-74.8   
777.6   	-74.55  
778     	-74.29  
778.4   	-73.81  
778.8   	-71.59  
779.2   	-59.76  
779.6   	2.483   
780     	43.19   
780.4   	31.12   
780.8   	13.98   
781.2   	-3.901  
781.6   	-21.75  
782     	-40.64  
782.4   	-56.89  
782.8   	-67.06  
783.2   	-72.7   
783.6   	-75.8   
784     	-77.53  
784.4   	-78.53  
784.8   	-79.11  
785.2   	-79.44  
785.6   	-79.62  
786     	-79.7   
786.4   	-79.71  
786.8   	-79.66  
787.2   	-79.56  
787.6   	-79.42  
788     	-79.25  
788.4   	-79.05  
788.8   	-78.83  
789.2   	-78.6   
789.6   	-78.34  
790     	-78.07  
790.4   	-77.8   
790.8   	-77.52  
791.2   	-77.23  
791.6   	-76.96  
792     	-76.68  
792.4   	-76.41  
792.8   	-76.12  
793.2   	-75.84  
793.6   	-75.56  
794     	-75.29  
794.4   	-75.03  
794.8   	-74.77  
795.2   	-74.52  
795.6   	-74.26  
796     	-73.98  
796.4   	-73.62  
796.8   	-72.38  
797.2   	-65.43  
797.6   	-31.68  
798     	43.61   
798.4   	35.71   
798.8   	19.45   
799.2   	1.529   
799.6   	-16.14  
800     	-34.87  
800.4   	-52.5   
800.8   	-64.53  
801.2   	-71.32  
801.6   	-75.05  
802     	-77.13  
802.4   	-78.32  
802.8   	-79.02  
803.2   	-79.43  
803.6   	-79.66  
804     	-79.78  
804.4   	-79.82  
804.8   	-79.79  
805.2   	-79.72  
805.6   	-79.6   
806     	-79.47  
806.4   	-79.31  
806.8   	-79.13  
807.2   	-78.93  
807.6   	-78.72  
808     	-78.49  
808.4   	-78.25  
808.8   	-77.98  
809.2   	-77.71  
809.6   	-77.42  
810     	-77.12  
810.4   	-76.82  
810.8   	-76.53  
811.2   	-76.24  
811.6   	-75.97  
812     	-75.72  
812.4   	-75.48  
812.8   	-75.25  
813.2   	-75.03  
813.6   	-74.81  
814     	-74.58  
814.4   	-74.34  
814.8   	-74.11  
815.2   	-73.86  
815.6   	-73.5   
816     	-72.04  
816.4   	-63.81  
816.8   	-23.34  
817.2   	43.88   
817.6   	34.26   
818     	17.65   
818.4   	-0.2874 
818.8   	-18     
819.2   	-36.85  
819.6   	-54.08  
820     	-65.47  
820.4   	-71.85  
820.8   	-75.34  
821.2   	-77.3   
821.6   	-78.42  
822     	-79.07  
822.4   	-79.44  
822.8   	-79.65  
823.2   	-79.75  
823.6   	-79.77  
824     	-79.75  
824.4   	-79.68  
824.8   	-79.59  
825.2   	-79.46  
825.6   	-79.32  
826     	-79.15  
826.4   	-78.98  
826.8   	-78.79  
827.2   	-78.6   
827.6   	-78.4   
828     	-78.2   
828.4   	-78     
828.8   	-77.79  
829.2   	-77.58  
829.6   	-77.37  
830     	-77.14  
830.4   	-76.89  
830.8   	-76.62  
831.2   	-76.33  
831.6   	-76.04  
832     	-75.77  
832.4   	-75.53  
832.8   	-75.31  
833.2   	-75.13  
833.6   	-74.98  
834     	-74.84  
834.4   	-74.71  
834.8   	-74.59  
835.2   	-74.47  
835.6   	-74.35  
836     	-74.22  
836.4   	-74.09  
836.8   	-73.95  
837.2   	-73.8   
837.6   	-73.63  
838     	-73.44  
838.4   	-73.22  
838.8   	-72.92  
839.2   	-71.87  
839.6   	-65.65  
840     	-34.36  
840.4   	43.41   
840.8   	36.26   
841.2   	20.11   
841.6   	2.196   
842     	-15.46  
842.4   	-34.14  
842.8   	-51.91  
843.2   	-64.19  
843.6   	-71.13  
844     	-74.94  
844.4   	-77.05  
844.8   	-78.25  
845.2   	-78.94  
845.6   	-79.33  
846     	-79.55  
846.4   	-79.65  
846.8   	-79.68  
847.2   	-79.65  
847.6   	-79.57  
848     	-79.47  
848.4   	-79.33  
848.8   	-79.18  
849.2   	-79.02  
849.6   	-78.84  
850     	-78.65  
850.4   	-78.45  
850.8   	-78.25  
851.2   	-78.03  
851.6   	-77.81  
852     	-77.58  
852.4   	-77.36  
852.8   	-77.15  
853.2   	-76.94  
853.6   	-76.74  
854     	-76.55  
854.4   	-76.38  
854.8   	-76.22  
855.2   	-76.07  
855.6   	-75.93  
856     	-75.81  
856.4   	-75.7   
856.8   	-75.59  
857.2   	-75.47  
857.6   	-75.36  
858     	-75.25  
858.4   	-75.13  
858.8   	-75.01  
859.2   	-74.88  
859.6   	-74.76  
860     	-74.62  
860.4   	-74.48  
860.8   	-74.35  
861.2   	-74.21  
861.6   	-74.07  
862     	-73.94  
862.4   	-73.79  
862.8   	-73.65  
863.2   	-73.51  
863.6   	-73.38  
864     	-73.24  
864.4   	-73.11  
864.8   	-72.98  
865.2   	-72.81  
865.6   	-72.1   
866     	-67.61  
866.4   	-44.28  
866.8   	41.05   
867.2   	38.74   
867.6   	23.4    
868     	5.56    
868.4   	-12.12  
868.8   	-30.59  
869.2   	-48.94  
869.6   	-62.42  
870     	-70.18  
870.4   	-74.44  
870.8   	-76.8   
871.2   	-78.15  
871.6   	-78.93  
872     	-79.39  
872.4   	-79.65  
872.8   	-79.78  
873.2   	-79.83  
873.6   	-79.82  
874     	-79.75  
874.4   	-79.65  
874.8   	-79.52  
875.2   	-79.36  
875.6   	-79.19  
876     	-79     
876.4   	-78.79  
876.8   	-78.56  
877.2   	-78.32  
877.6   	-78.06  
878     	-77.81  
878.4   	-77.56  
878.8   	-77.32  
879.2   	-77.1   
879.6   	-76.89  
880     	-76.69  
880.4   	-76.51  
880.8   	-76.33  
881.2   	-76.15  
881.6   	-75.98  
882     	-75.82  
882.4   	-75.67  
882.8   	-75.53  
883.2   	-75.39  
883.6   	-75.28  
884     	-75.17  
884.4   	-75.07  
884.8   	-74.97  
885.2   	-74.89  
885.6   	-74.8   
886     	-74.71  
886.4   	-74.61  
886.8   	-74.5   
887.2   	-74.37  
887.6   	-74.23  
888     	-74.08  
888.4   	-73.94  
888.8   	-73.8   
889.2   	-73.66  
889.6   	-73.53  
890     	-73.4   
890.4   	-73.27  
890.8   	-73.14  
891.2   	-72.93  
891.6   	-72.06  
892     	-66.67  
892.4   	-39.44  
892.8   	42.71   
893.2   	37.49   
893.6   	21.71   
894     	3.804   
894.4   	-13.88  
894.8   	-32.5   
895.2   	-50.59  
895.6   	-63.45  
896     	-70.76  
896.4   	-74.78  
896.8   	-77.01  
897.2   	-78.29  
897.6   	-79.04  
898     	-79.48  
898.4   	-79.74  
898.8   	-79.88  
899.2   	-79.94  
899.6   	-79.94  
900     	-79.89  
900.4   	-79.82  
900.8   	-79.72  
901.2   	-79.6   
901.6   	-79.47  
902     	-79.31  
902.4   	-79.13  
902.8   	-78.94  
903.2   	-78.73  
903.6   	-78.51  
904     	-78.26  
904.4   	-78     
904.8   	-77.72  
905.2   	-77.43  
905.6   	-77.14  
906     	-76.85  
906.4   	-76.56  
906.8   	-76.29  
907.2   	-76.04  
907.6   	-75.81  
908     	-75.59  
908.4   	-75.38  
908.8   	-75.19  
909.2   	-75.02  
909.6   	-74.86  
910     	-74.7   
910.4   	-74.55  
910.8   	-74.4   
911.2   	-74.24  
911.6   	-74.08  
912     	-73.9   
912.4   	-73.72  
912.8   	-73.52  
913.2   	-73.29  
913.6   	-72.86  
914     	-70.73  
914.4   	-58.73  
914.8   	7.774   
915.2   	43.03   
915.6   	30.6    
916     	13.37   
916.4   	-4.51   
916.8   	-22.4   
917.2   	-41.31  
917.6   	-57.41  
918     	-67.39  
918.4   	-72.91  
918.8   	-75.95  
919.2   	-77.66  
919.6   	-78.64  
920     	-79.21  
920.4   	-79.53  
920.8   	-79.7   
921.2   	-79.77  
921.6   	-79.75  
922     	-79.69  
922.4   	-79.59  
922.8   	-79.46  
923.2   	-79.31  
923.6   	-79.14  
924     	-78.96  
924.4   	-78.77  
924.8   	-78.58  
925.2   	-78.38  
925.6   	-78.17  
926     	-77.93  
926.4   	-77.66  
926.8   	-77.34  
927.2   	-76.92  
927.6   	-76.34  
928     	-74.8   
928.4   	-67.69  
928.8   	-36.9   
929.2   	42.93   
929.6   	36.83   
930     	20.95   
930.4   	3.071   
930.8   	-14.58  
931.2   	-33.2   
931.6   	-51.08  
932     	-63.66  
932.4   	-70.82  
932.8   	-74.76  
933.2   	-76.95  
933.6   	-78.2   
934     	-78.92  
934.4   	-79.34  
934.8   	-79.58  
935.2   	-79.7   
935.6   	-79.73  
936     	-79.72  
936.4   	-79.66  
936.8   	-79.57  
937.2   	-79.44  
937.6   	-79.29  
938     	-79.12  
938.4   	-78.93  
938.8   	-78.73  
939.2   	-78.5   
939.6   	-78.26  
940     	-78.02  
940.4   	-77.77  
940.8   	-77.54  
941.2   	-77.31  
941.6   	-77.09  
942     	-76.88  
942.4   	-76.68  
942.8   	-76.49  
943.2   	-76.3   
943.6   	-76.09  
944     	-75.87  
944.4   	-75.64  
944.8   	-75.39  
945.2   	-75.14  
945.6   	-74.87  
946     	-74.6   
946.4   	-74.32  
946.8   	-74.02  
947.2   	-73.45  
947.6   	-70.67  
948     	-55.91  
948.4   	23.15   
948.8   	42.13   
949.2   	28.79   
949.6   	11.35   
950     	-6.45   
950.4   	-24.44  
950.8   	-43.25  
951.2   	-58.71  
951.6   	-68.1   
952     	-73.28  
952.4   	-76.14  
952.8   	-77.75  
953.2   	-78.68  
953.6   	-79.22  
954     	-79.53  
954.4   	-79.69  
954.8   	-79.74  
955.2   	-79.72  
955.6   	-79.66  
956     	-79.56  
956.4   	-79.43  
956.8   	-79.27  
957.2   	-79.09  
957.6   	-78.9   
958     	-78.7   
958.4   	-78.48  
958.8   	-78.26  
959.2   	-78.04  
959.6   	-77.81  
960     	-77.59  
960.4   	-77.35  
960.8   	-77.12  
961.2   	-76.88  
961.6   	-76.64  
962     	-76.41  
962.4   	-76.2   
962.8   	-75.99  
963.2   	-75.8   
963.6   	-75.62  
964     	-75.46  
964.4   	-75.32  
964.8   	-75.19  
965.2   	-75.07  
965.6   	-74.96  
966     	-74.85  
966.4   	-74.74  
966.8   	-74.64  
967.2   	-74.53  
967.6   	-74.4   
968     	-74.25  
968.4   	-74.1   
968.8   	-73.95  
969.2   	-73.77  
969.6   	-73.58  
970     	-73.37  
970.4   	-73.04  
970.8   	-71.73  
971.2   	-64.11  
971.6   	-25.99  
972     	43.89   
972.4   	34.69   
972.8   	18.17   
973.2   	0.2257  
973.6   	-17.48  
974     	-36.3   
974.4   	-53.67  
974.8   	-65.24  
975.2   	-71.73  
975.6   	-75.29  
976     	-77.28  
976.4   	-78.42  
976.8   	-79.09  
977.2   	-79.49  
977.6   	-79.72  
978     	-79.84  
978.4   	-79.87  
978.8   	-79.85  
979.2   	-79.79  
979.6   	-79.7   
980     	-79.59  
980.4   	-79.44  
980.8   	-79.27  
981.2   	-79.09  
981.6   	-78.89  
982     	-78.69  
982.4   	-78.48  
982.8   	-78.27  
983.2   	-78.05  
983.6   	-77.82  
984     	-77.58  
984.4   	-77.31  
984.8   	-77.01  
985.2   	-76.66  
985.6   	-76.28  
986     	-75.84  
986.4   	-75.31  
986.8   	-73.88  
987.2   	-66.82  
987.6   	-34.85  
988     	43.24   
988.4   	36.37   
988.8   	20.32   
989.2   	2.427   
989.6   	-15.23  
990     	-33.89  
990.4   	-51.67  
990.8   	-64.04  
991.2   	-71.06  
991.6   	-74.92  
992     	-77.08  
992.4   	-78.32  
992.8   	-79.05  
993.2   	-79.48  
993.6   	-79.73  
994     	-79.86  
994.4   	-79.91  
994.8   	-79.9   
995.2   	-79.85  
995.6   	-79.76  
996     	-79.63  
996.4   	-79.48  
996.8   	-79.31  
997.2   	-79.13  
997.6   	-78.95  
998     	-78.75  
998.4   	-78.55  
998.8   	-78.35  
999.2   	-78.13  
999.6   	-77.91  
