
SWEPT_VAR_1 = 95.0    // Syn: Source PP \ NetStim \ PARAMETER \ interval (ms)

t	s.v( 0.05 )
ms	mV
0       	-64.65  
0.4     	-65.51  
0.8     	-66.35  
1.2     	-67.15  
1.6     	-67.92  
2       	-68.66  
2.4     	-69.37  
2.8     	-70.05  
3.2     	-70.7   
3.6     	-71.32  
4       	-71.91  
4.4     	-72.46  
4.8     	-73     
5.2     	-73.5   
5.6     	-73.99  
6       	-74.45  
6.4     	-74.89  
6.8     	-75.3   
7.2     	-75.69  
7.6     	-76.05  
8       	-76.39  
8.4     	-76.7   
8.8     	-77     
9.2     	-77.28  
9.6     	-77.54  
10      	-77.78  
10.4    	-78.02  
10.8    	-78.24  
11.2    	-78.45  
11.6    	-78.65  
12      	-78.84  
12.4    	-79.02  
12.8    	-79.19  
13.2    	-79.35  
13.6    	-79.51  
14      	-79.66  
14.4    	-79.8   
14.8    	-79.95  
15.2    	-80.08  
15.6    	-80.22  
16      	-80.35  
16.4    	-80.47  
16.8    	-80.59  
17.2    	-80.7   
17.6    	-80.8   
18      	-80.89  
18.4    	-80.97  
18.8    	-81.04  
19.2    	-81.11  
19.6    	-81.17  
20      	-81.23  
20.4    	-81.29  
20.8    	-81.34  
21.2    	-81.38  
21.6    	-81.43  
22      	-81.47  
22.4    	-81.51  
22.8    	-81.55  
23.2    	-81.59  
23.6    	-81.63  
24      	-81.66  
24.4    	-81.69  
24.8    	-81.71  
25.2    	-81.73  
25.6    	-81.75  
26      	-81.77  
26.4    	-81.78  
26.8    	-81.78  
27.2    	-81.77  
27.6    	-81.76  
28      	-81.76  
28.4    	-81.75  
28.8    	-81.73  
29.2    	-81.72  
29.6    	-81.7   
30      	-81.68  
30.4    	-81.66  
30.8    	-81.62  
31.2    	-81.59  
31.6    	-81.56  
32      	-81.54  
32.4    	-81.52  
32.8    	-81.51  
33.2    	-81.49  
33.6    	-81.49  
34      	-81.49  
34.4    	-81.49  
34.8    	-81.5   
35.2    	-81.51  
35.6    	-81.52  
36      	-81.54  
36.4    	-81.55  
36.8    	-81.56  
37.2    	-81.57  
37.6    	-81.58  
38      	-81.59  
38.4    	-81.59  
38.8    	-81.59  
39.2    	-81.59  
39.6    	-81.58  
40      	-81.58  
40.4    	-81.57  
40.8    	-81.57  
41.2    	-81.57  
41.6    	-81.57  
42      	-81.57  
42.4    	-81.58  
42.8    	-81.59  
43.2    	-81.61  
43.6    	-81.62  
44      	-81.64  
44.4    	-81.67  
44.8    	-81.69  
45.2    	-81.72  
45.6    	-81.75  
46      	-81.79  
46.4    	-81.82  
46.8    	-81.86  
47.2    	-81.89  
47.6    	-81.93  
48      	-81.96  
48.4    	-81.99  
48.8    	-82.01  
49.2    	-82.04  
49.6    	-82.06  
50      	-82.07  
50.4    	-82.09  
50.8    	-82.1   
51.2    	-82.11  
51.6    	-82.12  
52      	-82.13  
52.4    	-82.14  
52.8    	-82.14  
53.2    	-82.14  
53.6    	-82.14  
54      	-82.15  
54.4    	-82.15  
54.8    	-82.15  
55.2    	-82.15  
55.6    	-82.15  
56      	-82.16  
56.4    	-82.16  
56.8    	-82.17  
57.2    	-82.18  
57.6    	-82.18  
58      	-82.19  
58.4    	-82.2   
58.8    	-82.21  
59.2    	-82.22  
59.6    	-82.22  
60      	-82.22  
60.4    	-82.22  
60.8    	-82.23  
61.2    	-82.23  
61.6    	-82.24  
62      	-82.25  
62.4    	-82.26  
62.8    	-82.27  
63.2    	-82.29  
63.6    	-82.3   
64      	-82.32  
64.4    	-82.34  
64.8    	-82.36  
65.2    	-82.37  
65.6    	-82.39  
66      	-82.39  
66.4    	-82.39  
66.8    	-82.39  
67.2    	-82.38  
67.6    	-82.37  
68      	-82.36  
68.4    	-82.35  
68.8    	-82.35  
69.2    	-82.34  
69.6    	-82.33  
70      	-82.32  
70.4    	-82.32  
70.8    	-82.3   
71.2    	-82.28  
71.6    	-82.25  
72      	-82.22  
72.4    	-82.2   
72.8    	-82.18  
73.2    	-82.16  
73.6    	-82.14  
74      	-82.11  
74.4    	-82.09  
74.8    	-82.08  
75.2    	-82.06  
75.6    	-82.05  
76      	-82.05  
76.4    	-82.04  
76.8    	-82.05  
77.2    	-82.05  
77.6    	-82.06  
78      	-82.07  
78.4    	-82.08  
78.8    	-82.09  
79.2    	-82.1   
79.6    	-82.1   
80      	-82.11  
80.4    	-82.13  
80.8    	-82.14  
81.2    	-82.15  
81.6    	-82.16  
82      	-82.17  
82.4    	-82.17  
82.8    	-82.16  
83.2    	-82.16  
83.6    	-82.15  
84      	-82.13  
84.4    	-82.11  
84.8    	-82.09  
85.2    	-82.06  
85.6    	-82.04  
86      	-82.01  
86.4    	-81.99  
86.8    	-81.98  
87.2    	-81.96  
87.6    	-81.95  
88      	-81.95  
88.4    	-81.94  
88.8    	-81.95  
89.2    	-81.95  
89.6    	-81.96  
90      	-81.97  
90.4    	-81.99  
90.8    	-82.01  
91.2    	-82.03  
91.6    	-82.05  
92      	-82.08  
92.4    	-82.1   
92.8    	-82.12  
93.2    	-82.15  
93.6    	-82.16  
94      	-82.17  
94.4    	-82.17  
94.8    	-82.17  
95.2    	-82.16  
95.6    	-82.15  
96      	-82.14  
96.4    	-82.14  
96.8    	-82.13  
97.2    	-82.13  
97.6    	-82.13  
98      	-82.13  
98.4    	-82.13  
98.8    	-82.12  
99.2    	-82.11  
99.6    	-82.1   
100     	-82.09  
100.4   	-82.08  
100.8   	-82.07  
101.2   	-82.06  
101.6   	-82.05  
102     	-82.05  
102.4   	-82.04  
102.8   	-82.05  
103.2   	-82.05  
103.6   	-82.06  
104     	-82.07  
104.4   	-82.08  
104.8   	-82.1   
105.2   	-82.12  
105.6   	-82.14  
106     	-82.16  
106.4   	-82.18  
106.8   	-82.21  
107.2   	-82.23  
107.6   	-82.25  
108     	-82.27  
108.4   	-82.29  
108.8   	-82.31  
109.2   	-82.33  
109.6   	-82.35  
110     	-82.37  
110.4   	-82.39  
110.8   	-82.41  
111.2   	-82.43  
111.6   	-82.46  
112     	-82.49  
112.4   	-82.51  
112.8   	-82.54  
113.2   	-82.57  
113.6   	-82.6   
114     	-82.62  
114.4   	-82.63  
114.8   	-82.63  
115.2   	-82.61  
115.6   	-82.59  
116     	-82.57  
116.4   	-82.54  
116.8   	-82.51  
117.2   	-82.47  
117.6   	-82.42  
118     	-82.36  
118.4   	-82.31  
118.8   	-82.26  
119.2   	-82.21  
119.6   	-82.16  
120     	-82.12  
120.4   	-82.08  
120.8   	-82.05  
121.2   	-82.01  
121.6   	-81.99  
122     	-81.96  
122.4   	-81.94  
122.8   	-81.93  
123.2   	-81.92  
123.6   	-81.91  
124     	-81.9   
124.4   	-81.89  
124.8   	-81.89  
125.2   	-81.89  
125.6   	-81.89  
126     	-81.89  
126.4   	-81.89  
126.8   	-81.9   
127.2   	-81.9   
127.6   	-81.89  
128     	-81.88  
128.4   	-81.88  
128.8   	-81.88  
129.2   	-81.88  
129.6   	-81.88  
130     	-81.89  
130.4   	-81.9   
130.8   	-81.91  
131.2   	-81.92  
131.6   	-81.93  
132     	-81.94  
132.4   	-81.96  
132.8   	-81.98  
133.2   	-82     
133.6   	-82.02  
134     	-82.05  
134.4   	-82.07  
134.8   	-82.1   
135.2   	-82.13  
135.6   	-82.16  
136     	-82.2   
136.4   	-82.23  
136.8   	-82.27  
137.2   	-82.3   
137.6   	-82.34  
138     	-82.38  
138.4   	-82.42  
138.8   	-82.45  
139.2   	-82.48  
139.6   	-82.51  
140     	-82.54  
140.4   	-82.57  
140.8   	-82.6   
141.2   	-82.62  
141.6   	-82.63  
142     	-82.64  
142.4   	-82.65  
142.8   	-82.65  
143.2   	-82.65  
143.6   	-82.65  
144     	-82.65  
144.4   	-82.65  
144.8   	-82.65  
145.2   	-82.65  
145.6   	-82.64  
146     	-82.64  
146.4   	-82.64  
146.8   	-82.64  
147.2   	-82.64  
147.6   	-82.65  
148     	-82.66  
148.4   	-82.67  
148.8   	-82.68  
149.2   	-82.69  
149.6   	-82.7   
150     	-82.71  
150.4   	-82.71  
150.8   	-82.71  
151.2   	-82.7   
151.6   	-82.68  
152     	-82.67  
152.4   	-82.66  
152.8   	-82.64  
153.2   	-82.63  
153.6   	-82.61  
154     	-82.59  
154.4   	-82.57  
154.8   	-82.54  
155.2   	-82.52  
155.6   	-82.49  
156     	-82.47  
156.4   	-82.44  
156.8   	-82.42  
157.2   	-82.39  
157.6   	-82.36  
158     	-82.33  
158.4   	-82.3   
158.8   	-82.26  
159.2   	-82.23  
159.6   	-82.19  
160     	-82.14  
160.4   	-82.08  
160.8   	-82.02  
161.2   	-81.95  
161.6   	-81.88  
162     	-81.82  
162.4   	-81.75  
162.8   	-81.69  
163.2   	-81.63  
163.6   	-81.57  
164     	-81.52  
164.4   	-81.48  
164.8   	-81.43  
165.2   	-81.4   
165.6   	-81.37  
166     	-81.34  
166.4   	-81.31  
166.8   	-81.28  
167.2   	-81.25  
167.6   	-81.22  
168     	-81.2   
168.4   	-81.17  
168.8   	-81.15  
169.2   	-81.14  
169.6   	-81.12  
170     	-81.11  
170.4   	-81.09  
170.8   	-81.07  
171.2   	-81.04  
171.6   	-81.02  
172     	-81     
172.4   	-80.98  
172.8   	-80.97  
173.2   	-80.96  
173.6   	-80.96  
174     	-80.96  
174.4   	-80.97  
174.8   	-80.98  
175.2   	-80.98  
175.6   	-80.99  
176     	-81     
176.4   	-81.01  
176.8   	-81.02  
177.2   	-81.04  
177.6   	-81.05  
178     	-81.06  
178.4   	-81.08  
178.8   	-81.1   
179.2   	-81.11  
179.6   	-81.13  
180     	-81.15  
180.4   	-81.18  
180.8   	-81.21  
181.2   	-81.24  
181.6   	-81.27  
182     	-81.3   
182.4   	-81.33  
182.8   	-81.35  
183.2   	-81.38  
183.6   	-81.41  
184     	-81.43  
184.4   	-81.46  
184.8   	-81.49  
185.2   	-81.52  
185.6   	-81.54  
186     	-81.56  
186.4   	-81.58  
186.8   	-81.59  
187.2   	-81.6   
187.6   	-81.6   
188     	-81.61  
188.4   	-81.61  
188.8   	-81.62  
189.2   	-81.63  
189.6   	-81.64  
190     	-81.66  
190.4   	-81.68  
190.8   	-81.7   
191.2   	-81.72  
191.6   	-81.74  
192     	-81.76  
192.4   	-81.78  
192.8   	-81.8   
193.2   	-81.82  
193.6   	-81.84  
194     	-81.86  
194.4   	-81.88  
194.8   	-81.89  
195.2   	-81.9   
195.6   	-81.91  
196     	-81.91  
196.4   	-81.92  
196.8   	-81.93  
197.2   	-81.93  
197.6   	-81.94  
198     	-81.94  
198.4   	-81.94  
198.8   	-81.94  
199.2   	-81.95  
199.6   	-81.95  
200     	-81.96  
200.4   	-81.97  
200.8   	-81.99  
201.2   	-82.01  
201.6   	-82.03  
202     	-82.05  
202.4   	-82.07  
202.8   	-82.08  
203.2   	-82.1   
203.6   	-82.12  
204     	-82.13  
204.4   	-82.15  
204.8   	-82.16  
205.2   	-82.16  
205.6   	-82.16  
206     	-82.15  
206.4   	-82.13  
206.8   	-82.12  
207.2   	-82.11  
207.6   	-82.1   
208     	-82.09  
208.4   	-82.08  
208.8   	-82.07  
209.2   	-82.05  
209.6   	-82.04  
210     	-82.03  
210.4   	-82.02  
210.8   	-82.01  
211.2   	-82     
211.6   	-82     
212     	-81.99  
212.4   	-81.99  
212.8   	-82     
213.2   	-82     
213.6   	-82     
214     	-82     
214.4   	-82     
214.8   	-81.99  
215.2   	-81.99  
215.6   	-81.99  
216     	-81.98  
216.4   	-81.97  
216.8   	-81.96  
217.2   	-81.95  
217.6   	-81.95  
218     	-81.94  
218.4   	-81.93  
218.8   	-81.93  
219.2   	-81.92  
219.6   	-81.91  
220     	-81.9   
220.4   	-81.89  
220.8   	-81.87  
221.2   	-81.84  
221.6   	-81.8   
222     	-81.76  
222.4   	-81.72  
222.8   	-81.68  
223.2   	-81.65  
223.6   	-81.62  
224     	-81.6   
224.4   	-81.57  
224.8   	-81.56  
225.2   	-81.54  
225.6   	-81.52  
226     	-81.49  
226.4   	-81.46  
226.8   	-81.43  
227.2   	-81.39  
227.6   	-81.36  
228     	-81.33  
228.4   	-81.31  
228.8   	-81.28  
229.2   	-81.25  
229.6   	-81.21  
230     	-81.17  
230.4   	-81.13  
230.8   	-81.1   
231.2   	-81.06  
231.6   	-81.03  
232     	-81     
232.4   	-80.96  
232.8   	-80.93  
233.2   	-80.9   
233.6   	-80.88  
234     	-80.85  
234.4   	-80.83  
234.8   	-80.8   
235.2   	-80.78  
235.6   	-80.76  
236     	-80.74  
236.4   	-80.72  
236.8   	-80.7   
237.2   	-80.69  
237.6   	-80.68  
238     	-80.68  
238.4   	-80.67  
238.8   	-80.67  
239.2   	-80.67  
239.6   	-80.68  
240     	-80.68  
240.4   	-80.68  
240.8   	-80.67  
241.2   	-80.67  
241.6   	-80.66  
242     	-80.66  
242.4   	-80.66  
242.8   	-80.66  
243.2   	-80.67  
243.6   	-80.68  
244     	-80.69  
244.4   	-80.69  
244.8   	-80.69  
245.2   	-80.69  
245.6   	-80.68  
246     	-80.67  
246.4   	-80.67  
246.8   	-80.66  
247.2   	-80.66  
247.6   	-80.66  
248     	-80.67  
248.4   	-80.67  
248.8   	-80.67  
249.2   	-80.67  
249.6   	-80.68  
250     	-80.68  
250.4   	-80.69  
250.8   	-80.7   
251.2   	-80.7   
251.6   	-80.7   
252     	-80.69  
252.4   	-80.68  
252.8   	-80.67  
253.2   	-80.67  
253.6   	-80.66  
254     	-80.65  
254.4   	-80.65  
254.8   	-80.65  
255.2   	-80.65  
255.6   	-80.66  
256     	-80.67  
256.4   	-80.69  
256.8   	-80.7   
257.2   	-80.71  
257.6   	-80.71  
258     	-80.71  
258.4   	-80.71  
258.8   	-80.71  
259.2   	-80.71  
259.6   	-80.72  
260     	-80.73  
260.4   	-80.75  
260.8   	-80.76  
261.2   	-80.79  
261.6   	-80.81  
262     	-80.84  
262.4   	-80.87  
262.8   	-80.9   
263.2   	-80.93  
263.6   	-80.96  
264     	-80.98  
264.4   	-81.01  
264.8   	-81.05  
265.2   	-81.08  
265.6   	-81.11  
266     	-81.13  
266.4   	-81.16  
266.8   	-81.18  
267.2   	-81.21  
267.6   	-81.24  
268     	-81.28  
268.4   	-81.31  
268.8   	-81.34  
269.2   	-81.37  
269.6   	-81.4   
270     	-81.43  
270.4   	-81.47  
270.8   	-81.5   
271.2   	-81.53  
271.6   	-81.56  
272     	-81.59  
272.4   	-81.62  
272.8   	-81.65  
273.2   	-81.69  
273.6   	-81.72  
274     	-81.76  
274.4   	-81.8   
274.8   	-81.84  
275.2   	-81.88  
275.6   	-81.92  
276     	-81.97  
276.4   	-82.01  
276.8   	-82.06  
277.2   	-82.1   
277.6   	-82.15  
278     	-82.19  
278.4   	-82.24  
278.8   	-82.28  
279.2   	-82.32  
279.6   	-82.37  
280     	-82.4   
280.4   	-82.44  
280.8   	-82.48  
281.2   	-82.51  
281.6   	-82.53  
282     	-82.54  
282.4   	-82.54  
282.8   	-82.52  
283.2   	-82.5   
283.6   	-82.48  
284     	-82.46  
284.4   	-82.44  
284.8   	-82.42  
285.2   	-82.39  
285.6   	-82.36  
286     	-82.33  
286.4   	-82.3   
286.8   	-82.27  
287.2   	-82.24  
287.6   	-82.21  
288     	-82.18  
288.4   	-82.16  
288.8   	-82.14  
289.2   	-82.12  
289.6   	-82.1   
290     	-82.09  
290.4   	-82.08  
290.8   	-82.08  
291.2   	-82.07  
291.6   	-82.08  
292     	-82.08  
292.4   	-82.09  
292.8   	-82.1   
293.2   	-82.12  
293.6   	-82.14  
294     	-82.16  
294.4   	-82.17  
294.8   	-82.19  
295.2   	-82.19  
295.6   	-82.19  
296     	-82.17  
296.4   	-82.15  
296.8   	-82.13  
297.2   	-82.1   
297.6   	-82.08  
298     	-82.06  
298.4   	-82.04  
298.8   	-82.03  
299.2   	-82.02  
299.6   	-82     
300     	-81.98  
300.4   	-81.96  
300.8   	-81.93  
301.2   	-81.91  
301.6   	-81.89  
302     	-81.88  
302.4   	-81.86  
302.8   	-81.83  
303.2   	-81.81  
303.6   	-81.79  
304     	-81.77  
304.4   	-81.76  
304.8   	-81.75  
305.2   	-81.74  
305.6   	-81.74  
306     	-81.73  
306.4   	-81.71  
306.8   	-81.69  
307.2   	-81.68  
307.6   	-81.67  
308     	-81.66  
308.4   	-81.65  
308.8   	-81.64  
309.2   	-81.63  
309.6   	-81.62  
310     	-81.61  
310.4   	-81.59  
310.8   	-81.58  
311.2   	-81.56  
311.6   	-81.55  
312     	-81.54  
312.4   	-81.53  
312.8   	-81.52  
313.2   	-81.51  
313.6   	-81.5   
314     	-81.49  
314.4   	-81.48  
314.8   	-81.47  
315.2   	-81.46  
315.6   	-81.45  
316     	-81.43  
316.4   	-81.43  
316.8   	-81.42  
317.2   	-81.41  
317.6   	-81.4   
318     	-81.4   
318.4   	-81.38  
318.8   	-81.37  
319.2   	-81.35  
319.6   	-81.33  
320     	-81.31  
320.4   	-81.29  
320.8   	-81.27  
321.2   	-81.25  
321.6   	-81.22  
322     	-81.2   
322.4   	-81.18  
322.8   	-81.16  
323.2   	-81.15  
323.6   	-81.13  
324     	-81.12  
324.4   	-81.11  
324.8   	-81.09  
325.2   	-81.08  
325.6   	-81.08  
326     	-81.07  
326.4   	-81.07  
326.8   	-81.08  
327.2   	-81.08  
327.6   	-81.09  
328     	-81.09  
328.4   	-81.09  
328.8   	-81.1   
329.2   	-81.1   
329.6   	-81.09  
330     	-81.08  
330.4   	-81.07  
330.8   	-81.05  
331.2   	-81.02  
331.6   	-81     
332     	-80.98  
332.4   	-80.96  
332.8   	-80.94  
333.2   	-80.93  
333.6   	-80.91  
334     	-80.9   
334.4   	-80.88  
334.8   	-80.85  
335.2   	-80.8   
335.6   	-80.76  
336     	-80.72  
336.4   	-80.69  
336.8   	-80.65  
337.2   	-80.62  
337.6   	-80.59  
338     	-80.57  
338.4   	-80.55  
338.8   	-80.54  
339.2   	-80.54  
339.6   	-80.54  
340     	-80.55  
340.4   	-80.56  
340.8   	-80.58  
341.2   	-80.6   
341.6   	-80.63  
342     	-80.66  
342.4   	-80.68  
342.8   	-80.7   
343.2   	-80.72  
343.6   	-80.73  
344     	-80.75  
344.4   	-80.76  
344.8   	-80.78  
345.2   	-80.8   
345.6   	-80.82  
346     	-80.84  
346.4   	-80.87  
346.8   	-80.89  
347.2   	-80.92  
347.6   	-80.95  
348     	-80.97  
348.4   	-81     
348.8   	-81.03  
349.2   	-81.06  
349.6   	-81.09  
350     	-81.12  
350.4   	-81.14  
350.8   	-81.16  
351.2   	-81.17  
351.6   	-81.19  
352     	-81.2   
352.4   	-81.21  
352.8   	-81.22  
353.2   	-81.22  
353.6   	-81.23  
354     	-81.24  
354.4   	-81.25  
354.8   	-81.25  
355.2   	-81.26  
355.6   	-81.26  
356     	-81.25  
356.4   	-81.25  
356.8   	-81.25  
357.2   	-81.24  
357.6   	-81.24  
358     	-81.24  
358.4   	-81.23  
358.8   	-81.23  
359.2   	-81.21  
359.6   	-81.2   
360     	-81.19  
360.4   	-81.17  
360.8   	-81.17  
361.2   	-81.16  
361.6   	-81.16  
362     	-81.16  
362.4   	-81.17  
362.8   	-81.18  
363.2   	-81.2   
363.6   	-81.22  
364     	-81.24  
364.4   	-81.25  
364.8   	-81.27  
365.2   	-81.29  
365.6   	-81.31  
366     	-81.33  
366.4   	-81.36  
366.8   	-81.38  
367.2   	-81.41  
367.6   	-81.43  
368     	-81.44  
368.4   	-81.46  
368.8   	-81.47  
369.2   	-81.47  
369.6   	-81.48  
370     	-81.48  
370.4   	-81.49  
370.8   	-81.5   
371.2   	-81.51  
371.6   	-81.52  
372     	-81.54  
372.4   	-81.55  
372.8   	-81.55  
373.2   	-81.54  
373.6   	-81.52  
374     	-81.5   
374.4   	-81.48  
374.8   	-81.47  
375.2   	-81.45  
375.6   	-81.44  
376     	-81.42  
376.4   	-81.4   
376.8   	-81.39  
377.2   	-81.37  
377.6   	-81.34  
378     	-81.31  
378.4   	-81.27  
378.8   	-81.23  
379.2   	-81.2   
379.6   	-81.17  
380     	-81.14  
380.4   	-81.12  
380.8   	-81.11  
381.2   	-81.09  
381.6   	-81.09  
382     	-81.08  
382.4   	-81.08  
382.8   	-81.07  
383.2   	-81.06  
383.6   	-81.05  
384     	-81.03  
384.4   	-81     
384.8   	-80.98  
385.2   	-80.95  
385.6   	-80.92  
386     	-80.89  
386.4   	-80.86  
386.8   	-80.83  
387.2   	-80.81  
387.6   	-80.78  
388     	-80.75  
388.4   	-80.72  
388.8   	-80.68  
389.2   	-80.65  
389.6   	-80.62  
390     	-80.6   
390.4   	-80.58  
390.8   	-80.57  
391.2   	-80.55  
391.6   	-80.54  
392     	-80.53  
392.4   	-80.53  
392.8   	-80.53  
393.2   	-80.53  
393.6   	-80.53  
394     	-80.54  
394.4   	-80.55  
394.8   	-80.56  
395.2   	-80.57  
395.6   	-80.59  
396     	-80.6   
396.4   	-80.61  
396.8   	-80.62  
397.2   	-80.63  
397.6   	-80.64  
398     	-80.65  
398.4   	-80.66  
398.8   	-80.66  
399.2   	-80.67  
399.6   	-80.68  
400     	-80.69  
400.4   	-80.7   
400.8   	-80.71  
401.2   	-80.72  
401.6   	-80.73  
402     	-80.75  
402.4   	-80.75  
402.8   	-80.76  
403.2   	-80.75  
403.6   	-80.74  
404     	-80.71  
404.4   	-80.68  
404.8   	-80.64  
405.2   	-80.6   
405.6   	-80.54  
406     	-80.49  
406.4   	-80.42  
406.8   	-80.35  
407.2   	-80.16  
407.6   	-79.62  
408     	-78.02  
408.4   	-71.67  
408.8   	-47.12  
409.2   	39.17   
409.6   	39.44   
410     	24.55   
410.4   	6.821   
410.8   	-10.87  
411.2   	-29.24  
411.6   	-47.68  
412     	-61.62  
412.4   	-69.79  
412.8   	-74.34  
413.2   	-76.9   
413.6   	-78.4   
414     	-79.31  
414.4   	-79.89  
414.8   	-80.28  
415.2   	-80.55  
415.6   	-80.74  
416     	-80.88  
416.4   	-80.98  
416.8   	-81.06  
417.2   	-81.12  
417.6   	-81.16  
418     	-81.2   
418.4   	-81.22  
418.8   	-81.25  
419.2   	-81.26  
419.6   	-81.27  
420     	-81.28  
420.4   	-81.28  
420.8   	-81.29  
421.2   	-81.29  
421.6   	-81.3   
422     	-81.3   
422.4   	-81.31  
422.8   	-81.32  
423.2   	-81.33  
423.6   	-81.33  
424     	-81.34  
424.4   	-81.35  
424.8   	-81.36  
425.2   	-81.37  
425.6   	-81.37  
426     	-81.38  
426.4   	-81.38  
426.8   	-81.39  
427.2   	-81.39  
427.6   	-81.4   
428     	-81.41  
428.4   	-81.42  
428.8   	-81.43  
429.2   	-81.45  
429.6   	-81.46  
430     	-81.48  
430.4   	-81.49  
430.8   	-81.51  
431.2   	-81.53  
431.6   	-81.54  
432     	-81.55  
432.4   	-81.56  
432.8   	-81.56  
433.2   	-81.56  
433.6   	-81.56  
434     	-81.57  
434.4   	-81.57  
434.8   	-81.58  
435.2   	-81.59  
435.6   	-81.61  
436     	-81.62  
436.4   	-81.64  
436.8   	-81.67  
437.2   	-81.69  
437.6   	-81.72  
438     	-81.75  
438.4   	-81.78  
438.8   	-81.82  
439.2   	-81.85  
439.6   	-81.88  
440     	-81.91  
440.4   	-81.94  
440.8   	-81.96  
441.2   	-81.97  
441.6   	-81.97  
442     	-81.98  
442.4   	-81.98  
442.8   	-81.99  
443.2   	-82     
443.6   	-82.01  
444     	-82.02  
444.4   	-82.03  
444.8   	-82.05  
445.2   	-82.06  
445.6   	-82.06  
446     	-82.07  
446.4   	-82.07  
446.8   	-82.07  
447.2   	-82.06  
447.6   	-82.05  
448     	-82.04  
448.4   	-82.03  
448.8   	-82.02  
449.2   	-82.01  
449.6   	-82     
450     	-81.99  
450.4   	-81.98  
450.8   	-81.97  
451.2   	-81.95  
451.6   	-81.93  
452     	-81.91  
452.4   	-81.9   
452.8   	-81.88  
453.2   	-81.87  
453.6   	-81.86  
454     	-81.85  
454.4   	-81.84  
454.8   	-81.83  
455.2   	-81.82  
455.6   	-81.81  
456     	-81.79  
456.4   	-81.76  
456.8   	-81.63  
457.2   	-81.18  
457.6   	-80.07  
458     	-76.38  
458.4   	-62.4   
458.8   	-5.244  
459.2   	43.3    
459.6   	31.99   
460     	15.05   
460.4   	-2.826  
460.8   	-20.65  
461.2   	-39.54  
461.6   	-56.07  
462     	-66.65  
462.4   	-72.61  
462.8   	-75.94  
463.2   	-77.86  
463.6   	-79.01  
464     	-79.73  
464.4   	-80.21  
464.8   	-80.55  
465.2   	-80.79  
465.6   	-80.98  
466     	-81.11  
466.4   	-81.21  
466.8   	-81.29  
467.2   	-81.35  
467.6   	-81.4   
468     	-81.44  
468.4   	-81.48  
468.8   	-81.52  
469.2   	-81.54  
469.6   	-81.55  
470     	-81.56  
470.4   	-81.55  
470.8   	-81.55  
471.2   	-81.55  
471.6   	-81.54  
472     	-81.54  
472.4   	-81.54  
472.8   	-81.54  
473.2   	-81.53  
473.6   	-81.51  
474     	-81.5   
474.4   	-81.47  
474.8   	-81.45  
475.2   	-81.43  
475.6   	-81.4   
476     	-81.34  
476.4   	-81.1   
476.8   	-80.42  
477.2   	-78.53  
477.6   	-71.34  
478     	-44.5   
478.4   	40.74   
478.8   	38.76   
479.2   	23.59   
479.6   	5.816   
480     	-11.87  
480.4   	-30.34  
480.8   	-48.66  
481.2   	-62.23  
481.6   	-70.13  
482     	-74.54  
482.4   	-77.02  
482.8   	-78.48  
483.2   	-79.38  
483.6   	-79.96  
484     	-80.35  
484.4   	-80.63  
484.8   	-80.84  
485.2   	-80.99  
485.6   	-81.12  
486     	-81.21  
486.4   	-81.29  
486.8   	-81.35  
487.2   	-81.4   
487.6   	-81.44  
488     	-81.47  
488.4   	-81.5   
488.8   	-81.53  
489.2   	-81.56  
489.6   	-81.57  
490     	-81.58  
490.4   	-81.59  
490.8   	-81.58  
491.2   	-81.56  
491.6   	-81.54  
492     	-81.52  
492.4   	-81.5   
492.8   	-81.48  
493.2   	-81.46  
493.6   	-81.44  
494     	-81.42  
494.4   	-81.4   
494.8   	-81.37  
495.2   	-81.33  
495.6   	-81.3   
496     	-81.27  
496.4   	-81.24  
496.8   	-81.2   
497.2   	-81.17  
497.6   	-81.14  
498     	-81.11  
498.4   	-81.08  
498.8   	-81.06  
499.2   	-81.05  
499.6   	-81.03  
500     	-81.02  
500.4   	-81     
500.8   	-80.99  
501.2   	-80.97  
501.6   	-80.96  
502     	-80.96  
502.4   	-80.96  
502.8   	-80.96  
503.2   	-80.96  
503.6   	-80.96  
504     	-80.95  
504.4   	-80.95  
504.8   	-80.94  
505.2   	-80.94  
505.6   	-80.94  
506     	-80.94  
506.4   	-80.95  
506.8   	-80.96  
507.2   	-80.98  
507.6   	-81     
508     	-81.02  
508.4   	-81.05  
508.8   	-81.07  
509.2   	-81.09  
509.6   	-81.12  
510     	-81.14  
510.4   	-81.17  
510.8   	-81.2   
511.2   	-81.24  
511.6   	-81.27  
512     	-81.3   
512.4   	-81.33  
512.8   	-81.35  
513.2   	-81.38  
513.6   	-81.41  
514     	-81.44  
514.4   	-81.48  
514.8   	-81.51  
515.2   	-81.54  
515.6   	-81.58  
516     	-81.61  
516.4   	-81.65  
516.8   	-81.68  
517.2   	-81.7   
517.6   	-81.72  
518     	-81.73  
518.4   	-81.73  
518.8   	-81.72  
519.2   	-81.71  
519.6   	-81.7   
520     	-81.69  
520.4   	-81.68  
520.8   	-81.67  
521.2   	-81.66  
521.6   	-81.65  
522     	-81.65  
522.4   	-81.65  
522.8   	-81.65  
523.2   	-81.65  
523.6   	-81.65  
524     	-81.65  
524.4   	-81.65  
524.8   	-81.65  
525.2   	-81.66  
525.6   	-81.66  
526     	-81.67  
526.4   	-81.68  
526.8   	-81.68  
527.2   	-81.69  
527.6   	-81.69  
528     	-81.69  
528.4   	-81.7   
528.8   	-81.7   
529.2   	-81.7   
529.6   	-81.69  
530     	-81.67  
530.4   	-81.65  
530.8   	-81.63  
531.2   	-81.61  
531.6   	-81.59  
532     	-81.56  
532.4   	-81.54  
532.8   	-81.52  
533.2   	-81.5   
533.6   	-81.49  
534     	-81.48  
534.4   	-81.47  
534.8   	-81.47  
535.2   	-81.47  
535.6   	-81.48  
536     	-81.49  
536.4   	-81.5   
536.8   	-81.52  
537.2   	-81.53  
537.6   	-81.55  
538     	-81.56  
538.4   	-81.57  
538.8   	-81.59  
539.2   	-81.61  
539.6   	-81.62  
540     	-81.63  
540.4   	-81.64  
540.8   	-81.66  
541.2   	-81.67  
541.6   	-81.68  
542     	-81.68  
542.4   	-81.67  
542.8   	-81.66  
543.2   	-81.65  
543.6   	-81.64  
544     	-81.63  
544.4   	-81.63  
544.8   	-81.62  
545.2   	-81.61  
545.6   	-81.59  
546     	-81.58  
546.4   	-81.58  
546.8   	-81.57  
547.2   	-81.57  
547.6   	-81.58  
548     	-81.58  
548.4   	-81.59  
548.8   	-81.6   
549.2   	-81.61  
549.6   	-81.62  
550     	-81.62  
550.4   	-81.63  
550.8   	-81.64  
551.2   	-81.64  
551.6   	-81.65  
552     	-81.66  
552.4   	-81.67  
552.8   	-81.67  
553.2   	-81.67  
553.6   	-81.67  
554     	-81.67  
554.4   	-81.68  
554.8   	-81.68  
555.2   	-81.68  
555.6   	-81.68  
556     	-81.68  
556.4   	-81.68  
556.8   	-81.68  
557.2   	-81.68  
557.6   	-81.69  
558     	-81.69  
558.4   	-81.69  
558.8   	-81.69  
559.2   	-81.69  
559.6   	-81.68  
560     	-81.66  
560.4   	-81.63  
560.8   	-81.58  
561.2   	-81.52  
561.6   	-81.46  
562     	-81.39  
562.4   	-81.33  
562.8   	-81.27  
563.2   	-81.21  
563.6   	-81.16  
564     	-81.12  
564.4   	-81.08  
564.8   	-81.05  
565.2   	-81.03  
565.6   	-81.01  
566     	-81     
566.4   	-80.99  
566.8   	-80.99  
567.2   	-80.99  
567.6   	-80.98  
568     	-80.97  
568.4   	-80.97  
568.8   	-80.97  
569.2   	-80.97  
569.6   	-80.97  
570     	-80.98  
570.4   	-80.98  
570.8   	-80.99  
571.2   	-80.99  
571.6   	-81     
572     	-81     
572.4   	-81.01  
572.8   	-81.01  
573.2   	-81.01  
573.6   	-81.01  
574     	-81     
574.4   	-80.99  
574.8   	-80.98  
575.2   	-80.97  
575.6   	-80.94  
576     	-80.91  
576.4   	-80.87  
576.8   	-80.83  
577.2   	-80.79  
577.6   	-80.74  
578     	-80.68  
578.4   	-80.54  
578.8   	-80.12  
579.2   	-78.98  
579.6   	-74.81  
580     	-58.39  
580.4   	15.97   
580.8   	42.53   
581.2   	29.83   
581.6   	12.56   
582     	-5.281  
582.4   	-23.25  
582.8   	-42.13  
583.2   	-57.95  
583.6   	-67.73  
584     	-73.2   
584.4   	-76.26  
584.8   	-78.02  
585.2   	-79.08  
585.6   	-79.75  
586     	-80.19  
586.4   	-80.49  
586.8   	-80.71  
587.2   	-80.87  
587.6   	-81     
588     	-81.1   
588.4   	-81.18  
588.8   	-81.25  
589.2   	-81.31  
589.6   	-81.37  
590     	-81.42  
590.4   	-81.47  
590.8   	-81.51  
591.2   	-81.56  
591.6   	-81.59  
592     	-81.62  
592.4   	-81.65  
592.8   	-81.68  
593.2   	-81.7   
593.6   	-81.71  
594     	-81.71  
594.4   	-81.7   
594.8   	-81.67  
595.2   	-81.64  
595.6   	-81.6   
596     	-81.49  
596.4   	-81.16  
596.8   	-80.3   
597.2   	-77.65  
597.6   	-67.66  
598     	-30.28  
598.4   	43.48   
598.8   	35.53   
599.2   	19.32   
599.6   	1.433   
600     	-16.26  
600.4   	-35.02  
600.8   	-52.57  
601.2   	-64.59  
601.6   	-71.44  
602     	-75.25  
602.4   	-77.41  
602.8   	-78.69  
603.2   	-79.48  
603.6   	-79.99  
604     	-80.34  
604.4   	-80.57  
604.8   	-80.74  
605.2   	-80.86  
605.6   	-80.95  
606     	-81.02  
606.4   	-81.08  
606.8   	-81.12  
607.2   	-81.16  
607.6   	-81.19  
608     	-81.22  
608.4   	-81.24  
608.8   	-81.25  
609.2   	-81.26  
609.6   	-81.27  
610     	-81.27  
610.4   	-81.27  
610.8   	-81.25  
611.2   	-81.22  
611.6   	-81.19  
612     	-81.16  
612.4   	-81.12  
612.8   	-81.08  
613.2   	-81.04  
613.6   	-81.01  
614     	-80.98  
614.4   	-80.95  
614.8   	-80.93  
615.2   	-80.9   
615.6   	-80.86  
616     	-80.83  
616.4   	-80.79  
616.8   	-80.76  
617.2   	-80.73  
617.6   	-80.71  
618     	-80.69  
618.4   	-80.67  
618.8   	-80.66  
619.2   	-80.64  
619.6   	-80.63  
620     	-80.62  
620.4   	-80.6   
620.8   	-80.58  
621.2   	-80.57  
621.6   	-80.56  
622     	-80.54  
622.4   	-80.48  
622.8   	-80.21  
623.2   	-79.42  
623.6   	-76.8   
624     	-66.47  
624.4   	-26.44  
624.8   	43.68   
625.2   	34.85   
625.6   	18.46   
626     	0.5471  
626.4   	-17.18  
626.8   	-36.01  
627.2   	-53.41  
627.6   	-65.12  
628     	-71.76  
628.4   	-75.46  
628.8   	-77.56  
629.2   	-78.82  
629.6   	-79.6   
630     	-80.11  
630.4   	-80.46  
630.8   	-80.71  
631.2   	-80.9   
631.6   	-81.04  
632     	-81.16  
632.4   	-81.25  
632.8   	-81.33  
633.2   	-81.39  
633.6   	-81.44  
634     	-81.49  
634.4   	-81.53  
634.8   	-81.56  
635.2   	-81.58  
635.6   	-81.61  
636     	-81.63  
636.4   	-81.65  
636.8   	-81.67  
637.2   	-81.7   
637.6   	-81.72  
638     	-81.75  
638.4   	-81.77  
638.8   	-81.8   
639.2   	-81.83  
639.6   	-81.86  
640     	-81.89  
640.4   	-81.93  
640.8   	-81.96  
641.2   	-82     
641.6   	-82.04  
642     	-82.08  
642.4   	-82.12  
642.8   	-82.16  
643.2   	-82.2   
643.6   	-82.24  
644     	-82.27  
644.4   	-82.31  
644.8   	-82.34  
645.2   	-82.38  
645.6   	-82.4   
646     	-82.43  
646.4   	-82.45  
646.8   	-82.47  
647.2   	-82.49  
647.6   	-82.5   
648     	-82.52  
648.4   	-82.53  
648.8   	-82.55  
649.2   	-82.56  
649.6   	-82.58  
650     	-82.59  
650.4   	-82.6   
650.8   	-82.6   
651.2   	-82.6   
651.6   	-82.6   
652     	-82.6   
652.4   	-82.61  
652.8   	-82.61  
653.2   	-82.62  
653.6   	-82.63  
654     	-82.64  
654.4   	-82.66  
654.8   	-82.68  
655.2   	-82.69  
655.6   	-82.71  
656     	-82.73  
656.4   	-82.73  
656.8   	-82.74  
657.2   	-82.74  
657.6   	-82.74  
658     	-82.74  
658.4   	-82.74  
658.8   	-82.73  
659.2   	-82.73  
659.6   	-82.73  
660     	-82.73  
660.4   	-82.73  
660.8   	-82.73  
661.2   	-82.73  
661.6   	-82.73  
662     	-82.73  
662.4   	-82.72  
662.8   	-82.72  
663.2   	-82.71  
663.6   	-82.71  
664     	-82.7   
664.4   	-82.7   
664.8   	-82.69  
665.2   	-82.67  
665.6   	-82.64  
666     	-82.6   
666.4   	-82.55  
666.8   	-82.5   
667.2   	-82.45  
667.6   	-82.4   
668     	-82.35  
668.4   	-82.31  
668.8   	-82.27  
669.2   	-82.22  
669.6   	-82.16  
670     	-82.09  
670.4   	-82.03  
670.8   	-81.95  
671.2   	-81.88  
671.6   	-81.81  
672     	-81.75  
672.4   	-81.68  
672.8   	-81.62  
673.2   	-81.57  
673.6   	-81.52  
674     	-81.47  
674.4   	-81.43  
674.8   	-81.39  
675.2   	-81.36  
675.6   	-81.33  
676     	-81.31  
676.4   	-81.29  
676.8   	-81.28  
677.2   	-81.26  
677.6   	-81.24  
678     	-81.23  
678.4   	-81.22  
678.8   	-81.22  
679.2   	-81.22  
679.6   	-81.22  
680     	-81.22  
680.4   	-81.23  
680.8   	-81.23  
681.2   	-81.23  
681.6   	-81.23  
682     	-81.23  
682.4   	-81.24  
682.8   	-81.24  
683.2   	-81.24  
683.6   	-81.25  
684     	-81.27  
684.4   	-81.28  
684.8   	-81.29  
685.2   	-81.31  
685.6   	-81.33  
686     	-81.34  
686.4   	-81.36  
686.8   	-81.38  
687.2   	-81.4   
687.6   	-81.41  
688     	-81.42  
688.4   	-81.43  
688.8   	-81.43  
689.2   	-81.44  
689.6   	-81.45  
690     	-81.47  
690.4   	-81.48  
690.8   	-81.5   
691.2   	-81.53  
691.6   	-81.55  
692     	-81.58  
692.4   	-81.6   
692.8   	-81.61  
693.2   	-81.63  
693.6   	-81.64  
694     	-81.64  
694.4   	-81.63  
694.8   	-81.62  
695.2   	-81.61  
695.6   	-81.59  
696     	-81.57  
696.4   	-81.55  
696.8   	-81.53  
697.2   	-81.51  
697.6   	-81.49  
698     	-81.47  
698.4   	-81.45  
698.8   	-81.43  
699.2   	-81.42  
699.6   	-81.4   
700     	-81.37  
700.4   	-81.35  
700.8   	-81.33  
701.2   	-81.32  
701.6   	-81.3   
702     	-81.29  
702.4   	-81.28  
702.8   	-81.27  
703.2   	-81.27  
703.6   	-81.27  
704     	-81.27  
704.4   	-81.27  
704.8   	-81.27  
705.2   	-81.26  
705.6   	-81.25  
706     	-81.24  
706.4   	-81.22  
706.8   	-81.21  
707.2   	-81.2   
707.6   	-81.19  
708     	-81.18  
708.4   	-81.17  
708.8   	-81.16  
709.2   	-81.15  
709.6   	-81.14  
710     	-81.13  
710.4   	-81.13  
710.8   	-81.13  
711.2   	-81.14  
711.6   	-81.15  
712     	-81.16  
712.4   	-81.17  
712.8   	-81.18  
713.2   	-81.19  
713.6   	-81.19  
714     	-81.19  
714.4   	-81.18  
714.8   	-81.16  
715.2   	-81.15  
715.6   	-81.12  
716     	-81.04  
716.4   	-80.71  
716.8   	-79.83  
717.2   	-76.97  
717.6   	-65.96  
718     	-23.59  
718.4   	43.7    
718.8   	34.39   
719.2   	17.9    
719.6   	-0.01205
720     	-17.75  
720.4   	-36.59  
720.8   	-53.85  
721.2   	-65.35  
721.6   	-71.87  
722     	-75.5   
722.4   	-77.57  
722.8   	-78.79  
723.2   	-79.55  
723.6   	-80.04  
724     	-80.37  
724.4   	-80.61  
724.8   	-80.78  
725.2   	-80.9   
725.6   	-80.99  
726     	-81.07  
726.4   	-81.12  
726.8   	-81.17  
727.2   	-81.21  
727.6   	-81.24  
728     	-81.27  
728.4   	-81.3   
728.8   	-81.32  
729.2   	-81.33  
729.6   	-81.34  
730     	-81.35  
730.4   	-81.35  
730.8   	-81.35  
731.2   	-81.3   
731.6   	-81.06  
732     	-80.37  
732.4   	-78.41  
732.8   	-70.95  
733.2   	-43.17  
733.6   	41.29   
734     	38.4    
734.4   	23.11   
734.8   	5.307   
735.2   	-12.39  
735.6   	-30.91  
736     	-49.17  
736.4   	-62.55  
736.8   	-70.33  
737.2   	-74.65  
737.6   	-77.1   
738     	-78.53  
738.4   	-79.41  
738.8   	-79.98  
739.2   	-80.37  
739.6   	-80.65  
740     	-80.85  
740.4   	-81     
740.8   	-81.12  
741.2   	-81.22  
741.6   	-81.3   
742     	-81.36  
742.4   	-81.39  
742.8   	-81.41  
743.2   	-81.42  
743.6   	-81.41  
744     	-81.4   
744.4   	-81.39  
744.8   	-81.36  
745.2   	-81.34  
745.6   	-81.32  
746     	-81.3   
746.4   	-81.27  
746.8   	-81.26  
747.2   	-81.24  
747.6   	-81.22  
748     	-81.21  
748.4   	-81.19  
748.8   	-81.18  
749.2   	-81.17  
749.6   	-81.16  
750     	-81.14  
750.4   	-81.13  
750.8   	-81.11  
751.2   	-81.1   
751.6   	-81.09  
752     	-81.07  
752.4   	-81.06  
752.8   	-81.05  
753.2   	-81.04  
753.6   	-81.03  
754     	-81.03  
754.4   	-81.03  
754.8   	-81.04  
755.2   	-81.04  
755.6   	-81.05  
756     	-81.06  
756.4   	-81.07  
756.8   	-81.09  
757.2   	-81.11  
757.6   	-81.13  
758     	-81.15  
758.4   	-81.18  
758.8   	-81.21  
759.2   	-81.24  
759.6   	-81.27  
760     	-81.31  
760.4   	-81.34  
760.8   	-81.36  
761.2   	-81.38  
761.6   	-81.38  
762     	-81.39  
762.4   	-81.39  
762.8   	-81.39  
763.2   	-81.39  
763.6   	-81.39  
764     	-81.4   
764.4   	-81.41  
764.8   	-81.42  
765.2   	-81.42  
765.6   	-81.43  
766     	-81.44  
766.4   	-81.44  
766.8   	-81.38  
767.2   	-81.12  
767.6   	-80.39  
768     	-78.27  
768.4   	-70.23  
768.8   	-40.35  
769.2   	42.22   
769.6   	37.74   
770     	22.18   
770.4   	4.345   
770.8   	-13.34  
771.2   	-31.93  
771.6   	-50.05  
772     	-63.1   
772.4   	-70.63  
772.8   	-74.82  
773.2   	-77.19  
773.6   	-78.58  
774     	-79.44  
774.4   	-80     
774.8   	-80.38  
775.2   	-80.65  
775.6   	-80.85  
776     	-81     
776.4   	-81.12  
776.8   	-81.21  
777.2   	-81.29  
777.6   	-81.35  
778     	-81.4   
778.4   	-81.44  
778.8   	-81.48  
779.2   	-81.5   
779.6   	-81.52  
780     	-81.54  
780.4   	-81.55  
780.8   	-81.57  
781.2   	-81.58  
781.6   	-81.58  
782     	-81.57  
782.4   	-81.56  
782.8   	-81.55  
783.2   	-81.52  
783.6   	-81.49  
784     	-81.46  
784.4   	-81.43  
784.8   	-81.39  
785.2   	-81.35  
785.6   	-81.31  
786     	-81.26  
786.4   	-81.22  
786.8   	-81.19  
787.2   	-81.16  
787.6   	-81.13  
788     	-81.11  
788.4   	-81.08  
788.8   	-81.07  
789.2   	-81.05  
789.6   	-81.04  
790     	-81.02  
790.4   	-81.01  
790.8   	-80.99  
791.2   	-80.98  
791.6   	-80.97  
792     	-80.96  
792.4   	-80.95  
792.8   	-80.93  
793.2   	-80.91  
793.6   	-80.89  
794     	-80.86  
794.4   	-80.85  
794.8   	-80.83  
795.2   	-80.82  
795.6   	-80.81  
796     	-80.8   
796.4   	-80.79  
796.8   	-80.78  
797.2   	-80.76  
797.6   	-80.75  
798     	-80.74  
798.4   	-80.73  
798.8   	-80.73  
799.2   	-80.73  
799.6   	-80.72  
800     	-80.71  
800.4   	-80.69  
800.8   	-80.67  
801.2   	-80.66  
801.6   	-80.64  
802     	-80.61  
802.4   	-80.59  
802.8   	-80.56  
803.2   	-80.52  
803.6   	-80.43  
804     	-80.06  
804.4   	-79.03  
804.8   	-75.32  
805.2   	-60.63  
805.6   	3.884   
806     	43.05   
806.4   	31.08   
806.8   	13.98   
807.2   	-3.892  
807.6   	-21.79  
808     	-40.7   
808.4   	-56.94  
808.8   	-67.16  
809.2   	-72.89  
809.6   	-76.09  
810     	-77.92  
810.4   	-79.02  
810.8   	-79.7   
811.2   	-80.15  
811.6   	-80.45  
812     	-80.66  
812.4   	-80.81  
812.8   	-80.92  
813.2   	-81     
813.6   	-81.05  
814     	-81.09  
814.4   	-81.11  
814.8   	-81.12  
815.2   	-81.12  
815.6   	-81.13  
816     	-81.12  
816.4   	-81.12  
816.8   	-81.11  
817.2   	-81.1   
817.6   	-81.09  
818     	-81.08  
818.4   	-81.07  
818.8   	-81.05  
819.2   	-81.04  
819.6   	-81.01  
820     	-80.89  
820.4   	-80.46  
820.8   	-79.31  
821.2   	-75.21  
821.6   	-59.3   
822     	11.53   
822.4   	42.73   
822.8   	30.3    
823.2   	13.1    
823.6   	-4.75   
824     	-22.69  
824.4   	-41.58  
824.8   	-57.56  
825.2   	-67.5   
825.6   	-73.07  
826     	-76.18  
826.4   	-77.97  
826.8   	-79.04  
827.2   	-79.72  
827.6   	-80.17  
828     	-80.47  
828.4   	-80.69  
828.8   	-80.85  
829.2   	-80.97  
829.6   	-81.06  
830     	-81.12  
830.4   	-81.17  
830.8   	-81.2   
831.2   	-81.21  
831.6   	-81.21  
832     	-81.2   
832.4   	-81.19  
832.8   	-81.18  
833.2   	-81.17  
833.6   	-81.16  
834     	-81.16  
834.4   	-81.15  
834.8   	-81.15  
835.2   	-81.15  
835.6   	-81.15  
836     	-81.16  
836.4   	-81.16  
836.8   	-81.18  
837.2   	-81.19  
837.6   	-81.21  
838     	-81.23  
838.4   	-81.26  
838.8   	-81.28  
839.2   	-81.31  
839.6   	-81.34  
840     	-81.36  
840.4   	-81.38  
840.8   	-81.4   
841.2   	-81.42  
841.6   	-81.44  
842     	-81.45  
842.4   	-81.47  
842.8   	-81.49  
843.2   	-81.51  
843.6   	-81.53  
844     	-81.55  
844.4   	-81.58  
844.8   	-81.6   
845.2   	-81.62  
845.6   	-81.63  
846     	-81.64  
846.4   	-81.65  
846.8   	-81.66  
847.2   	-81.67  
847.6   	-81.69  
848     	-81.71  
848.4   	-81.73  
848.8   	-81.74  
849.2   	-81.76  
849.6   	-81.77  
850     	-81.78  
850.4   	-81.79  
850.8   	-81.79  
851.2   	-81.79  
851.6   	-81.8   
852     	-81.8   
852.4   	-81.8   
852.8   	-81.8   
853.2   	-81.79  
853.6   	-81.78  
854     	-81.76  
854.4   	-81.74  
854.8   	-81.73  
855.2   	-81.71  
855.6   	-81.69  
856     	-81.68  
856.4   	-81.66  
856.8   	-81.64  
857.2   	-81.62  
857.6   	-81.61  
858     	-81.59  
858.4   	-81.58  
858.8   	-81.58  
859.2   	-81.57  
859.6   	-81.57  
860     	-81.58  
860.4   	-81.59  
860.8   	-81.6   
861.2   	-81.62  
861.6   	-81.64  
862     	-81.65  
862.4   	-81.66  
862.8   	-81.67  
863.2   	-81.67  
863.6   	-81.68  
864     	-81.68  
864.4   	-81.68  
864.8   	-81.68  
865.2   	-81.68  
865.6   	-81.67  
866     	-81.67  
866.4   	-81.66  
866.8   	-81.65  
867.2   	-81.63  
867.6   	-81.62  
868     	-81.61  
868.4   	-81.61  
868.8   	-81.6   
869.2   	-81.6   
869.6   	-81.6   
870     	-81.6   
870.4   	-81.6   
870.8   	-81.6   
871.2   	-81.61  
871.6   	-81.61  
872     	-81.62  
872.4   	-81.63  
872.8   	-81.65  
873.2   	-81.66  
873.6   	-81.68  
874     	-81.69  
874.4   	-81.7   
874.8   	-81.72  
875.2   	-81.73  
875.6   	-81.74  
876     	-81.76  
876.4   	-81.77  
876.8   	-81.78  
877.2   	-81.79  
877.6   	-81.79  
878     	-81.8   
878.4   	-81.82  
878.8   	-81.83  
879.2   	-81.85  
879.6   	-81.87  
880     	-81.89  
880.4   	-81.92  
880.8   	-81.94  
881.2   	-81.97  
881.6   	-81.99  
882     	-82.02  
882.4   	-82.04  
882.8   	-82.07  
883.2   	-82.1   
883.6   	-82.12  
884     	-82.15  
884.4   	-82.16  
884.8   	-82.18  
885.2   	-82.19  
885.6   	-82.2   
886     	-82.2   
886.4   	-82.2   
886.8   	-82.2   
887.2   	-82.2   
887.6   	-82.19  
888     	-82.18  
888.4   	-82.17  
888.8   	-82.15  
889.2   	-82.14  
889.6   	-82.13  
890     	-82.12  
890.4   	-82.11  
890.8   	-82.1   
891.2   	-82.1   
891.6   	-82.09  
892     	-82.08  
892.4   	-82.07  
892.8   	-82.05  
893.2   	-82.03  
893.6   	-82     
894     	-81.98  
894.4   	-81.96  
894.8   	-81.95  
895.2   	-81.93  
895.6   	-81.91  
896     	-81.9   
896.4   	-81.88  
896.8   	-81.87  
897.2   	-81.87  
897.6   	-81.86  
898     	-81.86  
898.4   	-81.87  
898.8   	-81.87  
899.2   	-81.88  
899.6   	-81.89  
900     	-81.89  
900.4   	-81.89  
900.8   	-81.88  
901.2   	-81.86  
901.6   	-81.83  
902     	-81.79  
902.4   	-81.75  
902.8   	-81.71  
903.2   	-81.67  
903.6   	-81.63  
904     	-81.59  
904.4   	-81.56  
904.8   	-81.52  
905.2   	-81.48  
905.6   	-81.45  
906     	-81.43  
906.4   	-81.4   
906.8   	-81.36  
907.2   	-81.32  
907.6   	-81.27  
908     	-81.24  
908.4   	-81.2   
908.8   	-81.16  
909.2   	-81.12  
909.6   	-81.09  
910     	-81.06  
910.4   	-81.03  
910.8   	-81.01  
911.2   	-80.99  
911.6   	-80.98  
912     	-80.96  
912.4   	-80.95  
912.8   	-80.95  
913.2   	-80.95  
913.6   	-80.95  
914     	-80.95  
914.4   	-80.95  
914.8   	-80.95  
915.2   	-80.94  
915.6   	-80.92  
916     	-80.91  
916.4   	-80.89  
916.8   	-80.88  
917.2   	-80.87  
917.6   	-80.86  
918     	-80.85  
918.4   	-80.84  
918.8   	-80.83  
919.2   	-80.83  
919.6   	-80.83  
920     	-80.84  
920.4   	-80.85  
920.8   	-80.87  
921.2   	-80.89  
921.6   	-80.91  
922     	-80.94  
922.4   	-80.97  
922.8   	-80.99  
923.2   	-81.02  
923.6   	-81.05  
924     	-81.08  
924.4   	-81.11  
924.8   	-81.14  
925.2   	-81.18  
925.6   	-81.22  
926     	-81.26  
926.4   	-81.31  
926.8   	-81.35  
927.2   	-81.38  
927.6   	-81.41  
928     	-81.43  
928.4   	-81.44  
928.8   	-81.46  
929.2   	-81.47  
929.6   	-81.48  
930     	-81.48  
930.4   	-81.49  
930.8   	-81.5   
931.2   	-81.5   
931.6   	-81.51  
932     	-81.52  
932.4   	-81.53  
932.8   	-81.55  
933.2   	-81.56  
933.6   	-81.57  
934     	-81.59  
934.4   	-81.6   
934.8   	-81.6   
935.2   	-81.6   
935.6   	-81.6   
936     	-81.6   
936.4   	-81.59  
936.8   	-81.58  
937.2   	-81.56  
937.6   	-81.54  
938     	-81.52  
938.4   	-81.51  
938.8   	-81.48  
939.2   	-81.45  
939.6   	-81.41  
940     	-81.36  
940.4   	-81.32  
940.8   	-81.28  
941.2   	-81.24  
941.6   	-81.21  
942     	-81.17  
942.4   	-81.12  
942.8   	-81.08  
943.2   	-81.03  
943.6   	-80.98  
944     	-80.93  
944.4   	-80.87  
944.8   	-80.81  
945.2   	-80.75  
945.6   	-80.69  
946     	-80.63  
946.4   	-80.57  
946.8   	-80.5   
947.2   	-80.31  
947.6   	-79.73  
948     	-78.02  
948.4   	-71.28  
948.8   	-45.42  
949.2   	40.28   
949.6   	39      
950     	23.92   
950.4   	6.151   
950.8   	-11.54  
951.2   	-29.99  
951.6   	-48.36  
952     	-62.05  
952.4   	-70.05  
952.8   	-74.49  
953.2   	-77.01  
953.6   	-78.48  
954     	-79.38  
954.4   	-79.96  
954.8   	-80.35  
955.2   	-80.63  
955.6   	-80.83  
956     	-80.99  
956.4   	-81.11  
956.8   	-81.21  
957.2   	-81.29  
957.6   	-81.35  
958     	-81.4   
958.4   	-81.43  
958.8   	-81.46  
959.2   	-81.48  
959.6   	-81.49  
960     	-81.5   
960.4   	-81.5   
960.8   	-81.5   
961.2   	-81.5   
961.6   	-81.48  
962     	-81.46  
962.4   	-81.44  
962.8   	-81.41  
963.2   	-81.39  
963.6   	-81.37  
964     	-81.34  
964.4   	-81.31  
964.8   	-81.28  
965.2   	-81.25  
965.6   	-81.22  
966     	-81.2   
966.4   	-81.18  
966.8   	-81.17  
967.2   	-81.15  
967.6   	-81.14  
968     	-81.14  
968.4   	-81.13  
968.8   	-81.13  
969.2   	-81.13  
969.6   	-81.13  
970     	-81.12  
970.4   	-81.11  
970.8   	-81.1   
971.2   	-81.1   
971.6   	-81.1   
972     	-81.1   
972.4   	-81.1   
972.8   	-81.09  
973.2   	-81.09  
973.6   	-81.06  
974     	-81.03  
974.4   	-80.99  
974.8   	-80.96  
975.2   	-80.92  
975.6   	-80.88  
976     	-80.85  
976.4   	-80.82  
976.8   	-80.78  
977.2   	-80.68  
977.6   	-80.32  
978     	-79.36  
978.4   	-76.07  
978.8   	-63.16  
979.2   	-10.35  
979.6   	43.45   
980     	32.52   
980.4   	15.66   
980.8   	-2.215  
981.2   	-20     
981.6   	-38.87  
982     	-55.56  
982.4   	-66.35  
982.8   	-72.42  
983.2   	-75.81  
983.6   	-77.75  
984     	-78.91  
984.4   	-79.64  
984.8   	-80.11  
985.2   	-80.43  
985.6   	-80.66  
986     	-80.83  
986.4   	-80.95  
986.8   	-81.05  
987.2   	-81.13  
987.6   	-81.2   
988     	-81.25  
988.4   	-81.29  
988.8   	-81.32  
989.2   	-81.33  
989.6   	-81.35  
990     	-81.36  
990.4   	-81.36  
990.8   	-81.37  
991.2   	-81.37  
991.6   	-81.37  
992     	-81.36  
992.4   	-81.36  
992.8   	-81.36  
993.2   	-81.36  
993.6   	-81.35  
994     	-81.35  
994.4   	-81.34  
994.8   	-81.34  
995.2   	-81.34  
995.6   	-81.34  
996     	-81.35  
996.4   	-81.36  
996.8   	-81.37  
997.2   	-81.38  
997.6   	-81.4   
998     	-81.41  
998.4   	-81.41  
998.8   	-81.41  
999.2   	-81.41  
999.6   	-81.41  
