
SWEPT_VAR_1 = 1.550000000000000e+02    // Bio: Soma \ morphology \ PARAMETER \ diam (um)

t	s.v( 0.05 )
ms	mV
0       	-64.65  
0.1     	-64.73  
0.2     	-64.77  
0.3     	-64.79  
0.4     	-64.82  
0.5     	-64.84  
0.6     	-64.86  
0.7     	-64.87  
0.8     	-64.89  
0.9     	-64.9   
1       	-64.92  
1.1     	-64.93  
1.2     	-64.94  
1.3     	-64.95  
1.4     	-64.97  
1.5     	-64.98  
1.6     	-64.99  
1.7     	-65     
1.8     	-65.01  
1.9     	-65.01  
2       	-65.02  
2.1     	-63.2   
2.2     	-57.55  
2.3     	-50.76  
2.4     	-43.7   
2.5     	-33.44  
2.6     	-0.4828 
2.7     	39.1    
2.8     	44.73   
2.9     	43.7    
3       	41.23   
3.1     	38.25   
3.2     	34.97   
3.3     	31.47   
3.4     	27.78   
3.5     	23.93   
3.6     	19.98   
3.7     	15.95   
3.8     	11.89   
3.9     	7.829   
4       	3.812   
4.1     	-0.1262 
4.2     	-3.954  
4.3     	-7.646  
4.4     	-11.18  
4.5     	-14.54  
4.6     	-17.67  
4.7     	-20.54  
4.8     	-23.15  
4.9     	-25.49  
5       	-27.58  
5.1     	-29.41  
5.2     	-31.01  
5.3     	-32.39  
5.4     	-33.56  
5.5     	-34.54  
5.6     	-35.36  
5.7     	-36.03  
5.8     	-36.57  
5.9     	-37.01  
6       	-37.35  
6.1     	-37.6   
6.2     	-37.79  
6.3     	-37.91  
6.4     	-37.98  
6.5     	-38     
6.6     	-37.98  
6.7     	-37.92  
6.8     	-37.83  
6.9     	-37.71  
7       	-37.56  
7.1     	-37.39  
7.2     	-37.19  
7.3     	-36.98  
7.4     	-36.75  
7.5     	-36.5   
7.6     	-36.24  
7.7     	-35.98  
7.8     	-35.7   
7.9     	-35.42  
8       	-35.14  
8.1     	-34.86  
8.2     	-34.59  
8.3     	-34.33  
8.4     	-34.09  
8.5     	-33.86  
8.6     	-33.64  
8.7     	-33.46  
8.8     	-33.29  
8.9     	-33.16  
9       	-33.05  
9.1     	-32.97  
9.2     	-32.91  
9.3     	-32.88  
9.4     	-32.88  
9.5     	-32.89  
9.6     	-32.92  
9.7     	-32.97  
9.8     	-33.04  
9.9     	-33.11  
10      	-33.19  
10.1    	-33.27  
10.2    	-33.36  
10.3    	-33.44  
10.4    	-33.53  
10.5    	-33.61  
10.6    	-33.68  
10.7    	-33.75  
10.8    	-33.81  
10.9    	-33.87  
11      	-33.91  
11.1    	-33.94  
11.2    	-33.97  
11.3    	-33.99  
11.4    	-33.99  
11.5    	-33.99  
11.6    	-33.98  
11.7    	-33.97  
11.8    	-33.94  
11.9    	-33.91  
12      	-33.87  
12.1    	-32.96  
12.2    	-30.32  
12.3    	-27.31  
12.4    	-24.56  
12.5    	-22.28  
12.6    	-20.57  
12.7    	-19.38  
12.8    	-18.63  
12.9    	-18.23  
13      	-18.08  
13.1    	-18.1   
13.2    	-18.25  
13.3    	-18.47  
13.4    	-18.74  
13.5    	-19.03  
13.6    	-19.32  
13.7    	-19.62  
13.8    	-19.9   
13.9    	-20.17  
14      	-20.43  
14.1    	-20.66  
14.2    	-20.89  
14.3    	-21.09  
14.4    	-21.28  
14.5    	-21.46  
14.6    	-21.62  
14.7    	-21.78  
14.8    	-21.92  
14.9    	-22.05  
15      	-22.17  
15.1    	-22.29  
15.2    	-22.4   
15.3    	-22.5   
15.4    	-22.6   
15.5    	-22.7   
15.6    	-22.79  
15.7    	-22.88  
15.8    	-22.96  
15.9    	-23.04  
16      	-23.12  
16.1    	-23.2   
16.2    	-23.28  
16.3    	-23.35  
16.4    	-23.43  
16.5    	-23.5   
16.6    	-23.57  
16.7    	-23.64  
16.8    	-23.71  
16.9    	-23.77  
17      	-23.84  
17.1    	-23.91  
17.2    	-23.97  
17.3    	-24.04  
17.4    	-24.1   
17.5    	-24.17  
17.6    	-24.23  
17.7    	-24.29  
17.8    	-24.36  
17.9    	-24.42  
18      	-24.48  
18.1    	-24.54  
18.2    	-24.6   
18.3    	-24.66  
18.4    	-24.72  
18.5    	-24.78  
18.6    	-24.84  
18.7    	-24.9   
18.8    	-24.96  
18.9    	-25.01  
19      	-25.07  
19.1    	-25.13  
19.2    	-25.18  
19.3    	-25.24  
19.4    	-25.3   
19.5    	-25.35  
19.6    	-25.4   
19.7    	-25.46  
19.8    	-25.51  
19.9    	-25.57  
20      	-25.62  
20.1    	-25.67  
20.2    	-25.72  
20.3    	-25.77  
20.4    	-25.83  
20.5    	-25.88  
20.6    	-25.93  
20.7    	-25.98  
20.8    	-26.02  
20.9    	-26.07  
21      	-26.12  
21.1    	-26.17  
21.2    	-26.22  
21.3    	-26.26  
21.4    	-26.31  
21.5    	-26.36  
21.6    	-26.4   
21.7    	-26.45  
21.8    	-26.49  
21.9    	-26.54  
22      	-26.58  
22.1    	-25.94  
22.2    	-24     
22.3    	-21.86  
22.4    	-20.01  
22.5    	-18.54  
22.6    	-17.44  
22.7    	-16.63  
22.8    	-16.05  
22.9    	-15.65  
23      	-15.39  
23.1    	-15.23  
23.2    	-15.15  
23.3    	-15.13  
23.4    	-15.14  
23.5    	-15.19  
23.6    	-15.26  
23.7    	-15.35  
23.8    	-15.44  
23.9    	-15.55  
24      	-15.66  
24.1    	-15.77  
24.2    	-15.89  
24.3    	-16.01  
24.4    	-16.13  
24.5    	-16.25  
24.6    	-16.36  
24.7    	-16.48  
24.8    	-16.6   
24.9    	-16.72  
25      	-16.83  
25.1    	-16.95  
25.2    	-17.06  
25.3    	-17.18  
25.4    	-17.29  
25.5    	-17.4   
25.6    	-17.52  
25.7    	-17.63  
25.8    	-17.74  
25.9    	-17.85  
26      	-17.96  
26.1    	-18.07  
26.2    	-18.18  
26.3    	-18.29  
26.4    	-18.39  
26.5    	-18.5   
26.6    	-18.61  
26.7    	-18.72  
26.8    	-18.82  
26.9    	-18.93  
27      	-19.03  
27.1    	-19.14  
27.2    	-19.24  
27.3    	-19.35  
27.4    	-19.45  
27.5    	-19.55  
27.6    	-19.66  
27.7    	-19.76  
27.8    	-19.86  
27.9    	-19.96  
28      	-20.06  
28.1    	-20.16  
28.2    	-20.26  
28.3    	-20.36  
28.4    	-20.46  
28.5    	-20.56  
28.6    	-20.66  
28.7    	-20.76  
28.8    	-20.85  
28.9    	-20.95  
29      	-21.05  
29.1    	-21.14  
29.2    	-21.24  
29.3    	-21.33  
29.4    	-21.43  
29.5    	-21.52  
29.6    	-21.61  
29.7    	-21.7   
29.8    	-21.8   
29.9    	-21.89  
30      	-21.98  
30.1    	-22.07  
30.2    	-22.16  
30.3    	-22.25  
30.4    	-22.33  
30.5    	-22.42  
30.6    	-22.51  
30.7    	-22.6   
30.8    	-22.68  
30.9    	-22.77  
31      	-22.85  
31.1    	-22.93  
31.2    	-23.02  
31.3    	-23.1   
31.4    	-23.18  
31.5    	-23.26  
31.6    	-23.34  
31.7    	-23.42  
31.8    	-23.5   
31.9    	-23.58  
32      	-23.66  
32.1    	-23.13  
32.2    	-21.44  
32.3    	-19.57  
32.4    	-17.96  
32.5    	-16.69  
32.6    	-15.72  
32.7    	-15.01  
32.8    	-14.5   
32.9    	-14.14  
33      	-13.9   
33.1    	-13.75  
33.2    	-13.67  
33.3    	-13.64  
33.4    	-13.65  
33.5    	-13.69  
33.6    	-13.75  
33.7    	-13.83  
33.8    	-13.92  
33.9    	-14.02  
34      	-14.12  
34.1    	-14.23  
34.2    	-14.35  
34.3    	-14.46  
34.4    	-14.58  
34.5    	-14.7   
34.6    	-14.83  
34.7    	-14.95  
34.8    	-15.07  
34.9    	-15.19  
35      	-15.31  
35.1    	-15.43  
35.2    	-15.56  
35.3    	-15.68  
35.4    	-15.8   
35.5    	-15.92  
35.6    	-16.04  
35.7    	-16.16  
35.8    	-16.28  
35.9    	-16.4   
36      	-16.52  
36.1    	-16.63  
36.2    	-16.75  
36.3    	-16.87  
36.4    	-16.99  
36.5    	-17.1   
36.6    	-17.22  
36.7    	-17.34  
36.8    	-17.45  
36.9    	-17.57  
37      	-17.68  
37.1    	-17.8   
37.2    	-17.91  
37.3    	-18.03  
37.4    	-18.14  
37.5    	-18.25  
37.6    	-18.37  
37.7    	-18.48  
37.8    	-18.59  
37.9    	-18.7   
38      	-18.81  
38.1    	-18.92  
38.2    	-19.03  
38.3    	-19.14  
38.4    	-19.25  
38.5    	-19.36  
38.6    	-19.47  
38.7    	-19.58  
38.8    	-19.68  
38.9    	-19.79  
39      	-19.9   
39.1    	-20     
39.2    	-20.11  
39.3    	-20.21  
39.4    	-20.31  
39.5    	-20.42  
39.6    	-20.52  
39.7    	-20.62  
39.8    	-20.72  
39.9    	-20.82  
40      	-20.93  
40.1    	-21.03  
40.2    	-21.12  
40.3    	-21.22  
40.4    	-21.32  
40.5    	-21.42  
40.6    	-21.52  
40.7    	-21.61  
40.8    	-21.71  
40.9    	-21.8   
41      	-21.9   
41.1    	-21.99  
41.2    	-22.08  
41.3    	-22.17  
41.4    	-22.27  
41.5    	-22.36  
41.6    	-22.45  
41.7    	-22.54  
41.8    	-22.62  
41.9    	-22.71  
42      	-22.8   
42.1    	-22.3   
42.2    	-20.69  
42.3    	-18.9   
42.4    	-17.36  
42.5    	-16.14  
42.6    	-15.22  
42.7    	-14.54  
42.8    	-14.05  
42.9    	-13.71  
43      	-13.49  
43.1    	-13.35  
43.2    	-13.27  
43.3    	-13.25  
43.4    	-13.26  
43.5    	-13.3   
43.6    	-13.36  
43.7    	-13.44  
43.8    	-13.53  
43.9    	-13.63  
44      	-13.74  
44.1    	-13.85  
44.2    	-13.97  
44.3    	-14.08  
44.4    	-14.2   
44.5    	-14.33  
44.6    	-14.45  
44.7    	-14.57  
44.8    	-14.69  
44.9    	-14.82  
45      	-14.94  
45.1    	-15.06  
45.2    	-15.19  
45.3    	-15.31  
45.4    	-15.43  
45.5    	-15.55  
45.6    	-15.68  
45.7    	-15.8   
45.8    	-15.92  
45.9    	-16.04  
46      	-16.16  
46.1    	-16.28  
46.2    	-16.4   
46.3    	-16.52  
46.4    	-16.64  
46.5    	-16.76  
46.6    	-16.88  
46.7    	-17     
46.8    	-17.12  
46.9    	-17.23  
47      	-17.35  
47.1    	-17.47  
47.2    	-17.58  
47.3    	-17.7   
47.4    	-17.82  
47.5    	-17.93  
47.6    	-18.05  
47.7    	-18.16  
47.8    	-18.27  
47.9    	-18.39  
48      	-18.5   
48.1    	-18.61  
48.2    	-18.73  
48.3    	-18.84  
48.4    	-18.95  
48.5    	-19.06  
48.6    	-19.17  
48.7    	-19.28  
48.8    	-19.39  
48.9    	-19.5   
49      	-19.61  
49.1    	-19.71  
49.2    	-19.82  
49.3    	-19.93  
49.4    	-20.03  
49.5    	-20.14  
49.6    	-20.24  
49.7    	-20.35  
49.8    	-20.45  
49.9    	-20.56  
50      	-20.66  
50.1    	-20.76  
50.2    	-20.86  
50.3    	-20.96  
50.4    	-21.06  
50.5    	-21.16  
50.6    	-21.26  
50.7    	-21.36  
50.8    	-21.46  
50.9    	-21.56  
51      	-21.65  
51.1    	-21.75  
51.2    	-21.84  
51.3    	-21.94  
51.4    	-22.03  
51.5    	-22.12  
51.6    	-22.22  
51.7    	-22.31  
51.8    	-22.4   
51.9    	-22.49  
52      	-22.58  
52.1    	-22.09  
52.2    	-20.49  
52.3    	-18.73  
52.4    	-17.21  
52.5    	-16.01  
52.6    	-15.1   
52.7    	-14.43  
52.8    	-13.95  
52.9    	-13.61  
53      	-13.39  
53.1    	-13.25  
53.2    	-13.18  
53.3    	-13.16  
53.4    	-13.17  
53.5    	-13.21  
53.6    	-13.28  
53.7    	-13.36  
53.8    	-13.45  
53.9    	-13.55  
54      	-13.66  
54.1    	-13.77  
54.2    	-13.88  
54.3    	-14     
54.4    	-14.12  
54.5    	-14.24  
54.6    	-14.37  
54.7    	-14.49  
54.8    	-14.61  
54.9    	-14.74  
55      	-14.86  
55.1    	-14.98  
55.2    	-15.11  
55.3    	-15.23  
55.4    	-15.35  
55.5    	-15.47  
55.6    	-15.6   
55.7    	-15.72  
55.8    	-15.84  
55.9    	-15.96  
56      	-16.08  
56.1    	-16.2   
56.2    	-16.32  
56.3    	-16.45  
56.4    	-16.56  
56.5    	-16.68  
56.6    	-16.8   
56.7    	-16.92  
56.8    	-17.04  
56.9    	-17.16  
57      	-17.28  
57.1    	-17.39  
57.2    	-17.51  
57.3    	-17.63  
57.4    	-17.74  
57.5    	-17.86  
57.6    	-17.97  
57.7    	-18.09  
57.8    	-18.2   
57.9    	-18.32  
58      	-18.43  
58.1    	-18.54  
58.2    	-18.66  
58.3    	-18.77  
58.4    	-18.88  
58.5    	-18.99  
58.6    	-19.1   
58.7    	-19.21  
58.8    	-19.32  
58.9    	-19.43  
59      	-19.54  
59.1    	-19.65  
59.2    	-19.76  
59.3    	-19.86  
59.4    	-19.97  
59.5    	-20.07  
59.6    	-20.18  
59.7    	-20.29  
59.8    	-20.39  
59.9    	-20.49  
60      	-20.6   
60.1    	-20.7   
60.2    	-20.8   
60.3    	-20.9   
60.4    	-21     
60.5    	-21.1   
60.6    	-21.2   
60.7    	-21.3   
60.8    	-21.4   
60.9    	-21.5   
61      	-21.59  
61.1    	-21.69  
61.2    	-21.79  
61.3    	-21.88  
61.4    	-21.98  
61.5    	-22.07  
61.6    	-22.16  
61.7    	-22.25  
61.8    	-22.35  
61.9    	-22.44  
62      	-22.53  
62.1    	-22.04  
62.2    	-20.45  
62.3    	-18.69  
62.4    	-17.17  
62.5    	-15.98  
62.6    	-15.07  
62.7    	-14.4   
62.8    	-13.93  
62.9    	-13.59  
63      	-13.37  
63.1    	-13.24  
63.2    	-13.16  
63.3    	-13.14  
63.4    	-13.16  
63.5    	-13.2   
63.6    	-13.26  
63.7    	-13.34  
63.8    	-13.43  
63.9    	-13.53  
64      	-13.64  
64.1    	-13.75  
64.2    	-13.87  
64.3    	-13.99  
64.4    	-14.11  
64.5    	-14.23  
64.6    	-14.35  
64.7    	-14.47  
64.8    	-14.6   
64.9    	-14.72  
65      	-14.84  
65.1    	-14.97  
65.2    	-15.09  
65.3    	-15.21  
65.4    	-15.34  
65.5    	-15.46  
65.6    	-15.58  
65.7    	-15.7   
65.8    	-15.83  
65.9    	-15.95  
66      	-16.07  
66.1    	-16.19  
66.2    	-16.31  
66.3    	-16.43  
66.4    	-16.55  
66.5    	-16.67  
66.6    	-16.79  
66.7    	-16.91  
66.8    	-17.03  
66.9    	-17.14  
67      	-17.26  
67.1    	-17.38  
67.2    	-17.5   
67.3    	-17.61  
67.4    	-17.73  
67.5    	-17.84  
67.6    	-17.96  
67.7    	-18.07  
67.8    	-18.19  
67.9    	-18.3   
68      	-18.42  
68.1    	-18.53  
68.2    	-18.64  
68.3    	-18.75  
68.4    	-18.87  
68.5    	-18.98  
68.6    	-19.09  
68.7    	-19.2   
68.8    	-19.31  
68.9    	-19.42  
69      	-19.53  
69.1    	-19.63  
69.2    	-19.74  
69.3    	-19.85  
69.4    	-19.96  
69.5    	-20.06  
69.6    	-20.17  
69.7    	-20.27  
69.8    	-20.38  
69.9    	-20.48  
70      	-20.58  
70.1    	-20.69  
70.2    	-20.79  
70.3    	-20.89  
70.4    	-20.99  
70.5    	-21.09  
70.6    	-21.19  
70.7    	-21.29  
70.8    	-21.39  
70.9    	-21.49  
71      	-21.58  
71.1    	-21.68  
71.2    	-21.77  
71.3    	-21.87  
71.4    	-21.96  
71.5    	-22.06  
71.6    	-22.15  
71.7    	-22.24  
71.8    	-22.33  
71.9    	-22.42  
72      	-22.51  
72.1    	-22.03  
72.2    	-20.44  
72.3    	-18.68  
72.4    	-17.17  
72.5    	-15.97  
72.6    	-15.06  
72.7    	-14.4   
72.8    	-13.92  
72.9    	-13.59  
73      	-13.37  
73.1    	-13.23  
73.2    	-13.16  
73.3    	-13.14  
73.4    	-13.16  
73.5    	-13.2   
73.6    	-13.26  
73.7    	-13.34  
73.8    	-13.43  
73.9    	-13.53  
74      	-13.64  
74.1    	-13.75  
74.2    	-13.87  
74.3    	-13.99  
74.4    	-14.11  
74.5    	-14.23  
74.6    	-14.35  
74.7    	-14.47  
74.8    	-14.6   
74.9    	-14.72  
75      	-14.84  
75.1    	-14.97  
75.2    	-15.09  
75.3    	-15.21  
75.4    	-15.34  
75.5    	-15.46  
75.6    	-15.58  
75.7    	-15.7   
75.8    	-15.83  
75.9    	-15.95  
76      	-16.07  
76.1    	-16.19  
76.2    	-16.31  
76.3    	-16.43  
76.4    	-16.55  
76.5    	-16.67  
76.6    	-16.79  
76.7    	-16.91  
76.8    	-17.03  
76.9    	-17.14  
77      	-17.26  
77.1    	-17.38  
77.2    	-17.5   
77.3    	-17.61  
77.4    	-17.73  
77.5    	-17.84  
77.6    	-17.96  
77.7    	-18.07  
77.8    	-18.19  
77.9    	-18.3   
78      	-18.42  
78.1    	-18.53  
78.2    	-18.64  
78.3    	-18.75  
78.4    	-18.86  
78.5    	-18.98  
78.6    	-19.09  
78.7    	-19.2   
78.8    	-19.31  
78.9    	-19.42  
79      	-19.52  
79.1    	-19.63  
79.2    	-19.74  
79.3    	-19.85  
79.4    	-19.95  
79.5    	-20.06  
79.6    	-20.17  
79.7    	-20.27  
79.8    	-20.37  
79.9    	-20.48  
80      	-20.58  
80.1    	-20.68  
80.2    	-20.79  
80.3    	-20.89  
80.4    	-20.99  
80.5    	-21.09  
80.6    	-21.19  
80.7    	-21.29  
80.8    	-21.39  
80.9    	-21.48  
81      	-21.58  
81.1    	-21.68  
81.2    	-21.77  
81.3    	-21.87  
81.4    	-21.96  
81.5    	-22.05  
81.6    	-22.15  
81.7    	-22.24  
81.8    	-22.33  
81.9    	-22.42  
82      	-22.51  
82.1    	-22.03  
82.2    	-20.43  
82.3    	-18.68  
82.4    	-17.16  
82.5    	-15.97  
82.6    	-15.06  
82.7    	-14.4   
82.8    	-13.92  
82.9    	-13.59  
83      	-13.37  
83.1    	-13.24  
83.2    	-13.16  
83.3    	-13.14  
83.4    	-13.16  
83.5    	-13.2   
83.6    	-13.26  
83.7    	-13.34  
83.8    	-13.43  
83.9    	-13.54  
84      	-13.64  
84.1    	-13.75  
84.2    	-13.87  
84.3    	-13.99  
84.4    	-14.11  
84.5    	-14.23  
84.6    	-14.35  
84.7    	-14.47  
84.8    	-14.6   
84.9    	-14.72  
85      	-14.85  
85.1    	-14.97  
85.2    	-15.09  
85.3    	-15.21  
85.4    	-15.34  
85.5    	-15.46  
85.6    	-15.58  
85.7    	-15.7   
85.8    	-15.83  
85.9    	-15.95  
86      	-16.07  
86.1    	-16.19  
86.2    	-16.31  
86.3    	-16.43  
86.4    	-16.55  
86.5    	-16.67  
86.6    	-16.79  
86.7    	-16.91  
86.8    	-17.03  
86.9    	-17.14  
87      	-17.26  
87.1    	-17.38  
87.2    	-17.5   
87.3    	-17.61  
87.4    	-17.73  
87.5    	-17.84  
87.6    	-17.96  
87.7    	-18.07  
87.8    	-18.19  
87.9    	-18.3   
88      	-18.42  
88.1    	-18.53  
88.2    	-18.64  
88.3    	-18.75  
88.4    	-18.87  
88.5    	-18.98  
88.6    	-19.09  
88.7    	-19.2   
88.8    	-19.31  
88.9    	-19.42  
89      	-19.52  
89.1    	-19.63  
89.2    	-19.74  
89.3    	-19.85  
89.4    	-19.95  
89.5    	-20.06  
89.6    	-20.17  
89.7    	-20.27  
89.8    	-20.38  
89.9    	-20.48  
90      	-20.58  
90.1    	-20.68  
90.2    	-20.79  
90.3    	-20.89  
90.4    	-20.99  
90.5    	-21.09  
90.6    	-21.19  
90.7    	-21.29  
90.8    	-21.39  
90.9    	-21.48  
91      	-21.58  
91.1    	-21.68  
91.2    	-21.77  
91.3    	-21.87  
91.4    	-21.96  
91.5    	-22.05  
91.6    	-22.15  
91.7    	-22.24  
91.8    	-22.33  
91.9    	-22.42  
92      	-22.51  
92.1    	-22.03  
92.2    	-20.43  
92.3    	-18.68  
92.4    	-17.16  
92.5    	-15.97  
92.6    	-15.06  
92.7    	-14.4   
92.8    	-13.92  
92.9    	-13.59  
93      	-13.37  
93.1    	-13.24  
93.2    	-13.17  
93.3    	-13.14  
93.4    	-13.16  
93.5    	-13.2   
93.6    	-13.26  
93.7    	-13.34  
93.8    	-13.44  
93.9    	-13.54  
94      	-13.64  
94.1    	-13.76  
94.2    	-13.87  
94.3    	-13.99  
94.4    	-14.11  
94.5    	-14.23  
94.6    	-14.35  
94.7    	-14.48  
94.8    	-14.6   
94.9    	-14.72  
95      	-14.85  
95.1    	-14.97  
95.2    	-15.09  
95.3    	-15.22  
95.4    	-15.34  
95.5    	-15.46  
95.6    	-15.58  
95.7    	-15.71  
95.8    	-15.83  
95.9    	-15.95  
96      	-16.07  
96.1    	-16.19  
96.2    	-16.31  
96.3    	-16.43  
96.4    	-16.55  
96.5    	-16.67  
96.6    	-16.79  
96.7    	-16.91  
96.8    	-17.03  
96.9    	-17.14  
97      	-17.26  
97.1    	-17.38  
97.2    	-17.5   
97.3    	-17.61  
97.4    	-17.73  
97.5    	-17.84  
97.6    	-17.96  
97.7    	-18.07  
97.8    	-18.19  
97.9    	-18.3   
98      	-18.42  
98.1    	-18.53  
98.2    	-18.64  
98.3    	-18.75  
98.4    	-18.87  
98.5    	-18.98  
98.6    	-19.09  
98.7    	-19.2   
98.8    	-19.31  
98.9    	-19.42  
99      	-19.53  
99.1    	-19.63  
99.2    	-19.74  
99.3    	-19.85  
99.4    	-19.95  
99.5    	-20.06  
99.6    	-20.17  
99.7    	-20.27  
99.8    	-20.38  
99.9    	-20.48  
100     	-20.58  
