
SWEPT_VAR_1 = 25.0    // Syn: Source PP \ NetStim \ PARAMETER \ interval (ms)

t
ms
loc = s( 0.55 )
thresh = 0.0 (mV)
9.7     
20.4    
30.1    
41.3    
52.6    
63.4    
73.6    
85      
95.8    
106.2   
116.5   
133.8   
144.4   
155.8   
166.3   
177.5   
187.9   
198.1   
208.9   
220.4   
231.8   
241.7   
256     
266.6   
285.8   
299.9   
310.8   
327.5   
342.6   
353.3   
363.6   
381.9   
397.5   
409     
426.1   
436.8   
448.8   
459.3   
469.3   
479.6   
490.2   
501.2   
511     
521.4   
532.1   
542.7   
553.8   
564.1   
575.6   
592.1   
602.8   
620.5   
669.5   
684.2   
703.7   
730.9   
748.9   
760.8   
771.5   
781.7   
794.9   
805.2   
816.5   
828.5   
842.6   
853     
863.2   
873.8   
884.3   
895.4   
906.4   
917     
932.1   
943.1   
961.5   
972.6   
990.6   
