
SWEPT_VAR_1 = 5.0    // Syn: Source PP \ NetStim \ PARAMETER \ interval (ms)

t
ms
loc = s( 0.55 )
thresh = 0.0 (mV)
6.8     
20.2    
32.1    
44.1    
55.7    
67.6    
79.6    
91.4    
103.5   
115.1   
126.4   
138.4   
150.6   
162.1   
173.8   
185.7   
197.7   
209.8   
221.1   
233.3   
244.7   
256.6   
268.1   
279.9   
291.9   
303.9   
315.5   
327.8   
340.4   
352.3   
364.6   
376.8   
388.7   
401.7   
413.5   
425.7   
438.2   
450.9   
463.2   
475.1   
486.7   
499.8   
511.8   
523.4   
535.9   
547.9   
560.5   
573.2   
585     
596.3   
608.3   
620.3   
632.7   
644.7   
657.1   
668.8   
679.9   
691.4   
703.7   
715.9   
728.5   
740.8   
752.5   
765     
777.2   
789.3   
802.2   
815.7   
827.6   
839.6   
852     
864.5   
876.7   
888.6   
900.6   
913.5   
927.5   
939.8   
951.6   
963.4   
975     
987     
999.2   
