
SWEPT_VAR_1 = 55.0    // Syn: Source PP \ NetStim \ PARAMETER \ interval (ms)

t
ms
loc = s( 0.55 )
thresh = 0.0 (mV)
18.9    
39.7    
70.4    
82.4    
99.3    
113.2   
141.8   
152.7   
163.5   
185     
213     
232.3   
294.5   
308.4   
346.3   
363.6   
391.7   
408.5   
427.3   
443.9   
454     
468.3   
494.3   
508.2   
525.7   
556.3   
582.6   
618.9   
633.9   
647.4   
659.7   
672.7   
684.8   
696     
715.1   
725.3   
742.9   
755.6   
770.7   
796.7   
812.8   
832.8   
843.9   
856.9   
882.2   
895.8   
907.8   
919.3   
931.3   
947.6   
968     
981.5   
997.7   
