
SWEPT_VAR_1 = 45.0    // Syn: Source PP \ NetStim \ PARAMETER \ interval (ms)

t
ms
loc = s( 0.55 )
thresh = 0.0 (mV)
11.2    
25.6    
37      
48.7    
59.4    
77.6    
88.4    
100.7   
111.4   
123.8   
136.1   
148.2   
159.7   
170.9   
184.5   
197.6   
212.1   
224.1   
249.1   
263.7   
275.6   
286.6   
299     
313.7   
324.4   
335.1   
349.8   
364.3   
378.9   
393.8   
408     
418.1   
431.3   
443     
456.4   
484.8   
504.1   
520.3   
531.4   
543.4   
556.5   
568.1   
579.9   
591     
604.8   
617.5   
630.2   
644.2   
654.7   
666.4   
677.5   
690.8   
703.4   
715.1   
729.7   
740.6   
753.2   
768.9   
780.8   
792.3   
810.5   
824.1   
837.8   
848.9   
863.7   
876.4   
891.4   
912     
924.4   
936.3   
950.4   
963.8   
977.7   
993.1   
