
SWEPT_VAR_1 = 35.0    // Syn: Source PP \ NetStim \ PARAMETER \ interval (ms)

t
ms
loc = s( 0.55 )
thresh = 0.0 (mV)
14.7    
33.5    
44      
58.5    
71      
81.4    
92.2    
102.1   
113.1   
125.4   
135.9   
147.8   
159.2   
169.4   
184     
197.6   
207.8   
221.3   
231.3   
240.8   
252.2   
262.7   
273.1   
284.7   
295.8   
307.4   
317.3   
327.6   
337.7   
348.6   
359.2   
371.9   
384.4   
394.8   
406     
419.4   
430.3   
442.3   
454.1   
467.6   
479.5   
490.8   
506.8   
519.8   
533.1   
549.2   
562     
577     
586.5   
597.2   
609.1   
619.7   
629.9   
640.5   
651.2   
662.1   
675     
685.4   
696.1   
708.4   
720.1   
734.2   
745.5   
756     
769.1   
780.2   
793.5   
805.9   
821.6   
834.5   
847.3   
857.4   
873.3   
886.4   
899.6   
910.7   
920.7   
932.7   
944.7   
957.7   
972.9   
983.6   
996     
