
SWEPT_VAR_1 = 15.0    // Syn: Source PP \ NetStim \ PARAMETER \ interval (ms)

t
ms
loc = s( 0.55 )
thresh = 0.0 (mV)
8.7     
18.2    
42.5    
63.2    
88.6    
115.6   
140.2   
166.8   
187.5   
205.9   
231.6   
251.6   
275.4   
299.7   
325.5   
341.4   
365.2   
393     
415.6   
437.6   
460     
493.3   
508.4   
542.9   
570.9   
590.7   
607.1   
622.8   
639.5   
652.7   
665     
684.4   
701.3   
719.5   
744     
764     
779.5   
801.8   
823     
847.3   
862.5   
881.7   
906.5   
919.8   
941     
955.2   
974.1   
986.6   
