
SWEPT_VAR_1 = 65.0    // Syn: Source PP \ NetStim \ PARAMETER \ interval (ms)

t	s.v( 0.05 )
ms	mV
0       	-64.65  
0.4     	-65.51  
0.8     	-66.35  
1.2     	-67.15  
1.6     	-67.92  
2       	-68.66  
2.4     	-69.37  
2.8     	-70.05  
3.2     	-70.69  
3.6     	-71.3   
4       	-71.88  
4.4     	-72.43  
4.8     	-72.95  
5.2     	-73.44  
5.6     	-73.9   
6       	-74.34  
6.4     	-74.75  
6.8     	-75.14  
7.2     	-75.51  
7.6     	-75.85  
8       	-76.18  
8.4     	-76.49  
8.8     	-76.79  
9.2     	-77.07  
9.6     	-77.33  
10      	-77.57  
10.4    	-77.79  
10.8    	-77.99  
11.2    	-78.18  
11.6    	-78.36  
12      	-78.52  
12.4    	-78.66  
12.8    	-78.81  
13.2    	-78.94  
13.6    	-79.05  
14      	-79.17  
14.4    	-79.27  
14.8    	-79.38  
15.2    	-79.48  
15.6    	-79.58  
16      	-79.68  
16.4    	-79.77  
16.8    	-79.87  
17.2    	-79.96  
17.6    	-80.04  
18      	-80.11  
18.4    	-80.18  
18.8    	-80.24  
19.2    	-80.29  
19.6    	-80.34  
20      	-80.39  
20.4    	-80.44  
20.8    	-80.48  
21.2    	-80.51  
21.6    	-80.54  
22      	-80.57  
22.4    	-80.6   
22.8    	-80.63  
23.2    	-80.65  
23.6    	-80.67  
24      	-80.69  
24.4    	-80.69  
24.8    	-80.62  
25.2    	-80.27  
25.6    	-79.3   
26      	-75.91  
26.4    	-62.6   
26.8    	-7.364  
27.2    	43.38   
27.6    	32.2    
28      	15.28   
28.4    	-2.6    
28.8    	-20.41  
29.2    	-39.3   
29.6    	-55.9   
30      	-66.55  
30.4    	-72.55  
30.8    	-75.89  
31.2    	-77.81  
31.6    	-78.96  
32      	-79.68  
32.4    	-80.16  
32.8    	-80.48  
33.2    	-80.72  
33.6    	-80.89  
34      	-81.03  
34.4    	-81.13  
34.8    	-81.2   
35.2    	-81.25  
35.6    	-81.27  
36      	-81.28  
36.4    	-81.27  
36.8    	-81.26  
37.2    	-81.24  
37.6    	-81.21  
38      	-81.08  
38.4    	-80.65  
38.8    	-79.53  
39.2    	-75.66  
39.6    	-60.77  
40      	3.114   
40.4    	42.97   
40.8    	31.08   
41.2    	14.01   
41.6    	-3.856  
42      	-21.74  
42.4    	-40.63  
42.8    	-56.86  
43.2    	-67.09  
43.6    	-72.83  
44      	-76.03  
44.4    	-77.87  
44.8    	-78.97  
45.2    	-79.66  
45.6    	-80.12  
46      	-80.43  
46.4    	-80.64  
46.8    	-80.8   
47.2    	-80.91  
47.6    	-80.98  
48      	-81.04  
48.4    	-81.07  
48.8    	-81.09  
49.2    	-81.09  
49.6    	-81.09  
50      	-81.09  
50.4    	-81.08  
50.8    	-81.07  
51.2    	-81.06  
51.6    	-81.05  
52      	-81.03  
52.4    	-81     
52.8    	-80.98  
53.2    	-80.96  
53.6    	-80.93  
54      	-80.91  
54.4    	-80.88  
54.8    	-80.84  
55.2    	-80.81  
55.6    	-80.78  
56      	-80.74  
56.4    	-80.71  
56.8    	-80.67  
57.2    	-80.64  
57.6    	-80.62  
58      	-80.6   
58.4    	-80.58  
58.8    	-80.56  
59.2    	-80.54  
59.6    	-80.53  
60      	-80.52  
60.4    	-80.51  
60.8    	-80.51  
61.2    	-80.5   
61.6    	-80.5   
62      	-80.5   
62.4    	-80.5   
62.8    	-80.51  
63.2    	-80.52  
63.6    	-80.54  
64      	-80.56  
64.4    	-80.59  
64.8    	-80.61  
65.2    	-80.64  
65.6    	-80.66  
66      	-80.68  
66.4    	-80.7   
66.8    	-80.72  
67.2    	-80.73  
67.6    	-80.75  
68      	-80.76  
68.4    	-80.78  
68.8    	-80.8   
69.2    	-80.82  
69.6    	-80.84  
70      	-80.86  
70.4    	-80.88  
70.8    	-80.9   
71.2    	-80.92  
71.6    	-80.94  
72      	-80.97  
72.4    	-80.99  
72.8    	-81.01  
73.2    	-81.02  
73.6    	-81.04  
74      	-81.05  
74.4    	-81.06  
74.8    	-81.06  
75.2    	-81.07  
75.6    	-81.08  
76      	-81.08  
76.4    	-81.09  
76.8    	-81.1   
77.2    	-81.1   
77.6    	-81.1   
78      	-81.1   
78.4    	-81.1   
78.8    	-81.09  
79.2    	-81.09  
79.6    	-81.08  
80      	-81.06  
80.4    	-81.04  
80.8    	-81.03  
81.2    	-81.01  
81.6    	-81     
82      	-80.99  
82.4    	-80.97  
82.8    	-80.95  
83.2    	-80.91  
83.6    	-80.88  
84      	-80.83  
84.4    	-80.79  
84.8    	-80.74  
85.2    	-80.62  
85.6    	-80.22  
86      	-79.13  
86.4    	-75.2   
86.8    	-59.76  
87.2    	8.98    
87.6    	42.86   
88      	30.58   
88.4    	13.41   
88.8    	-4.447  
89.2    	-22.36  
89.6    	-41.25  
90      	-57.32  
90.4    	-67.36  
90.8    	-72.97  
91.2    	-76.09  
91.6    	-77.87  
92      	-78.93  
92.4    	-79.59  
92.8    	-80.01  
93.2    	-80.29  
93.6    	-80.48  
94      	-80.61  
94.4    	-80.7   
94.8    	-80.76  
95.2    	-80.79  
95.6    	-80.81  
96      	-80.81  
96.4    	-80.81  
96.8    	-80.81  
97.2    	-80.8   
97.6    	-80.8   
98      	-80.79  
98.4    	-80.78  
98.8    	-80.77  
99.2    	-80.76  
99.6    	-80.75  
100     	-80.74  
100.4   	-80.73  
100.8   	-80.72  
101.2   	-80.72  
101.6   	-80.72  
102     	-80.72  
102.4   	-80.72  
102.8   	-80.73  
103.2   	-80.75  
103.6   	-80.76  
104     	-80.77  
104.4   	-80.78  
104.8   	-80.78  
105.2   	-80.78  
105.6   	-80.78  
106     	-80.79  
106.4   	-80.79  
106.8   	-80.79  
107.2   	-80.79  
107.6   	-80.79  
108     	-80.78  
108.4   	-80.78  
108.8   	-80.79  
109.2   	-80.79  
109.6   	-80.8   
110     	-80.81  
110.4   	-80.82  
110.8   	-80.83  
111.2   	-80.84  
111.6   	-80.86  
112     	-80.87  
112.4   	-80.87  
112.8   	-80.87  
113.2   	-80.87  
113.6   	-80.87  
114     	-80.87  
114.4   	-80.87  
114.8   	-80.86  
115.2   	-80.85  
115.6   	-80.84  
116     	-80.79  
116.4   	-80.54  
116.8   	-79.8   
117.2   	-77.51  
117.6   	-68.58  
118     	-34.75  
118.4   	43.13   
118.8   	36.41   
119.2   	20.43   
119.6   	2.557   
120     	-15.12  
120.4   	-33.8   
120.8   	-51.59  
121.2   	-64.01  
121.6   	-71.13  
122     	-75.09  
122.4   	-77.34  
122.8   	-78.66  
123.2   	-79.48  
123.6   	-80.01  
124     	-80.36  
124.4   	-80.6   
124.8   	-80.77  
125.2   	-80.89  
125.6   	-80.98  
126     	-81.04  
126.4   	-81.07  
126.8   	-81.09  
127.2   	-81.09  
127.6   	-81.08  
128     	-81.05  
128.4   	-81.02  
128.8   	-80.97  
129.2   	-80.92  
129.6   	-80.87  
130     	-80.81  
130.4   	-80.76  
130.8   	-80.72  
131.2   	-80.67  
131.6   	-80.63  
132     	-80.59  
132.4   	-80.54  
132.8   	-80.5   
133.2   	-80.46  
133.6   	-80.42  
134     	-80.38  
134.4   	-80.27  
134.8   	-79.89  
135.2   	-78.83  
135.6   	-74.92  
136     	-59.39  
136.4   	10.68   
136.8   	42.79   
137.2   	30.39   
137.6   	13.2    
138     	-4.657  
138.4   	-22.59  
138.8   	-41.49  
139.2   	-57.5   
139.6   	-67.46  
140     	-73.04  
140.4   	-76.15  
140.8   	-77.93  
141.2   	-79     
141.6   	-79.66  
142     	-80.09  
142.4   	-80.38  
142.8   	-80.57  
143.2   	-80.71  
143.6   	-80.79  
144     	-80.84  
144.4   	-80.87  
144.8   	-80.89  
145.2   	-80.9   
145.6   	-80.9   
146     	-80.9   
146.4   	-80.89  
146.8   	-80.87  
147.2   	-80.83  
147.6   	-80.65  
148     	-80.11  
148.4   	-78.61  
148.8   	-72.88  
149.2   	-50.99  
149.6   	35.45   
150     	40.48   
150.4   	26.19   
150.8   	8.577   
151.2   	-9.172  
151.6   	-27.43  
152     	-46.06  
152.4   	-60.58  
152.8   	-69.2   
153.2   	-73.99  
153.6   	-76.67  
154     	-78.22  
154.4   	-79.16  
154.8   	-79.75  
155.2   	-80.13  
155.6   	-80.39  
156     	-80.56  
156.4   	-80.67  
156.8   	-80.75  
157.2   	-80.81  
157.6   	-80.84  
158     	-80.87  
158.4   	-80.88  
158.8   	-80.89  
159.2   	-80.9   
159.6   	-80.9   
160     	-80.9   
160.4   	-80.91  
160.8   	-80.91  
161.2   	-80.91  
161.6   	-80.92  
162     	-80.93  
162.4   	-80.93  
162.8   	-80.95  
163.2   	-80.96  
163.6   	-80.96  
164     	-80.97  
164.4   	-80.97  
164.8   	-80.97  
165.2   	-80.96  
165.6   	-80.95  
166     	-80.93  
166.4   	-80.9   
166.8   	-80.88  
167.2   	-80.87  
167.6   	-80.85  
168     	-80.85  
168.4   	-80.84  
168.8   	-80.84  
169.2   	-80.84  
169.6   	-80.85  
170     	-80.85  
170.4   	-80.85  
170.8   	-80.86  
171.2   	-80.86  
171.6   	-80.87  
172     	-80.87  
172.4   	-80.86  
172.8   	-80.86  
173.2   	-80.85  
173.6   	-80.84  
174     	-80.83  
174.4   	-80.81  
174.8   	-80.78  
175.2   	-80.75  
175.6   	-80.72  
176     	-80.69  
176.4   	-80.66  
176.8   	-80.62  
177.2   	-80.49  
177.6   	-80.04  
178     	-78.79  
178.4   	-74.11  
178.8   	-55.81  
179.2   	25.96   
179.6   	41.83   
180     	28.45   
180.4   	11.03   
180.8   	-6.756  
181.2   	-24.8   
181.6   	-43.58  
182     	-58.93  
182.4   	-68.27  
182.8   	-73.48  
183.2   	-76.4   
183.6   	-78.09  
184     	-79.1   
184.4   	-79.74  
184.8   	-80.17  
185.2   	-80.45  
185.6   	-80.64  
186     	-80.77  
186.4   	-80.86  
186.8   	-80.91  
187.2   	-80.94  
187.6   	-80.95  
188     	-80.94  
188.4   	-80.92  
188.8   	-80.9   
189.2   	-80.86  
189.6   	-80.82  
190     	-80.78  
190.4   	-80.74  
190.8   	-80.7   
191.2   	-80.67  
191.6   	-80.64  
192     	-80.61  
192.4   	-80.59  
192.8   	-80.57  
193.2   	-80.56  
193.6   	-80.55  
194     	-80.55  
194.4   	-80.54  
194.8   	-80.54  
195.2   	-80.53  
195.6   	-80.52  
196     	-80.51  
196.4   	-80.5   
196.8   	-80.49  
197.2   	-80.49  
197.6   	-80.49  
198     	-80.49  
198.4   	-80.5   
198.8   	-80.51  
199.2   	-80.53  
199.6   	-80.55  
200     	-80.57  
200.4   	-80.6   
200.8   	-80.62  
201.2   	-80.63  
201.6   	-80.64  
202     	-80.65  
202.4   	-80.66  
202.8   	-80.66  
203.2   	-80.66  
203.6   	-80.66  
204     	-80.67  
204.4   	-80.67  
204.8   	-80.68  
205.2   	-80.69  
205.6   	-80.71  
206     	-80.72  
206.4   	-80.75  
206.8   	-80.78  
207.2   	-80.8   
207.6   	-80.83  
208     	-80.84  
208.4   	-80.85  
208.8   	-80.85  
209.2   	-80.86  
209.6   	-80.86  
210     	-80.87  
210.4   	-80.88  
210.8   	-80.89  
211.2   	-80.91  
211.6   	-80.93  
212     	-80.95  
212.4   	-80.97  
212.8   	-81     
213.2   	-81.02  
213.6   	-81.04  
214     	-81.06  
214.4   	-81.08  
214.8   	-81.1   
215.2   	-81.12  
215.6   	-81.14  
216     	-81.17  
216.4   	-81.19  
216.8   	-81.22  
217.2   	-81.23  
217.6   	-81.24  
218     	-81.25  
218.4   	-81.24  
218.8   	-81.22  
219.2   	-81.19  
219.6   	-81.17  
220     	-81.13  
220.4   	-81.1   
220.8   	-81.04  
221.2   	-80.86  
221.6   	-80.31  
222     	-78.8   
222.4   	-73.09  
222.8   	-51.26  
223.2   	35.3    
223.6   	40.62   
224     	26.36   
224.4   	8.751   
224.8   	-8.999  
225.2   	-27.24  
225.6   	-45.89  
226     	-60.47  
226.4   	-69.14  
226.8   	-73.97  
227.2   	-76.67  
227.6   	-78.24  
228     	-79.18  
228.4   	-79.77  
228.8   	-80.16  
229.2   	-80.42  
229.6   	-80.61  
230     	-80.73  
230.4   	-80.81  
230.8   	-80.87  
231.2   	-80.9   
231.6   	-80.92  
232     	-80.93  
232.4   	-80.92  
232.8   	-80.91  
233.2   	-80.89  
233.6   	-80.86  
234     	-80.83  
234.4   	-80.8   
234.8   	-80.77  
235.2   	-80.75  
235.6   	-80.73  
236     	-80.71  
236.4   	-80.69  
236.8   	-80.66  
237.2   	-80.62  
237.6   	-80.58  
238     	-80.53  
238.4   	-80.47  
238.8   	-80.42  
239.2   	-80.37  
239.6   	-80.33  
240     	-80.29  
240.4   	-80.25  
240.8   	-80.21  
241.2   	-80.16  
241.6   	-80.12  
242     	-80.07  
242.4   	-80.03  
242.8   	-79.99  
243.2   	-79.96  
243.6   	-79.94  
244     	-79.93  
244.4   	-79.92  
244.8   	-79.91  
245.2   	-79.92  
245.6   	-79.93  
246     	-79.94  
246.4   	-79.95  
246.8   	-79.96  
247.2   	-79.97  
247.6   	-79.98  
248     	-79.99  
248.4   	-79.99  
248.8   	-80     
249.2   	-80.02  
249.6   	-80.03  
250     	-80.05  
250.4   	-80.08  
250.8   	-80.1   
251.2   	-80.13  
251.6   	-80.15  
252     	-80.15  
252.4   	-80.16  
252.8   	-80.16  
253.2   	-80.16  
253.6   	-80.17  
254     	-80.18  
254.4   	-80.19  
254.8   	-80.19  
255.2   	-80.19  
255.6   	-80.2   
256     	-80.21  
256.4   	-80.22  
256.8   	-80.23  
257.2   	-80.24  
257.6   	-80.25  
258     	-80.27  
258.4   	-80.28  
258.8   	-80.29  
259.2   	-80.3   
259.6   	-80.3   
260     	-80.3   
260.4   	-80.3   
260.8   	-80.3   
261.2   	-80.29  
261.6   	-80.28  
262     	-80.26  
262.4   	-80.23  
262.8   	-80.09  
263.2   	-79.61  
263.6   	-78.18  
264     	-72.6   
264.4   	-50.74  
264.8   	35.91   
265.2   	40.5    
265.6   	26.14   
266     	8.503   
266.4   	-9.245  
266.8   	-27.51  
267.2   	-46.15  
267.6   	-60.66  
268     	-69.26  
268.4   	-74.05  
268.8   	-76.73  
269.2   	-78.29  
269.6   	-79.24  
270     	-79.84  
270.4   	-80.24  
270.8   	-80.52  
271.2   	-80.71  
271.6   	-80.83  
272     	-80.92  
272.4   	-80.98  
272.8   	-81.02  
273.2   	-81.05  
273.6   	-81.06  
274     	-81.05  
274.4   	-81.04  
274.8   	-81.02  
275.2   	-80.99  
275.6   	-80.97  
276     	-80.95  
276.4   	-80.92  
276.8   	-80.89  
277.2   	-80.86  
277.6   	-80.83  
278     	-80.8   
278.4   	-80.77  
278.8   	-80.74  
279.2   	-80.72  
279.6   	-80.69  
280     	-80.66  
280.4   	-80.63  
280.8   	-80.6   
281.2   	-80.57  
281.6   	-80.53  
282     	-80.42  
282.4   	-80.03  
282.8   	-78.97  
283.2   	-75.13  
283.6   	-59.93  
284     	7.84    
284.4   	42.9    
284.8   	30.69   
285.2   	13.53   
285.6   	-4.331  
286     	-22.25  
286.4   	-41.15  
286.8   	-57.26  
287.2   	-67.33  
287.6   	-72.98  
288     	-76.12  
288.4   	-77.93  
288.8   	-79.01  
289.2   	-79.69  
289.6   	-80.14  
290     	-80.44  
290.4   	-80.66  
290.8   	-80.81  
291.2   	-80.93  
291.6   	-81.02  
292     	-81.09  
292.4   	-81.15  
292.8   	-81.19  
293.2   	-81.23  
293.6   	-81.26  
294     	-81.29  
294.4   	-81.31  
294.8   	-81.34  
295.2   	-81.36  
295.6   	-81.38  
296     	-81.4   
296.4   	-81.41  
296.8   	-81.41  
297.2   	-81.41  
297.6   	-81.39  
298     	-81.37  
298.4   	-81.34  
298.8   	-81.32  
299.2   	-81.29  
299.6   	-81.26  
300     	-81.24  
300.4   	-81.21  
300.8   	-81.18  
301.2   	-81.16  
301.6   	-81.12  
302     	-81.05  
302.4   	-80.82  
302.8   	-80.15  
303.2   	-78.22  
303.6   	-70.8   
304     	-42.88  
304.4   	41.45   
304.8   	38.36   
305.2   	23.02   
305.6   	5.216   
306     	-12.47  
306.4   	-30.99  
306.8   	-49.23  
307.2   	-62.58  
307.6   	-70.32  
308     	-74.63  
308.4   	-77.06  
308.8   	-78.47  
309.2   	-79.34  
309.6   	-79.89  
310     	-80.26  
310.4   	-80.52  
310.8   	-80.69  
311.2   	-80.82  
311.6   	-80.91  
312     	-80.97  
312.4   	-81.01  
312.8   	-81.04  
313.2   	-81.05  
313.6   	-81.04  
314     	-81.02  
314.4   	-80.99  
314.8   	-80.95  
315.2   	-80.91  
315.6   	-80.85  
316     	-80.8   
316.4   	-80.75  
316.8   	-80.69  
317.2   	-80.64  
317.6   	-80.54  
318     	-80.25  
318.4   	-79.46  
318.8   	-76.83  
319.2   	-66.51  
319.6   	-26.62  
320     	43.64   
320.4   	34.86   
320.8   	18.48   
321.2   	0.5703  
321.6   	-17.15  
322     	-35.97  
322.4   	-53.36  
322.8   	-65.07  
323.2   	-71.7   
323.6   	-75.39  
324     	-77.49  
324.4   	-78.72  
324.8   	-79.48  
325.2   	-79.96  
325.6   	-80.28  
326     	-80.49  
326.4   	-80.63  
326.8   	-80.73  
327.2   	-80.8   
327.6   	-80.84  
328     	-80.86  
328.4   	-80.86  
328.8   	-80.85  
329.2   	-80.84  
329.6   	-80.82  
330     	-80.8   
330.4   	-80.77  
330.8   	-80.74  
331.2   	-80.7   
331.6   	-80.66  
332     	-80.61  
332.4   	-80.56  
332.8   	-80.51  
333.2   	-80.46  
333.6   	-80.41  
334     	-80.36  
334.4   	-80.29  
334.8   	-80.1   
335.2   	-79.56  
335.6   	-77.95  
336     	-71.58  
336.4   	-46.91  
336.8   	39.3    
337.2   	39.37   
337.6   	24.46   
338     	6.727   
338.4   	-10.96  
338.8   	-29.35  
339.2   	-47.78  
339.6   	-61.68  
340     	-69.83  
340.4   	-74.36  
340.8   	-76.9   
341.2   	-78.38  
341.6   	-79.28  
342     	-79.84  
342.4   	-80.21  
342.8   	-80.47  
343.2   	-80.64  
343.6   	-80.77  
344     	-80.86  
344.4   	-80.93  
344.8   	-80.98  
345.2   	-81.02  
345.6   	-81.05  
346     	-81.06  
346.4   	-81.06  
346.8   	-81.04  
347.2   	-81.01  
347.6   	-80.97  
348     	-80.92  
348.4   	-80.86  
348.8   	-80.8   
349.2   	-80.73  
349.6   	-80.65  
350     	-80.56  
350.4   	-80.47  
350.8   	-80.37  
351.2   	-80.26  
351.6   	-80.16  
352     	-80     
352.4   	-79.59  
352.8   	-78.45  
353.2   	-74.08  
353.6   	-56.59  
354     	23.14   
354.4   	42.05   
354.8   	28.85   
355.2   	11.47   
355.6   	-6.324  
356     	-24.34  
356.4   	-43.15  
356.8   	-58.64  
357.2   	-68.11  
357.6   	-73.39  
358     	-76.35  
358.4   	-78.05  
358.8   	-79.07  
359.2   	-79.72  
359.6   	-80.14  
360     	-80.43  
360.4   	-80.63  
360.8   	-80.78  
361.2   	-80.89  
361.6   	-80.96  
362     	-81.01  
362.4   	-81.04  
362.8   	-81.07  
363.2   	-81.08  
363.6   	-81.08  
364     	-81.07  
364.4   	-81.06  
364.8   	-81.04  
365.2   	-81.01  
365.6   	-80.99  
366     	-80.96  
366.4   	-80.92  
366.8   	-80.88  
367.2   	-80.8   
367.6   	-80.48  
368     	-79.64  
368.4   	-76.87  
368.8   	-66.1   
369.2   	-24.57  
369.6   	43.67   
370     	34.52   
370.4   	18.06   
370.8   	0.152   
371.2   	-17.58  
371.6   	-36.43  
372     	-53.73  
372.4   	-65.29  
372.8   	-71.85  
373.2   	-75.5   
373.6   	-77.58  
374     	-78.82  
374.4   	-79.59  
374.8   	-80.1   
375.2   	-80.44  
375.6   	-80.69  
376     	-80.88  
376.4   	-81.02  
376.8   	-81.13  
377.2   	-81.22  
377.6   	-81.29  
378     	-81.35  
378.4   	-81.41  
378.8   	-81.45  
379.2   	-81.48  
379.6   	-81.51  
380     	-81.53  
380.4   	-81.54  
380.8   	-81.55  
381.2   	-81.57  
381.6   	-81.58  
382     	-81.59  
382.4   	-81.6   
382.8   	-81.62  
383.2   	-81.63  
383.6   	-81.65  
384     	-81.67  
384.4   	-81.69  
384.8   	-81.71  
385.2   	-81.74  
385.6   	-81.76  
386     	-81.78  
386.4   	-81.81  
386.8   	-81.83  
387.2   	-81.86  
387.6   	-81.88  
388     	-81.91  
388.4   	-81.94  
388.8   	-81.97  
389.2   	-82     
389.6   	-82.02  
390     	-82.04  
390.4   	-82.05  
390.8   	-82.05  
391.2   	-82.05  
391.6   	-82.03  
392     	-82.02  
392.4   	-81.98  
392.8   	-81.94  
393.2   	-81.85  
393.6   	-81.61  
394     	-81     
394.4   	-79.43  
394.8   	-73.71  
395.2   	-52.34  
395.6   	33.81   
396     	40.9    
396.4   	26.84   
396.8   	9.274   
397.2   	-8.481  
397.6   	-26.68  
398     	-45.35  
398.4   	-60.11  
398.8   	-68.94  
399.2   	-73.86  
399.6   	-76.61  
400     	-78.2   
400.4   	-79.16  
400.8   	-79.75  
401.2   	-80.13  
401.6   	-80.37  
402     	-80.52  
402.4   	-80.62  
402.8   	-80.69  
403.2   	-80.72  
403.6   	-80.72  
404     	-80.71  
404.4   	-80.69  
404.8   	-80.67  
405.2   	-80.63  
405.6   	-80.58  
406     	-80.53  
406.4   	-80.46  
406.8   	-80.4   
407.2   	-80.34  
407.6   	-80.29  
408     	-80.24  
408.4   	-80.19  
408.8   	-80.15  
409.2   	-80.11  
409.6   	-80.07  
410     	-80.03  
410.4   	-79.96  
410.8   	-79.72  
411.2   	-79     
411.6   	-76.57  
412     	-66.77  
412.4   	-28.37  
412.8   	43.62   
413.2   	35.17   
413.6   	18.85   
414     	0.9404  
414.4   	-16.78  
414.8   	-35.58  
415.2   	-53.07  
415.6   	-64.91  
416     	-71.64  
416.4   	-75.38  
416.8   	-77.51  
417.2   	-78.77  
417.6   	-79.55  
418     	-80.06  
418.4   	-80.41  
418.8   	-80.65  
419.2   	-80.82  
419.6   	-80.94  
420     	-81.02  
420.4   	-81.08  
420.8   	-81.12  
421.2   	-81.15  
421.6   	-81.18  
422     	-81.19  
422.4   	-81.21  
422.8   	-81.22  
423.2   	-81.23  
423.6   	-81.24  
424     	-81.25  
424.4   	-81.26  
424.8   	-81.27  
425.2   	-81.28  
425.6   	-81.28  
426     	-81.28  
426.4   	-81.25  
426.8   	-81.21  
427.2   	-81.16  
427.6   	-81.11  
428     	-81.06  
428.4   	-81.01  
428.8   	-80.97  
429.2   	-80.93  
429.6   	-80.89  
430     	-80.86  
430.4   	-80.84  
430.8   	-80.82  
431.2   	-80.8   
431.6   	-80.78  
432     	-80.76  
432.4   	-80.75  
432.8   	-80.74  
433.2   	-80.73  
433.6   	-80.73  
434     	-80.73  
434.4   	-80.74  
434.8   	-80.75  
435.2   	-80.77  
435.6   	-80.79  
436     	-80.81  
436.4   	-80.84  
436.8   	-80.86  
437.2   	-80.89  
437.6   	-80.9   
438     	-80.91  
438.4   	-80.92  
438.8   	-80.93  
439.2   	-80.94  
439.6   	-80.95  
440     	-80.95  
440.4   	-80.95  
440.8   	-80.87  
441.2   	-80.54  
441.6   	-79.63  
442     	-76.59  
442.4   	-64.78  
442.8   	-18.36  
443.2   	43.66   
443.6   	33.59   
444     	16.93   
444.4   	-0.9758 
444.8   	-18.73  
445.2   	-37.6   
445.6   	-54.63  
446     	-65.81  
446.4   	-72.12  
446.8   	-75.63  
447.2   	-77.64  
447.6   	-78.83  
448     	-79.57  
448.4   	-80.05  
448.8   	-80.38  
449.2   	-80.62  
449.6   	-80.79  
450     	-80.92  
450.4   	-81.02  
450.8   	-81.1   
451.2   	-81.16  
451.6   	-81.21  
452     	-81.26  
452.4   	-81.3   
452.8   	-81.34  
453.2   	-81.37  
453.6   	-81.39  
454     	-81.4   
454.4   	-81.41  
454.8   	-81.41  
455.2   	-81.4   
455.6   	-81.4   
456     	-81.39  
456.4   	-81.37  
456.8   	-81.35  
457.2   	-81.32  
457.6   	-81.3   
458     	-81.27  
458.4   	-81.23  
458.8   	-81.15  
459.2   	-80.9   
459.6   	-80.21  
460     	-78.17  
460.4   	-70.36  
460.8   	-41.14  
461.2   	42.01   
461.6   	37.93   
462     	22.43   
462.4   	4.604   
462.8   	-13.09  
463.2   	-31.66  
463.6   	-49.81  
464     	-62.94  
464.4   	-70.53  
464.8   	-74.74  
465.2   	-77.12  
465.6   	-78.52  
466     	-79.37  
466.4   	-79.92  
466.8   	-80.29  
467.2   	-80.54  
467.6   	-80.72  
468     	-80.84  
468.4   	-80.94  
468.8   	-81     
469.2   	-81.06  
469.6   	-81.1   
470     	-81.13  
470.4   	-81.16  
470.8   	-81.19  
471.2   	-81.2   
471.6   	-81.21  
472     	-81.22  
472.4   	-81.22  
472.8   	-81.22  
473.2   	-81.21  
473.6   	-81.2   
474     	-81.2   
474.4   	-81.19  
474.8   	-81.18  
475.2   	-81.17  
475.6   	-81.17  
476     	-81.17  
476.4   	-81.17  
476.8   	-81.17  
477.2   	-81.18  
477.6   	-81.18  
478     	-81.18  
478.4   	-81.17  
478.8   	-81.15  
479.2   	-81.13  
479.6   	-81.1   
480     	-81.07  
480.4   	-81.03  
480.8   	-81     
481.2   	-80.96  
481.6   	-80.92  
482     	-80.89  
482.4   	-80.85  
482.8   	-80.82  
483.2   	-80.79  
483.6   	-80.77  
484     	-80.74  
484.4   	-80.72  
484.8   	-80.7   
485.2   	-80.68  
485.6   	-80.66  
486     	-80.64  
486.4   	-80.63  
486.8   	-80.62  
487.2   	-80.61  
487.6   	-80.6   
488     	-80.59  
488.4   	-80.58  
488.8   	-80.58  
489.2   	-80.58  
489.6   	-80.58  
490     	-80.58  
490.4   	-80.58  
490.8   	-80.58  
491.2   	-80.58  
491.6   	-80.58  
492     	-80.56  
492.4   	-80.53  
492.8   	-80.51  
493.2   	-80.48  
493.6   	-80.45  
494     	-80.43  
494.4   	-80.42  
494.8   	-80.4   
495.2   	-80.39  
495.6   	-80.38  
496     	-80.36  
496.4   	-80.34  
496.8   	-80.32  
497.2   	-80.3   
497.6   	-80.29  
498     	-80.28  
498.4   	-80.27  
498.8   	-80.27  
499.2   	-80.26  
499.6   	-80.26  
500     	-80.25  
500.4   	-80.23  
500.8   	-80.2   
501.2   	-80.18  
501.6   	-80.15  
502     	-80.13  
502.4   	-80.1   
502.8   	-80.06  
503.2   	-80.02  
503.6   	-79.97  
504     	-79.93  
504.4   	-79.89  
504.8   	-79.84  
505.2   	-79.8   
505.6   	-79.75  
506     	-79.7   
506.4   	-79.66  
506.8   	-79.63  
507.2   	-79.59  
507.6   	-79.53  
508     	-79.33  
508.4   	-78.68  
508.8   	-76.45  
509.2   	-67.27  
509.6   	-31.02  
510     	43.51   
510.4   	35.66   
510.8   	19.45   
511.2   	1.552   
511.6   	-16.14  
512     	-34.91  
512.4   	-52.52  
512.8   	-64.57  
513.2   	-71.44  
513.6   	-75.25  
514     	-77.41  
514.4   	-78.69  
514.8   	-79.47  
515.2   	-79.98  
515.6   	-80.32  
516     	-80.55  
516.4   	-80.71  
516.8   	-80.83  
517.2   	-80.92  
517.6   	-80.98  
518     	-81.03  
518.4   	-81.06  
518.8   	-81.08  
519.2   	-81.1   
519.6   	-81.09  
520     	-81.02  
520.4   	-80.7   
520.8   	-79.88  
521.2   	-77.29  
521.6   	-67.37  
522     	-30.02  
522.4   	43.37   
522.8   	35.37   
523.2   	19.15   
523.6   	1.266   
524     	-16.44  
524.4   	-35.21  
524.8   	-52.74  
525.2   	-64.7   
525.6   	-71.51  
526     	-75.3   
526.4   	-77.46  
526.8   	-78.74  
527.2   	-79.54  
527.6   	-80.05  
528     	-80.41  
528.4   	-80.66  
528.8   	-80.84  
529.2   	-80.98  
529.6   	-81.09  
530     	-81.17  
530.4   	-81.24  
530.8   	-81.29  
531.2   	-81.34  
531.6   	-81.38  
532     	-81.42  
532.4   	-81.45  
532.8   	-81.47  
533.2   	-81.49  
533.6   	-81.5   
534     	-81.51  
534.4   	-81.52  
534.8   	-81.53  
535.2   	-81.53  
535.6   	-81.51  
536     	-81.49  
536.4   	-81.46  
536.8   	-81.42  
537.2   	-81.37  
537.6   	-81.32  
538     	-81.27  
538.4   	-81.21  
538.8   	-81.13  
539.2   	-81.05  
539.6   	-80.97  
540     	-80.89  
540.4   	-80.81  
540.8   	-80.73  
541.2   	-80.66  
541.6   	-80.53  
542     	-80.17  
542.4   	-79.22  
542.8   	-75.89  
543.2   	-62.72  
543.6   	-8.107  
544     	43.4    
544.4   	32.27   
544.8   	15.37   
545.2   	-2.506  
545.6   	-20.31  
546     	-39.19  
546.4   	-55.81  
546.8   	-66.49  
547.2   	-72.5   
547.6   	-75.85  
548     	-77.77  
548.4   	-78.91  
548.8   	-79.62  
549.2   	-80.07  
549.6   	-80.38  
550     	-80.59  
550.4   	-80.75  
550.8   	-80.85  
551.2   	-80.92  
551.6   	-80.98  
552     	-81.01  
552.4   	-81.03  
552.8   	-81.04  
553.2   	-81.03  
553.6   	-81.01  
554     	-80.98  
554.4   	-80.94  
554.8   	-80.89  
555.2   	-80.83  
555.6   	-80.76  
556     	-80.65  
556.4   	-80.33  
556.8   	-79.49  
557.2   	-76.66  
557.6   	-65.62  
558     	-22.65  
558.4   	43.66   
558.8   	34.19   
559.2   	17.67   
559.6   	-0.2414 
560     	-17.99  
560.4   	-36.84  
560.8   	-54.05  
561.2   	-65.48  
561.6   	-71.95  
562     	-75.55  
562.4   	-77.6   
562.8   	-78.82  
563.2   	-79.58  
563.6   	-80.08  
564     	-80.42  
564.4   	-80.65  
564.8   	-80.81  
565.2   	-80.93  
565.6   	-81.02  
566     	-81.09  
566.4   	-81.15  
566.8   	-81.19  
567.2   	-81.23  
567.6   	-81.25  
568     	-81.26  
568.4   	-81.26  
568.8   	-81.26  
569.2   	-81.25  
569.6   	-81.23  
570     	-81.22  
570.4   	-81.2   
570.8   	-81.19  
571.2   	-81.16  
571.6   	-81.14  
572     	-81.11  
572.4   	-81.08  
572.8   	-81.05  
573.2   	-81.02  
573.6   	-80.97  
574     	-80.83  
574.4   	-80.38  
574.8   	-79.16  
575.2   	-74.74  
575.6   	-57.58  
576     	19.66   
576.4   	42.3    
576.8   	29.36   
577.2   	12.05   
577.6   	-5.772  
578     	-23.76  
578.4   	-42.61  
578.8   	-58.27  
579.2   	-67.9   
579.6   	-73.29  
580     	-76.31  
580.4   	-78.05  
580.8   	-79.1   
581.2   	-79.76  
581.6   	-80.2   
582     	-80.51  
582.4   	-80.72  
582.8   	-80.88  
583.2   	-81     
583.6   	-81.09  
584     	-81.17  
584.4   	-81.23  
584.8   	-81.28  
585.2   	-81.32  
585.6   	-81.36  
586     	-81.38  
586.4   	-81.4   
586.8   	-81.42  
587.2   	-81.44  
587.6   	-81.45  
588     	-81.46  
588.4   	-81.46  
588.8   	-81.46  
589.2   	-81.45  
589.6   	-81.44  
590     	-81.43  
590.4   	-81.42  
590.8   	-81.41  
591.2   	-81.4   
591.6   	-81.4   
592     	-81.39  
592.4   	-81.38  
592.8   	-81.37  
593.2   	-81.36  
593.6   	-81.35  
594     	-81.34  
594.4   	-81.34  
594.8   	-81.33  
595.2   	-81.31  
595.6   	-81.29  
596     	-81.27  
596.4   	-81.24  
596.8   	-81.22  
597.2   	-81.19  
597.6   	-81.17  
598     	-81.14  
598.4   	-81.11  
598.8   	-81.08  
599.2   	-81.06  
599.6   	-81.04  
600     	-81.02  
600.4   	-81     
600.8   	-80.97  
601.2   	-80.94  
601.6   	-80.9   
602     	-80.85  
602.4   	-80.81  
602.8   	-80.76  
603.2   	-80.72  
603.6   	-80.69  
604     	-80.66  
604.4   	-80.63  
604.8   	-80.62  
605.2   	-80.61  
605.6   	-80.6   
606     	-80.6   
606.4   	-80.61  
606.8   	-80.62  
607.2   	-80.64  
607.6   	-80.66  
608     	-80.68  
608.4   	-80.7   
608.8   	-80.72  
609.2   	-80.74  
609.6   	-80.77  
610     	-80.79  
610.4   	-80.82  
610.8   	-80.84  
611.2   	-80.85  
611.6   	-80.87  
612     	-80.88  
612.4   	-80.89  
612.8   	-80.91  
613.2   	-80.92  
613.6   	-80.93  
614     	-80.94  
614.4   	-80.94  
614.8   	-80.91  
615.2   	-80.72  
615.6   	-80.12  
616     	-78.37  
616.4   	-71.67  
616.8   	-46.27  
617.2   	39.75   
617.6   	39.21   
618     	24.23   
618.4   	6.487   
618.8   	-11.2   
619.2   	-29.61  
619.6   	-48.02  
620     	-61.83  
620.4   	-69.91  
620.8   	-74.41  
621.2   	-76.95  
621.6   	-78.43  
622     	-79.34  
622.4   	-79.92  
622.8   	-80.32  
623.2   	-80.59  
623.6   	-80.8   
624     	-80.95  
624.4   	-81.08  
624.8   	-81.18  
625.2   	-81.26  
625.6   	-81.33  
626     	-81.4   
626.4   	-81.45  
626.8   	-81.5   
627.2   	-81.54  
627.6   	-81.58  
628     	-81.6   
628.4   	-81.61  
628.8   	-81.61  
629.2   	-81.61  
629.6   	-81.61  
630     	-81.61  
630.4   	-81.61  
630.8   	-81.61  
631.2   	-81.61  
631.6   	-81.62  
632     	-81.63  
632.4   	-81.64  
632.8   	-81.66  
633.2   	-81.67  
633.6   	-81.69  
634     	-81.72  
634.4   	-81.74  
634.8   	-81.77  
635.2   	-81.8   
635.6   	-81.83  
636     	-81.85  
636.4   	-81.88  
636.8   	-81.89  
637.2   	-81.9   
637.6   	-81.9   
638     	-81.89  
638.4   	-81.88  
638.8   	-81.86  
639.2   	-81.84  
639.6   	-81.82  
640     	-81.8   
640.4   	-81.77  
640.8   	-81.74  
641.2   	-81.71  
641.6   	-81.67  
642     	-81.63  
642.4   	-81.59  
642.8   	-81.54  
643.2   	-81.5   
643.6   	-81.46  
644     	-81.43  
644.4   	-81.4   
644.8   	-81.37  
645.2   	-81.35  
645.6   	-81.33  
646     	-81.31  
646.4   	-81.3   
646.8   	-81.29  
647.2   	-81.29  
647.6   	-81.28  
648     	-81.28  
648.4   	-81.27  
648.8   	-81.22  
649.2   	-80.97  
649.6   	-80.25  
650     	-78.16  
650.4   	-70.18  
650.8   	-40.34  
651.2   	42.23   
651.6   	37.74   
652     	22.18   
652.4   	4.338   
652.8   	-13.35  
653.2   	-31.95  
653.6   	-50.07  
654     	-63.1   
654.4   	-70.63  
654.8   	-74.82  
655.2   	-77.19  
655.6   	-78.58  
656     	-79.44  
656.4   	-80     
656.8   	-80.37  
657.2   	-80.64  
657.6   	-80.83  
658     	-80.97  
658.4   	-81.08  
658.8   	-81.17  
659.2   	-81.23  
659.6   	-81.28  
660     	-81.31  
660.4   	-81.33  
660.8   	-81.33  
661.2   	-81.32  
661.6   	-81.31  
662     	-81.29  
662.4   	-81.26  
662.8   	-81.23  
663.2   	-81.19  
663.6   	-81.16  
664     	-81.1   
664.4   	-80.9   
664.8   	-80.31  
665.2   	-78.67  
665.6   	-72.42  
666     	-48.78  
666.4   	37.86   
666.8   	39.89   
667.2   	25.25   
667.6   	7.571   
668     	-10.15  
668.4   	-28.47  
668.8   	-47     
669.2   	-61.19  
669.6   	-69.55  
670     	-74.21  
670.4   	-76.82  
670.8   	-78.35  
671.2   	-79.28  
671.6   	-79.87  
672     	-80.26  
672.4   	-80.53  
672.8   	-80.71  
673.2   	-80.84  
673.6   	-80.93  
674     	-81     
674.4   	-81.04  
674.8   	-81.07  
675.2   	-81.08  
675.6   	-81.07  
676     	-81.06  
676.4   	-81.05  
676.8   	-81.03  
677.2   	-81.01  
677.6   	-80.99  
678     	-80.97  
678.4   	-80.96  
678.8   	-80.94  
679.2   	-80.93  
679.6   	-80.92  
680     	-80.91  
680.4   	-80.91  
680.8   	-80.9   
681.2   	-80.89  
681.6   	-80.88  
682     	-80.87  
682.4   	-80.86  
682.8   	-80.86  
683.2   	-80.87  
683.6   	-80.88  
684     	-80.89  
684.4   	-80.91  
684.8   	-80.93  
685.2   	-80.96  
685.6   	-80.98  
686     	-81.01  
686.4   	-81.04  
686.8   	-81.07  
687.2   	-81.09  
687.6   	-81.12  
688     	-81.15  
688.4   	-81.18  
688.8   	-81.21  
689.2   	-81.24  
689.6   	-81.26  
690     	-81.29  
690.4   	-81.31  
690.8   	-81.34  
691.2   	-81.36  
691.6   	-81.39  
692     	-81.4   
692.4   	-81.42  
692.8   	-81.42  
693.2   	-81.43  
693.6   	-81.42  
694     	-81.41  
694.4   	-81.4   
694.8   	-81.39  
695.2   	-81.38  
695.6   	-81.38  
696     	-81.37  
696.4   	-81.37  
696.8   	-81.36  
697.2   	-81.34  
697.6   	-81.32  
698     	-81.3   
698.4   	-81.28  
698.8   	-81.24  
699.2   	-81.11  
699.6   	-80.7   
700     	-79.63  
700.4   	-75.96  
700.8   	-61.79  
701.2   	-2.263  
701.6   	43.23   
702     	31.68   
702.4   	14.69   
702.8   	-3.184  
703.2   	-21.03  
703.6   	-39.92  
704     	-56.34  
704.4   	-66.79  
704.8   	-72.66  
705.2   	-75.93  
705.6   	-77.8   
706     	-78.92  
706.4   	-79.62  
706.8   	-80.07  
707.2   	-80.36  
707.6   	-80.55  
708     	-80.68  
708.4   	-80.76  
708.8   	-80.81  
709.2   	-80.84  
709.6   	-80.84  
710     	-80.83  
710.4   	-80.78  
710.8   	-80.55  
711.2   	-79.91  
711.6   	-78.07  
712     	-70.98  
712.4   	-44.37  
712.8   	40.5    
713.2   	38.54   
713.6   	23.39   
714     	5.627   
714.4   	-12.06  
714.8   	-30.55  
715.2   	-48.84  
715.6   	-62.34  
716     	-70.2   
716.4   	-74.57  
716.8   	-77.03  
717.2   	-78.47  
717.6   	-79.35  
718     	-79.92  
718.4   	-80.29  
718.8   	-80.56  
719.2   	-80.75  
719.6   	-80.89  
720     	-81     
720.4   	-81.08  
720.8   	-81.14  
721.2   	-81.18  
721.6   	-81.2   
722     	-81.21  
722.4   	-81.2   
722.8   	-81.18  
723.2   	-81.15  
723.6   	-81.12  
724     	-81.08  
724.4   	-81.04  
724.8   	-81     
725.2   	-80.96  
725.6   	-80.92  
726     	-80.88  
726.4   	-80.85  
726.8   	-80.81  
727.2   	-80.77  
727.6   	-80.74  
728     	-80.71  
728.4   	-80.68  
728.8   	-80.65  
729.2   	-80.62  
729.6   	-80.58  
730     	-80.48  
730.4   	-80.1   
730.8   	-79.07  
731.2   	-75.37  
731.6   	-60.72  
732     	3.35    
732.4   	43.06   
732.8   	31.13   
733.2   	14.04   
733.6   	-3.832  
734     	-21.72  
734.4   	-40.62  
734.8   	-56.87  
735.2   	-67.11  
735.6   	-72.84  
736     	-76.05  
736.4   	-77.88  
736.8   	-78.98  
737.2   	-79.66  
737.6   	-80.11  
738     	-80.42  
738.4   	-80.64  
738.8   	-80.79  
739.2   	-80.9   
739.6   	-80.99  
740     	-81.05  
740.4   	-81.1   
740.8   	-81.14  
741.2   	-81.18  
741.6   	-81.21  
742     	-81.23  
742.4   	-81.26  
742.8   	-81.28  
743.2   	-81.3   
743.6   	-81.32  
744     	-81.35  
744.4   	-81.37  
744.8   	-81.39  
745.2   	-81.41  
745.6   	-81.42  
746     	-81.44  
746.4   	-81.46  
746.8   	-81.48  
747.2   	-81.5   
747.6   	-81.52  
748     	-81.55  
748.4   	-81.58  
748.8   	-81.59  
749.2   	-81.6   
749.6   	-81.6   
750     	-81.6   
750.4   	-81.59  
750.8   	-81.59  
751.2   	-81.58  
751.6   	-81.58  
752     	-81.57  
752.4   	-81.57  
752.8   	-81.57  
753.2   	-81.57  
753.6   	-81.57  
754     	-81.58  
754.4   	-81.59  
754.8   	-81.61  
755.2   	-81.62  
755.6   	-81.64  
756     	-81.67  
756.4   	-81.69  
756.8   	-81.72  
757.2   	-81.75  
757.6   	-81.77  
758     	-81.78  
758.4   	-81.79  
758.8   	-81.79  
759.2   	-81.77  
759.6   	-81.74  
760     	-81.7   
760.4   	-81.66  
760.8   	-81.61  
761.2   	-81.56  
761.6   	-81.51  
762     	-81.46  
762.4   	-81.37  
762.8   	-81.07  
763.2   	-80.3   
763.6   	-77.99  
764     	-69.18  
764.4   	-36.35  
764.8   	42.94   
765.2   	36.79   
765.6   	20.92   
766     	3.06    
766.4   	-14.62  
766.8   	-33.27  
767.2   	-51.16  
767.6   	-63.75  
768     	-70.98  
768.4   	-75     
768.8   	-77.27  
769.2   	-78.61  
769.6   	-79.43  
770     	-79.95  
770.4   	-80.3   
770.8   	-80.54  
771.2   	-80.71  
771.6   	-80.83  
772     	-80.92  
772.4   	-80.98  
772.8   	-81.03  
773.2   	-81.05  
773.6   	-81.05  
774     	-81.04  
774.4   	-81.02  
774.8   	-81     
775.2   	-80.95  
775.6   	-80.9   
776     	-80.85  
776.4   	-80.78  
776.8   	-80.72  
777.2   	-80.64  
777.6   	-80.56  
778     	-80.48  
778.4   	-80.41  
778.8   	-80.33  
779.2   	-80.25  
779.6   	-80.13  
780     	-79.75  
780.4   	-78.71  
780.8   	-74.81  
781.2   	-59.23  
781.6   	11.4    
782     	42.75   
782.4   	30.31   
782.8   	13.1    
783.2   	-4.751  
783.6   	-22.7   
784     	-41.6   
784.4   	-57.58  
784.8   	-67.52  
785.2   	-73.08  
785.6   	-76.19  
786     	-77.97  
786.4   	-79.04  
786.8   	-79.71  
787.2   	-80.14  
787.6   	-80.44  
788     	-80.65  
788.4   	-80.8   
788.8   	-80.91  
789.2   	-80.99  
789.6   	-81.05  
790     	-81.08  
790.4   	-81.1   
790.8   	-81.1   
791.2   	-81.1   
791.6   	-81.1   
792     	-81.09  
792.4   	-81.08  
792.8   	-81.07  
793.2   	-81.06  
793.6   	-81.05  
794     	-81.03  
794.4   	-81.01  
794.8   	-80.99  
795.2   	-80.97  
795.6   	-80.95  
796     	-80.94  
796.4   	-80.92  
796.8   	-80.91  
797.2   	-80.9   
797.6   	-80.89  
798     	-80.87  
798.4   	-80.87  
798.8   	-80.86  
799.2   	-80.86  
799.6   	-80.85  
800     	-80.85  
800.4   	-80.85  
800.8   	-80.84  
801.2   	-80.83  
801.6   	-80.82  
802     	-80.81  
802.4   	-80.8   
802.8   	-80.78  
803.2   	-80.76  
803.6   	-80.74  
804     	-80.72  
804.4   	-80.69  
804.8   	-80.65  
805.2   	-80.61  
805.6   	-80.58  
806     	-80.54  
806.4   	-80.5   
806.8   	-80.45  
807.2   	-80.4   
807.6   	-80.26  
808     	-79.81  
808.4   	-78.52  
808.8   	-73.57  
809.2   	-54.09  
809.6   	30.46   
810     	41.4    
810.4   	27.65   
810.8   	10.15   
811.2   	-7.633  
811.6   	-25.77  
812     	-44.52  
812.4   	-59.58  
812.8   	-68.65  
813.2   	-73.71  
813.6   	-76.54  
814     	-78.18  
814.4   	-79.18  
814.8   	-79.81  
815.2   	-80.22  
815.6   	-80.5   
816     	-80.7   
816.4   	-80.84  
816.8   	-80.93  
817.2   	-81     
817.6   	-81.02  
818     	-81.01  
818.4   	-80.97  
818.8   	-80.92  
819.2   	-80.86  
819.6   	-80.8   
820     	-80.73  
820.4   	-80.67  
820.8   	-80.6   
821.2   	-80.53  
821.6   	-80.46  
822     	-80.4   
822.4   	-80.33  
822.8   	-80.19  
823.2   	-79.77  
823.6   	-78.6   
824     	-74.14  
824.4   	-56.48  
824.8   	23.51   
825.2   	41.99   
825.6   	28.77   
826     	11.39   
826.4   	-6.401  
826.8   	-24.42  
827.2   	-43.23  
827.6   	-58.7   
828     	-68.14  
828.4   	-73.42  
828.8   	-76.37  
829.2   	-78.07  
829.6   	-79.09  
830     	-79.73  
830.4   	-80.15  
830.8   	-80.44  
831.2   	-80.65  
831.6   	-80.8   
832     	-80.91  
832.4   	-80.98  
832.8   	-81.04  
833.2   	-81.08  
833.6   	-81.11  
834     	-81.13  
834.4   	-81.14  
834.8   	-81.14  
835.2   	-81.13  
835.6   	-81.1   
836     	-81.04  
836.4   	-80.96  
836.8   	-80.86  
837.2   	-80.75  
837.6   	-80.64  
838     	-80.52  
838.4   	-80.41  
838.8   	-80.31  
839.2   	-80.2   
839.6   	-80.1   
840     	-79.98  
840.4   	-79.75  
840.8   	-79.14  
841.2   	-77.2   
841.6   	-69.36  
842     	-38.92  
842.4   	42.57   
842.8   	37.38   
843.2   	21.69   
843.6   	3.828   
844     	-13.86  
844.4   	-32.48  
844.8   	-50.51  
845.2   	-63.36  
845.6   	-70.74  
846     	-74.83  
846.4   	-77.14  
846.8   	-78.48  
847.2   	-79.29  
847.6   	-79.8   
848     	-80.13  
848.4   	-80.34  
848.8   	-80.47  
849.2   	-80.56  
849.6   	-80.61  
850     	-80.64  
850.4   	-80.65  
850.8   	-80.66  
851.2   	-80.66  
851.6   	-80.65  
852     	-80.64  
852.4   	-80.62  
852.8   	-80.6   
853.2   	-80.59  
853.6   	-80.57  
854     	-80.56  
854.4   	-80.55  
854.8   	-80.54  
855.2   	-80.52  
855.6   	-80.5   
856     	-80.47  
856.4   	-80.44  
856.8   	-80.4   
857.2   	-80.37  
857.6   	-80.33  
858     	-80.29  
858.4   	-80.25  
858.8   	-80.21  
859.2   	-80.17  
859.6   	-80.13  
860     	-80.1   
860.4   	-80.07  
860.8   	-80.04  
861.2   	-80.03  
861.6   	-80.01  
862     	-80.01  
862.4   	-80.01  
862.8   	-80.02  
863.2   	-80.03  
863.6   	-80.03  
864     	-80.04  
864.4   	-80.03  
864.8   	-79.91  
865.2   	-79.47  
865.6   	-78.14  
866     	-72.95  
866.4   	-52.4   
866.8   	33.62   
867.2   	40.96   
867.6   	26.88   
868     	9.303   
868.4   	-8.466  
868.8   	-26.68  
869.2   	-45.39  
869.6   	-60.17  
870     	-68.99  
870.4   	-73.89  
870.8   	-76.64  
871.2   	-78.22  
871.6   	-79.18  
872     	-79.78  
872.4   	-80.17  
872.8   	-80.44  
873.2   	-80.62  
873.6   	-80.74  
874     	-80.82  
874.4   	-80.87  
874.8   	-80.89  
875.2   	-80.91  
875.6   	-80.9   
876     	-80.89  
876.4   	-80.86  
876.8   	-80.83  
877.2   	-80.79  
877.6   	-80.74  
878     	-80.69  
878.4   	-80.65  
878.8   	-80.6   
879.2   	-80.55  
879.6   	-80.5   
880     	-80.41  
880.4   	-80.09  
880.8   	-79.21  
881.2   	-76.2   
881.6   	-64.29  
882     	-16.6   
882.4   	43.6    
882.8   	33.3    
883.2   	16.59   
883.6   	-1.309  
884     	-19.08  
884.4   	-37.95  
884.8   	-54.9   
885.2   	-65.97  
885.6   	-72.22  
886     	-75.7   
886.4   	-77.69  
886.8   	-78.87  
887.2   	-79.61  
887.6   	-80.1   
888     	-80.44  
888.4   	-80.67  
888.8   	-80.84  
889.2   	-80.97  
889.6   	-81.07  
890     	-81.15  
890.4   	-81.21  
890.8   	-81.26  
891.2   	-81.3   
891.6   	-81.34  
892     	-81.36  
892.4   	-81.38  
892.8   	-81.38  
893.2   	-81.37  
893.6   	-81.36  
894     	-81.34  
894.4   	-81.32  
894.8   	-81.29  
895.2   	-81.24  
895.6   	-81.16  
896     	-80.94  
896.4   	-80.34  
896.8   	-78.69  
897.2   	-72.44  
897.6   	-48.8   
898     	37.86   
898.4   	39.9    
898.8   	25.27   
899.2   	7.585   
899.6   	-10.13  
900     	-28.45  
900.4   	-46.98  
900.8   	-61.17  
901.2   	-69.54  
901.6   	-74.19  
902     	-76.8   
902.4   	-78.32  
902.8   	-79.24  
903.2   	-79.83  
903.6   	-80.22  
904     	-80.48  
904.4   	-80.67  
904.8   	-80.8   
905.2   	-80.9   
905.6   	-80.97  
906     	-81.03  
906.4   	-81.06  
906.8   	-81.09  
907.2   	-81.11  
907.6   	-81.11  
908     	-81.1   
908.4   	-81.09  
908.8   	-81.03  
909.2   	-80.82  
909.6   	-80.21  
910     	-78.48  
910.4   	-71.92  
910.8   	-47.17  
911.2   	38.98   
911.6   	39.37   
912     	24.52   
912.4   	6.808   
912.8   	-10.88  
913.2   	-29.25  
913.6   	-47.67  
914     	-61.59  
914.4   	-69.76  
914.8   	-74.31  
915.2   	-76.86  
915.6   	-78.35  
916     	-79.24  
916.4   	-79.81  
916.8   	-80.18  
917.2   	-80.42  
917.6   	-80.59  
918     	-80.7   
918.4   	-80.78  
918.8   	-80.81  
919.2   	-80.82  
919.6   	-80.81  
920     	-80.79  
920.4   	-80.77  
920.8   	-80.74  
921.2   	-80.72  
921.6   	-80.69  
922     	-80.67  
922.4   	-80.64  
922.8   	-80.62  
923.2   	-80.6   
923.6   	-80.59  
924     	-80.58  
924.4   	-80.57  
924.8   	-80.57  
925.2   	-80.57  
925.6   	-80.58  
926     	-80.59  
926.4   	-80.6   
926.8   	-80.62  
927.2   	-80.64  
927.6   	-80.66  
928     	-80.69  
928.4   	-80.72  
928.8   	-80.75  
929.2   	-80.77  
929.6   	-80.79  
930     	-80.8   
930.4   	-80.81  
930.8   	-80.81  
931.2   	-80.79  
931.6   	-80.77  
932     	-80.63  
932.4   	-80.15  
932.8   	-78.83  
933.2   	-73.94  
933.6   	-54.89  
934     	28.6    
934.4   	41.6    
934.8   	28.01   
935.2   	10.55   
935.6   	-7.235  
936     	-25.34  
936.4   	-44.11  
936.8   	-59.3   
937.2   	-68.49  
937.6   	-73.62  
938     	-76.5   
938.4   	-78.17  
938.8   	-79.19  
939.2   	-79.83  
939.6   	-80.26  
940     	-80.56  
940.4   	-80.78  
940.8   	-80.94  
941.2   	-81.06  
941.6   	-81.16  
942     	-81.23  
942.4   	-81.29  
942.8   	-81.34  
943.2   	-81.37  
943.6   	-81.4   
944     	-81.42  
944.4   	-81.43  
944.8   	-81.43  
945.2   	-81.43  
945.6   	-81.42  
946     	-81.42  
946.4   	-81.41  
946.8   	-81.41  
947.2   	-81.4   
947.6   	-81.4   
948     	-81.4   
948.4   	-81.41  
948.8   	-81.41  
949.2   	-81.41  
949.6   	-81.4   
950     	-81.38  
950.4   	-81.36  
950.8   	-81.33  
951.2   	-81.31  
951.6   	-81.29  
952     	-81.26  
952.4   	-81.24  
952.8   	-81.21  
953.2   	-81.19  
953.6   	-81.18  
954     	-81.16  
954.4   	-81.15  
954.8   	-81.14  
955.2   	-81.13  
955.6   	-81.12  
956     	-81.11  
956.4   	-81.1   
956.8   	-81.09  
957.2   	-81.07  
957.6   	-81.06  
958     	-81.05  
958.4   	-81.04  
958.8   	-81.03  
959.2   	-81.03  
959.6   	-81.03  
960     	-81.01  
960.4   	-80.99  
960.8   	-80.97  
961.2   	-80.95  
961.6   	-80.93  
962     	-80.9   
962.4   	-80.87  
962.8   	-80.84  
963.2   	-80.81  
963.6   	-80.79  
964     	-80.76  
964.4   	-80.74  
964.8   	-80.69  
965.2   	-80.51  
965.6   	-79.95  
966     	-78.32  
966.4   	-71.98  
966.8   	-47.71  
967.2   	38.75   
967.6   	39.61   
968     	24.8    
968.4   	7.09    
968.8   	-10.61  
969.2   	-28.96  
969.6   	-47.43  
970     	-61.45  
970.4   	-69.69  
970.8   	-74.27  
971.2   	-76.85  
971.6   	-78.36  
972     	-79.27  
972.4   	-79.86  
972.8   	-80.25  
973.2   	-80.52  
973.6   	-80.71  
974     	-80.86  
974.4   	-80.97  
974.8   	-81.06  
975.2   	-81.14  
975.6   	-81.19  
976     	-81.23  
976.4   	-81.26  
976.8   	-81.29  
977.2   	-81.31  
977.6   	-81.32  
978     	-81.33  
978.4   	-81.33  
978.8   	-81.33  
979.2   	-81.32  
979.6   	-81.31  
980     	-81.29  
980.4   	-81.27  
980.8   	-81.24  
981.2   	-81.21  
981.6   	-81.17  
982     	-81.14  
982.4   	-81.11  
982.8   	-81.07  
983.2   	-81.03  
983.6   	-81     
984     	-80.96  
984.4   	-80.92  
984.8   	-80.87  
985.2   	-80.82  
985.6   	-80.76  
986     	-80.7   
986.4   	-80.64  
986.8   	-80.57  
987.2   	-80.5   
987.6   	-80.44  
988     	-80.38  
988.4   	-80.33  
988.8   	-80.28  
989.2   	-80.24  
989.6   	-80.2   
990     	-80.16  
990.4   	-80.13  
990.8   	-80.09  
991.2   	-80.06  
991.6   	-80.02  
992     	-79.98  
992.4   	-79.93  
992.8   	-79.88  
993.2   	-79.83  
993.6   	-79.78  
994     	-79.74  
994.4   	-79.7   
994.8   	-79.67  
995.2   	-79.64  
995.6   	-79.62  
996     	-79.61  
996.4   	-79.6   
996.8   	-79.6   
997.2   	-79.61  
997.6   	-79.61  
998     	-79.62  
998.4   	-79.63  
998.8   	-79.65  
999.2   	-79.66  
999.6   	-79.68  
