
SWEPT_VAR_1 = 95.0    // Syn: Source PP \ NetStim \ PARAMETER \ interval (ms)

t	s.v( 0.05 )
ms	mV
0       	-64.65  
0.4     	-65.51  
0.8     	-66.35  
1.2     	-67.15  
1.6     	-67.92  
2       	-68.66  
2.4     	-69.37  
2.8     	-70.05  
3.2     	-70.7   
3.6     	-71.32  
4       	-71.9   
4.4     	-72.45  
4.8     	-72.97  
5.2     	-73.46  
5.6     	-73.92  
6       	-74.35  
6.4     	-74.75  
6.8     	-75.13  
7.2     	-75.49  
7.6     	-75.83  
8       	-76.15  
8.4     	-76.45  
8.8     	-76.73  
9.2     	-76.99  
9.6     	-77.22  
10      	-77.43  
10.4    	-77.63  
10.8    	-77.82  
11.2    	-78     
11.6    	-78.15  
12      	-78.3   
12.4    	-78.44  
12.8    	-78.57  
13.2    	-78.7   
13.6    	-78.82  
14      	-78.93  
14.4    	-79.05  
14.8    	-79.16  
15.2    	-79.27  
15.6    	-79.37  
16      	-79.47  
16.4    	-79.56  
16.8    	-79.64  
17.2    	-79.73  
17.6    	-79.8   
18      	-79.87  
18.4    	-79.92  
18.8    	-79.96  
19.2    	-79.99  
19.6    	-80.02  
20      	-80.05  
20.4    	-80.08  
20.8    	-80.1   
21.2    	-80.13  
21.6    	-80.15  
22      	-80.17  
22.4    	-80.19  
22.8    	-80.2   
23.2    	-80.22  
23.6    	-80.24  
24      	-80.25  
24.4    	-80.26  
24.8    	-80.27  
25.2    	-80.27  
25.6    	-80.27  
26      	-80.27  
26.4    	-80.27  
26.8    	-80.28  
27.2    	-80.29  
27.6    	-80.3   
28      	-80.32  
28.4    	-80.34  
28.8    	-80.36  
29.2    	-80.39  
29.6    	-80.42  
30      	-80.45  
30.4    	-80.47  
30.8    	-80.5   
31.2    	-80.52  
31.6    	-80.53  
32      	-80.54  
32.4    	-80.55  
32.8    	-80.57  
33.2    	-80.59  
33.6    	-80.6   
34      	-80.63  
34.4    	-80.65  
34.8    	-80.67  
35.2    	-80.7   
35.6    	-80.72  
36      	-80.74  
36.4    	-80.76  
36.8    	-80.78  
37.2    	-80.8   
37.6    	-80.82  
38      	-80.85  
38.4    	-80.87  
38.8    	-80.89  
39.2    	-80.91  
39.6    	-80.93  
40      	-80.96  
40.4    	-80.98  
40.8    	-81     
41.2    	-81.01  
41.6    	-81.04  
42      	-81.06  
42.4    	-81.08  
42.8    	-81.11  
43.2    	-81.14  
43.6    	-81.16  
44      	-81.17  
44.4    	-81.18  
44.8    	-81.18  
45.2    	-81.19  
45.6    	-81.2   
46      	-81.22  
46.4    	-81.23  
46.8    	-81.24  
47.2    	-81.26  
47.6    	-81.27  
48      	-81.29  
48.4    	-81.31  
48.8    	-81.34  
49.2    	-81.36  
49.6    	-81.39  
50      	-81.42  
50.4    	-81.46  
50.8    	-81.49  
51.2    	-81.53  
51.6    	-81.57  
52      	-81.6   
52.4    	-81.64  
52.8    	-81.68  
53.2    	-81.71  
53.6    	-81.74  
54      	-81.77  
54.4    	-81.8   
54.8    	-81.82  
55.2    	-81.85  
55.6    	-81.87  
56      	-81.9   
56.4    	-81.92  
56.8    	-81.95  
57.2    	-81.97  
57.6    	-81.99  
58      	-82.01  
58.4    	-82.01  
58.8    	-82.01  
59.2    	-82     
59.6    	-81.98  
60      	-81.96  
60.4    	-81.92  
60.8    	-81.88  
61.2    	-81.83  
61.6    	-81.79  
62      	-81.74  
62.4    	-81.7   
62.8    	-81.66  
63.2    	-81.63  
63.6    	-81.6   
64      	-81.58  
64.4    	-81.57  
64.8    	-81.55  
65.2    	-81.55  
65.6    	-81.54  
66      	-81.53  
66.4    	-81.51  
66.8    	-81.5   
67.2    	-81.48  
67.6    	-81.46  
68      	-81.45  
68.4    	-81.44  
68.8    	-81.43  
69.2    	-81.42  
69.6    	-81.4   
70      	-81.38  
70.4    	-81.35  
70.8    	-81.32  
71.2    	-81.29  
71.6    	-81.25  
72      	-81.2   
72.4    	-81.14  
72.8    	-81.07  
73.2    	-81.01  
73.6    	-80.95  
74      	-80.88  
74.4    	-80.82  
74.8    	-80.77  
75.2    	-80.72  
75.6    	-80.67  
76      	-80.63  
76.4    	-80.58  
76.8    	-80.54  
77.2    	-80.49  
77.6    	-80.45  
78      	-80.41  
78.4    	-80.38  
78.8    	-80.35  
79.2    	-80.32  
79.6    	-80.29  
80      	-80.26  
80.4    	-80.22  
80.8    	-80.16  
81.2    	-80.09  
81.6    	-79.89  
82      	-79.3   
82.4    	-77.49  
82.8    	-70.19  
83.2    	-41.93  
83.6    	41.81   
84      	38.13   
84.4    	22.69   
84.8    	4.856   
85.2    	-12.84  
85.6    	-31.4   
86      	-49.61  
86.4    	-62.83  
86.8    	-70.48  
87.2    	-74.72  
87.6    	-77.12  
88      	-78.53  
88.4    	-79.39  
88.8    	-79.95  
89.2    	-80.32  
89.6    	-80.59  
90      	-80.78  
90.4    	-80.93  
90.8    	-81.05  
91.2    	-81.14  
91.6    	-81.22  
92      	-81.29  
92.4    	-81.35  
92.8    	-81.41  
93.2    	-81.46  
93.6    	-81.5   
94      	-81.53  
94.4    	-81.56  
94.8    	-81.58  
95.2    	-81.61  
95.6    	-81.63  
96      	-81.65  
96.4    	-81.67  
96.8    	-81.7   
97.2    	-81.72  
97.6    	-81.74  
98      	-81.76  
98.4    	-81.77  
98.8    	-81.78  
99.2    	-81.78  
99.6    	-81.77  
100     	-81.77  
100.4   	-81.76  
100.8   	-81.74  
101.2   	-81.73  
101.6   	-81.72  
102     	-81.7   
102.4   	-81.68  
102.8   	-81.67  
103.2   	-81.65  
103.6   	-81.64  
104     	-81.63  
104.4   	-81.62  
104.8   	-81.6   
105.2   	-81.59  
105.6   	-81.57  
106     	-81.57  
106.4   	-81.56  
106.8   	-81.56  
107.2   	-81.57  
107.6   	-81.57  
108     	-81.57  
108.4   	-81.58  
108.8   	-81.59  
109.2   	-81.6   
109.6   	-81.61  
110     	-81.63  
110.4   	-81.64  
110.8   	-81.66  
111.2   	-81.67  
111.6   	-81.67  
112     	-81.66  
112.4   	-81.64  
112.8   	-81.62  
113.2   	-81.59  
113.6   	-81.55  
114     	-81.51  
114.4   	-81.47  
114.8   	-81.43  
115.2   	-81.38  
115.6   	-81.35  
116     	-81.31  
116.4   	-81.28  
116.8   	-81.25  
117.2   	-81.23  
117.6   	-81.22  
118     	-81.21  
118.4   	-81.2   
118.8   	-81.2   
119.2   	-81.2   
119.6   	-81.21  
120     	-81.23  
120.4   	-81.24  
120.8   	-81.27  
121.2   	-81.29  
121.6   	-81.3   
122     	-81.29  
122.4   	-81.29  
122.8   	-81.28  
123.2   	-81.27  
123.6   	-81.27  
124     	-81.27  
124.4   	-81.27  
124.8   	-81.27  
125.2   	-81.26  
125.6   	-81.25  
126     	-81.22  
126.4   	-81.19  
126.8   	-81.15  
127.2   	-81.11  
127.6   	-81.06  
128     	-81     
128.4   	-80.95  
128.8   	-80.9   
129.2   	-80.86  
129.6   	-80.82  
130     	-80.78  
130.4   	-80.75  
130.8   	-80.71  
131.2   	-80.67  
131.6   	-80.64  
132     	-80.61  
132.4   	-80.58  
132.8   	-80.56  
133.2   	-80.55  
133.6   	-80.54  
134     	-80.54  
134.4   	-80.55  
134.8   	-80.56  
135.2   	-80.58  
135.6   	-80.6   
136     	-80.62  
136.4   	-80.64  
136.8   	-80.66  
137.2   	-80.68  
137.6   	-80.69  
138     	-80.69  
138.4   	-80.7   
138.8   	-80.7   
139.2   	-80.7   
139.6   	-80.71  
140     	-80.72  
140.4   	-80.73  
140.8   	-80.75  
141.2   	-80.77  
141.6   	-80.79  
142     	-80.81  
142.4   	-80.84  
142.8   	-80.86  
143.2   	-80.88  
143.6   	-80.9   
144     	-80.92  
144.4   	-80.94  
144.8   	-80.96  
145.2   	-80.98  
145.6   	-81     
146     	-81.03  
146.4   	-81.06  
146.8   	-81.09  
147.2   	-81.12  
147.6   	-81.16  
148     	-81.19  
148.4   	-81.22  
148.8   	-81.25  
149.2   	-81.27  
149.6   	-81.28  
150     	-81.28  
150.4   	-81.27  
150.8   	-81.26  
151.2   	-81.25  
151.6   	-81.24  
152     	-81.23  
152.4   	-81.22  
152.8   	-81.2   
153.2   	-81.19  
153.6   	-81.18  
154     	-81.16  
154.4   	-81.15  
154.8   	-81.14  
155.2   	-81.13  
155.6   	-81.13  
156     	-81.13  
156.4   	-81.13  
156.8   	-81.12  
157.2   	-81.11  
157.6   	-81.09  
158     	-81.07  
158.4   	-81.05  
158.8   	-81.03  
159.2   	-81     
159.6   	-80.98  
160     	-80.96  
160.4   	-80.95  
160.8   	-80.93  
161.2   	-80.91  
161.6   	-80.9   
162     	-80.88  
162.4   	-80.87  
162.8   	-80.86  
163.2   	-80.86  
163.6   	-80.86  
164     	-80.86  
164.4   	-80.86  
164.8   	-80.86  
165.2   	-80.86  
165.6   	-80.86  
166     	-80.86  
166.4   	-80.86  
166.8   	-80.86  
167.2   	-80.86  
167.6   	-80.86  
168     	-80.86  
168.4   	-80.86  
168.8   	-80.86  
169.2   	-80.86  
169.6   	-80.86  
170     	-80.86  
170.4   	-80.86  
170.8   	-80.85  
171.2   	-80.84  
171.6   	-80.84  
172     	-80.84  
172.4   	-80.84  
172.8   	-80.85  
173.2   	-80.86  
173.6   	-80.87  
174     	-80.89  
174.4   	-80.91  
174.8   	-80.92  
175.2   	-80.94  
175.6   	-80.96  
176     	-80.98  
176.4   	-81     
176.8   	-81.02  
177.2   	-81.03  
177.6   	-81.03  
178     	-81.03  
178.4   	-81.02  
178.8   	-81     
179.2   	-81     
179.6   	-80.99  
180     	-80.99  
180.4   	-81     
180.8   	-81     
181.2   	-81.01  
181.6   	-81.03  
182     	-81.04  
182.4   	-81.06  
182.8   	-81.07  
183.2   	-81.08  
183.6   	-81.1   
184     	-81.1   
184.4   	-81.11  
184.8   	-81.11  
185.2   	-81.1   
185.6   	-81.08  
186     	-81.06  
186.4   	-81.04  
186.8   	-81.02  
187.2   	-81     
187.6   	-80.98  
188     	-80.97  
188.4   	-80.95  
188.8   	-80.94  
189.2   	-80.92  
189.6   	-80.91  
190     	-80.9   
190.4   	-80.89  
190.8   	-80.89  
191.2   	-80.88  
191.6   	-80.88  
192     	-80.88  
192.4   	-80.87  
192.8   	-80.86  
193.2   	-80.85  
193.6   	-80.83  
194     	-80.81  
194.4   	-80.79  
194.8   	-80.76  
195.2   	-80.74  
195.6   	-80.72  
196     	-80.7   
196.4   	-80.69  
196.8   	-80.68  
197.2   	-80.67  
197.6   	-80.67  
198     	-80.66  
198.4   	-80.66  
198.8   	-80.67  
199.2   	-80.68  
199.6   	-80.69  
200     	-80.71  
200.4   	-80.73  
200.8   	-80.76  
201.2   	-80.79  
201.6   	-80.82  
202     	-80.86  
202.4   	-80.89  
202.8   	-80.93  
203.2   	-80.97  
203.6   	-81     
204     	-81.03  
204.4   	-81.06  
204.8   	-81.08  
205.2   	-81.09  
205.6   	-81.11  
206     	-81.12  
206.4   	-81.14  
206.8   	-81.16  
207.2   	-81.17  
207.6   	-81.18  
208     	-81.19  
208.4   	-81.2   
208.8   	-81.22  
209.2   	-81.23  
209.6   	-81.25  
210     	-81.26  
210.4   	-81.28  
210.8   	-81.3   
211.2   	-81.31  
211.6   	-81.32  
212     	-81.32  
212.4   	-81.32  
212.8   	-81.33  
213.2   	-81.33  
213.6   	-81.34  
214     	-81.35  
214.4   	-81.36  
214.8   	-81.37  
215.2   	-81.39  
215.6   	-81.41  
216     	-81.43  
216.4   	-81.46  
216.8   	-81.48  
217.2   	-81.51  
217.6   	-81.54  
218     	-81.56  
218.4   	-81.58  
218.8   	-81.61  
219.2   	-81.63  
219.6   	-81.66  
220     	-81.68  
220.4   	-81.71  
220.8   	-81.73  
221.2   	-81.74  
221.6   	-81.74  
222     	-81.72  
222.4   	-81.69  
222.8   	-81.66  
223.2   	-81.63  
223.6   	-81.61  
224     	-81.58  
224.4   	-81.55  
224.8   	-81.52  
225.2   	-81.49  
225.6   	-81.47  
226     	-81.45  
226.4   	-81.43  
226.8   	-81.42  
227.2   	-81.4   
227.6   	-81.39  
228     	-81.37  
228.4   	-81.36  
228.8   	-81.34  
229.2   	-81.32  
229.6   	-81.3   
230     	-81.29  
230.4   	-81.29  
230.8   	-81.28  
231.2   	-81.27  
231.6   	-81.26  
232     	-81.25  
232.4   	-81.25  
232.8   	-81.25  
233.2   	-81.26  
233.6   	-81.27  
234     	-81.29  
234.4   	-81.3   
234.8   	-81.33  
235.2   	-81.35  
235.6   	-81.38  
236     	-81.4   
236.4   	-81.43  
236.8   	-81.44  
237.2   	-81.46  
237.6   	-81.48  
238     	-81.5   
238.4   	-81.52  
238.8   	-81.54  
239.2   	-81.56  
239.6   	-81.59  
240     	-81.62  
240.4   	-81.65  
240.8   	-81.68  
241.2   	-81.72  
241.6   	-81.75  
242     	-81.78  
242.4   	-81.81  
242.8   	-81.84  
243.2   	-81.87  
243.6   	-81.9   
244     	-81.93  
244.4   	-81.97  
244.8   	-82     
245.2   	-82.04  
245.6   	-82.07  
246     	-82.11  
246.4   	-82.15  
246.8   	-82.19  
247.2   	-82.23  
247.6   	-82.28  
248     	-82.32  
248.4   	-82.36  
248.8   	-82.39  
249.2   	-82.42  
249.6   	-82.45  
250     	-82.48  
250.4   	-82.51  
250.8   	-82.54  
251.2   	-82.57  
251.6   	-82.59  
252     	-82.62  
252.4   	-82.64  
252.8   	-82.66  
253.2   	-82.69  
253.6   	-82.71  
254     	-82.72  
254.4   	-82.73  
254.8   	-82.73  
255.2   	-82.74  
255.6   	-82.75  
256     	-82.76  
256.4   	-82.77  
256.8   	-82.78  
257.2   	-82.8   
257.6   	-82.81  
258     	-82.81  
258.4   	-82.81  
258.8   	-82.8   
259.2   	-82.79  
259.6   	-82.77  
260     	-82.75  
260.4   	-82.72  
260.8   	-82.7   
261.2   	-82.67  
261.6   	-82.65  
262     	-82.63  
262.4   	-82.6   
262.8   	-82.58  
263.2   	-82.55  
263.6   	-82.53  
264     	-82.5   
264.4   	-82.46  
264.8   	-82.41  
265.2   	-82.36  
265.6   	-82.3   
266     	-82.25  
266.4   	-82.19  
266.8   	-82.13  
267.2   	-82.08  
267.6   	-82.02  
268     	-81.97  
268.4   	-81.92  
268.8   	-81.87  
269.2   	-81.82  
269.6   	-81.77  
270     	-81.72  
270.4   	-81.68  
270.8   	-81.63  
271.2   	-81.58  
271.6   	-81.54  
272     	-81.5   
272.4   	-81.47  
272.8   	-81.44  
273.2   	-81.41  
273.6   	-81.39  
274     	-81.37  
274.4   	-81.36  
274.8   	-81.35  
275.2   	-81.35  
275.6   	-81.35  
276     	-81.35  
276.4   	-81.35  
276.8   	-81.35  
277.2   	-81.35  
277.6   	-81.35  
278     	-81.35  
278.4   	-81.36  
278.8   	-81.37  
279.2   	-81.38  
279.6   	-81.39  
280     	-81.4   
280.4   	-81.42  
280.8   	-81.44  
281.2   	-81.45  
281.6   	-81.45  
282     	-81.46  
282.4   	-81.46  
282.8   	-81.47  
283.2   	-81.47  
283.6   	-81.48  
284     	-81.49  
284.4   	-81.51  
284.8   	-81.52  
285.2   	-81.54  
285.6   	-81.57  
286     	-81.59  
286.4   	-81.62  
286.8   	-81.65  
287.2   	-81.68  
287.6   	-81.72  
288     	-81.75  
288.4   	-81.79  
288.8   	-81.83  
289.2   	-81.86  
289.6   	-81.9   
290     	-81.93  
290.4   	-81.95  
290.8   	-81.97  
291.2   	-81.99  
291.6   	-82     
292     	-82.01  
292.4   	-82.03  
292.8   	-82.04  
293.2   	-82.05  
293.6   	-82.06  
294     	-82.07  
294.4   	-82.07  
294.8   	-82.07  
295.2   	-82.07  
295.6   	-82.07  
296     	-82.06  
296.4   	-82.05  
296.8   	-82.03  
297.2   	-82     
297.6   	-81.97  
298     	-81.94  
298.4   	-81.92  
298.8   	-81.89  
299.2   	-81.87  
299.6   	-81.86  
300     	-81.84  
300.4   	-81.83  
300.8   	-81.81  
301.2   	-81.78  
301.6   	-81.76  
302     	-81.73  
302.4   	-81.7   
302.8   	-81.68  
303.2   	-81.66  
303.6   	-81.64  
304     	-81.62  
304.4   	-81.61  
304.8   	-81.6   
305.2   	-81.6   
305.6   	-81.6   
306     	-81.6   
306.4   	-81.6   
306.8   	-81.6   
307.2   	-81.61  
307.6   	-81.6   
308     	-81.59  
308.4   	-81.57  
308.8   	-81.55  
309.2   	-81.52  
309.6   	-81.49  
310     	-81.46  
310.4   	-81.43  
310.8   	-81.4   
311.2   	-81.37  
311.6   	-81.35  
312     	-81.33  
312.4   	-81.31  
312.8   	-81.3   
313.2   	-81.27  
313.6   	-81.25  
314     	-81.23  
314.4   	-81.21  
314.8   	-81.19  
315.2   	-81.18  
315.6   	-81.16  
316     	-81.15  
316.4   	-81.14  
316.8   	-81.13  
317.2   	-81.12  
317.6   	-81.12  
318     	-81.12  
318.4   	-81.12  
318.8   	-81.12  
319.2   	-81.12  
319.6   	-81.13  
320     	-81.13  
320.4   	-81.13  
320.8   	-81.14  
321.2   	-81.14  
321.6   	-81.15  
322     	-81.16  
322.4   	-81.16  
322.8   	-81.15  
323.2   	-81.14  
323.6   	-81.12  
324     	-81.07  
324.4   	-80.88  
324.8   	-80.3   
325.2   	-78.66  
325.6   	-72.45  
326     	-48.9   
326.4   	37.81   
326.8   	39.95   
327.2   	25.32   
327.6   	7.64    
328     	-10.08  
328.4   	-28.4   
328.8   	-46.93  
329.2   	-61.15  
329.6   	-69.53  
330     	-74.19  
330.4   	-76.82  
330.8   	-78.36  
331.2   	-79.29  
331.6   	-79.89  
332     	-80.3   
332.4   	-80.58  
332.8   	-80.79  
333.2   	-80.94  
333.6   	-81.06  
334     	-81.15  
334.4   	-81.21  
334.8   	-81.26  
335.2   	-81.29  
335.6   	-81.32  
336     	-81.33  
336.4   	-81.34  
336.8   	-81.35  
337.2   	-81.35  
337.6   	-81.35  
338     	-81.34  
338.4   	-81.34  
338.8   	-81.32  
339.2   	-81.3   
339.6   	-81.27  
340     	-81.24  
340.4   	-81.21  
340.8   	-81.18  
341.2   	-81.15  
341.6   	-81.13  
342     	-81.11  
342.4   	-81.1   
342.8   	-81.09  
343.2   	-81.09  
343.6   	-81.08  
344     	-81.08  
344.4   	-81.07  
344.8   	-81.07  
345.2   	-81.07  
345.6   	-81.07  
346     	-81.08  
346.4   	-81.09  
346.8   	-81.1   
347.2   	-81.11  
347.6   	-81.13  
348     	-81.14  
348.4   	-81.16  
348.8   	-81.17  
349.2   	-81.19  
349.6   	-81.21  
350     	-81.22  
350.4   	-81.24  
350.8   	-81.25  
351.2   	-81.27  
351.6   	-81.28  
352     	-81.29  
352.4   	-81.29  
352.8   	-81.3   
353.2   	-81.3   
353.6   	-81.31  
354     	-81.31  
354.4   	-81.32  
354.8   	-81.32  
355.2   	-81.31  
355.6   	-81.31  
356     	-81.31  
356.4   	-81.31  
356.8   	-81.3   
357.2   	-81.3   
357.6   	-81.29  
358     	-81.29  
358.4   	-81.29  
358.8   	-81.28  
359.2   	-81.28  
359.6   	-81.28  
360     	-81.29  
360.4   	-81.29  
360.8   	-81.3   
361.2   	-81.31  
361.6   	-81.33  
362     	-81.34  
362.4   	-81.35  
362.8   	-81.37  
363.2   	-81.38  
363.6   	-81.38  
364     	-81.38  
364.4   	-81.39  
364.8   	-81.39  
365.2   	-81.4   
365.6   	-81.41  
366     	-81.42  
366.4   	-81.42  
366.8   	-81.42  
367.2   	-81.42  
367.6   	-81.41  
368     	-81.4   
368.4   	-81.39  
368.8   	-81.38  
369.2   	-81.36  
369.6   	-81.33  
370     	-81.3   
370.4   	-81.27  
370.8   	-81.24  
371.2   	-81.21  
371.6   	-81.18  
372     	-81.15  
372.4   	-81.12  
372.8   	-81.1   
373.2   	-81.07  
373.6   	-81.05  
374     	-81.03  
374.4   	-81.02  
374.8   	-81     
375.2   	-81     
375.6   	-80.99  
376     	-80.99  
376.4   	-81     
376.8   	-81     
377.2   	-81.01  
377.6   	-81.02  
378     	-81.04  
378.4   	-81.06  
378.8   	-81.08  
379.2   	-81.1   
379.6   	-81.13  
380     	-81.16  
380.4   	-81.19  
380.8   	-81.22  
381.2   	-81.25  
381.6   	-81.28  
382     	-81.32  
382.4   	-81.35  
382.8   	-81.39  
383.2   	-81.43  
383.6   	-81.47  
384     	-81.52  
384.4   	-81.56  
384.8   	-81.61  
385.2   	-81.65  
385.6   	-81.7   
386     	-81.75  
386.4   	-81.8   
386.8   	-81.85  
387.2   	-81.9   
387.6   	-81.95  
388     	-82.01  
388.4   	-82.06  
388.8   	-82.11  
389.2   	-82.15  
389.6   	-82.2   
390     	-82.23  
390.4   	-82.26  
390.8   	-82.28  
391.2   	-82.3   
391.6   	-82.32  
392     	-82.34  
392.4   	-82.36  
392.8   	-82.38  
393.2   	-82.39  
393.6   	-82.4   
394     	-82.41  
394.4   	-82.42  
394.8   	-82.42  
395.2   	-82.43  
395.6   	-82.43  
396     	-82.43  
396.4   	-82.43  
396.8   	-82.42  
397.2   	-82.39  
397.6   	-82.35  
398     	-82.3   
398.4   	-82.25  
398.8   	-82.19  
399.2   	-82.14  
399.6   	-82.09  
400     	-82.05  
400.4   	-82     
400.8   	-81.96  
401.2   	-81.92  
401.6   	-81.87  
402     	-81.84  
402.4   	-81.8   
402.8   	-81.77  
403.2   	-81.75  
403.6   	-81.73  
404     	-81.71  
404.4   	-81.7   
404.8   	-81.7   
405.2   	-81.69  
405.6   	-81.69  
406     	-81.7   
406.4   	-81.7   
406.8   	-81.71  
407.2   	-81.72  
407.6   	-81.73  
408     	-81.75  
408.4   	-81.76  
408.8   	-81.77  
409.2   	-81.77  
409.6   	-81.77  
410     	-81.78  
410.4   	-81.78  
410.8   	-81.78  
411.2   	-81.78  
411.6   	-81.78  
412     	-81.78  
412.4   	-81.77  
412.8   	-81.77  
413.2   	-81.77  
413.6   	-81.76  
414     	-81.76  
414.4   	-81.75  
414.8   	-81.74  
415.2   	-81.72  
415.6   	-81.71  
416     	-81.7   
416.4   	-81.69  
416.8   	-81.68  
417.2   	-81.68  
417.6   	-81.68  
418     	-81.69  
418.4   	-81.7   
418.8   	-81.71  
419.2   	-81.72  
419.6   	-81.73  
420     	-81.75  
420.4   	-81.76  
420.8   	-81.78  
421.2   	-81.79  
421.6   	-81.79  
422     	-81.8   
422.4   	-81.8   
422.8   	-81.8   
423.2   	-81.8   
423.6   	-81.81  
424     	-81.81  
424.4   	-81.82  
424.8   	-81.84  
425.2   	-81.85  
425.6   	-81.87  
426     	-81.89  
426.4   	-81.91  
426.8   	-81.93  
427.2   	-81.95  
427.6   	-81.98  
428     	-82     
428.4   	-82.02  
428.8   	-82.05  
429.2   	-82.08  
429.6   	-82.1   
430     	-82.13  
430.4   	-82.17  
430.8   	-82.2   
431.2   	-82.23  
431.6   	-82.26  
432     	-82.28  
432.4   	-82.31  
432.8   	-82.33  
433.2   	-82.35  
433.6   	-82.36  
434     	-82.38  
434.4   	-82.39  
434.8   	-82.4   
435.2   	-82.41  
435.6   	-82.41  
436     	-82.41  
436.4   	-82.41  
436.8   	-82.42  
437.2   	-82.41  
437.6   	-82.41  
438     	-82.4   
438.4   	-82.39  
438.8   	-82.38  
439.2   	-82.37  
439.6   	-82.36  
440     	-82.35  
440.4   	-82.35  
440.8   	-82.35  
441.2   	-82.35  
441.6   	-82.36  
442     	-82.36  
442.4   	-82.37  
442.8   	-82.38  
443.2   	-82.39  
443.6   	-82.39  
444     	-82.39  
444.4   	-82.38  
444.8   	-82.38  
445.2   	-82.37  
445.6   	-82.36  
446     	-82.36  
446.4   	-82.34  
446.8   	-82.33  
447.2   	-82.31  
447.6   	-82.28  
448     	-82.25  
448.4   	-82.22  
448.8   	-82.19  
449.2   	-82.16  
449.6   	-82.14  
450     	-82.11  
450.4   	-82.09  
450.8   	-82.07  
451.2   	-82.05  
451.6   	-82.03  
452     	-82.01  
452.4   	-81.99  
452.8   	-81.97  
453.2   	-81.95  
453.6   	-81.93  
454     	-81.9   
454.4   	-81.88  
454.8   	-81.86  
455.2   	-81.84  
455.6   	-81.81  
456     	-81.78  
456.4   	-81.76  
456.8   	-81.73  
457.2   	-81.7   
457.6   	-81.67  
458     	-81.64  
458.4   	-81.6   
458.8   	-81.57  
459.2   	-81.55  
459.6   	-81.53  
460     	-81.51  
460.4   	-81.5   
460.8   	-81.49  
461.2   	-81.48  
461.6   	-81.49  
462     	-81.49  
462.4   	-81.5   
462.8   	-81.51  
463.2   	-81.53  
463.6   	-81.55  
464     	-81.57  
464.4   	-81.59  
464.8   	-81.61  
465.2   	-81.62  
465.6   	-81.63  
466     	-81.63  
466.4   	-81.63  
466.8   	-81.61  
467.2   	-81.59  
467.6   	-81.56  
468     	-81.54  
468.4   	-81.52  
468.8   	-81.5   
469.2   	-81.49  
469.6   	-81.48  
470     	-81.48  
470.4   	-81.48  
470.8   	-81.48  
471.2   	-81.49  
471.6   	-81.5   
472     	-81.51  
472.4   	-81.51  
472.8   	-81.5   
473.2   	-81.48  
473.6   	-81.47  
474     	-81.46  
474.4   	-81.45  
474.8   	-81.45  
475.2   	-81.44  
475.6   	-81.44  
476     	-81.45  
476.4   	-81.45  
476.8   	-81.46  
477.2   	-81.48  
477.6   	-81.5   
478     	-81.52  
478.4   	-81.54  
478.8   	-81.56  
479.2   	-81.58  
479.6   	-81.61  
480     	-81.64  
480.4   	-81.66  
480.8   	-81.69  
481.2   	-81.72  
481.6   	-81.76  
482     	-81.79  
482.4   	-81.83  
482.8   	-81.87  
483.2   	-81.91  
483.6   	-81.95  
484     	-81.99  
484.4   	-82.02  
484.8   	-82.04  
485.2   	-82.05  
485.6   	-82.06  
486     	-82.07  
486.4   	-82.08  
486.8   	-82.1   
487.2   	-82.11  
487.6   	-82.13  
488     	-82.13  
488.4   	-82.14  
488.8   	-82.15  
489.2   	-82.16  
489.6   	-82.17  
490     	-82.18  
490.4   	-82.2   
490.8   	-82.21  
491.2   	-82.23  
491.6   	-82.25  
492     	-82.26  
492.4   	-82.28  
492.8   	-82.3   
493.2   	-82.32  
493.6   	-82.34  
494     	-82.36  
494.4   	-82.38  
494.8   	-82.41  
495.2   	-82.43  
495.6   	-82.44  
496     	-82.46  
496.4   	-82.48  
496.8   	-82.48  
497.2   	-82.49  
497.6   	-82.5   
498     	-82.5   
498.4   	-82.51  
498.8   	-82.52  
499.2   	-82.53  
499.6   	-82.54  
500     	-82.56  
500.4   	-82.57  
500.8   	-82.59  
501.2   	-82.61  
501.6   	-82.63  
502     	-82.65  
502.4   	-82.66  
502.8   	-82.67  
503.2   	-82.68  
503.6   	-82.68  
504     	-82.68  
504.4   	-82.68  
504.8   	-82.68  
505.2   	-82.68  
505.6   	-82.68  
506     	-82.68  
506.4   	-82.69  
506.8   	-82.69  
507.2   	-82.7   
507.6   	-82.72  
508     	-82.73  
508.4   	-82.75  
508.8   	-82.77  
509.2   	-82.79  
509.6   	-82.81  
510     	-82.83  
510.4   	-82.86  
510.8   	-82.89  
511.2   	-82.91  
511.6   	-82.94  
512     	-82.97  
512.4   	-83     
512.8   	-83.03  
513.2   	-83.06  
513.6   	-83.08  
514     	-83.09  
514.4   	-83.1   
514.8   	-83.11  
515.2   	-83.12  
515.6   	-83.13  
516     	-83.13  
516.4   	-83.12  
516.8   	-83.12  
517.2   	-83.11  
517.6   	-83.1   
518     	-83.09  
518.4   	-83.08  
518.8   	-83.06  
519.2   	-83.04  
519.6   	-83.02  
520     	-82.99  
520.4   	-82.96  
520.8   	-82.94  
521.2   	-82.91  
521.6   	-82.88  
522     	-82.86  
522.4   	-82.84  
522.8   	-82.82  
523.2   	-82.8   
523.6   	-82.78  
524     	-82.76  
524.4   	-82.75  
524.8   	-82.73  
525.2   	-82.72  
525.6   	-82.71  
526     	-82.7   
526.4   	-82.69  
526.8   	-82.68  
527.2   	-82.67  
527.6   	-82.67  
528     	-82.67  
528.4   	-82.67  
528.8   	-82.68  
529.2   	-82.67  
529.6   	-82.67  
530     	-82.67  
530.4   	-82.67  
530.8   	-82.66  
531.2   	-82.65  
531.6   	-82.64  
532     	-82.63  
532.4   	-82.62  
532.8   	-82.6   
533.2   	-82.58  
533.6   	-82.55  
534     	-82.51  
534.4   	-82.47  
534.8   	-82.43  
535.2   	-82.39  
535.6   	-82.34  
536     	-82.3   
536.4   	-82.26  
536.8   	-82.22  
537.2   	-82.19  
537.6   	-82.16  
538     	-82.14  
538.4   	-82.11  
538.8   	-82.09  
539.2   	-82.07  
539.6   	-82.06  
540     	-82.05  
540.4   	-82.04  
540.8   	-82.04  
541.2   	-82.03  
541.6   	-82.02  
542     	-82.01  
542.4   	-82     
542.8   	-82     
543.2   	-82     
543.6   	-82     
544     	-82.01  
544.4   	-82.02  
544.8   	-82.02  
545.2   	-82.03  
545.6   	-82.03  
546     	-82.03  
546.4   	-82.03  
546.8   	-82.03  
547.2   	-82.04  
547.6   	-82.04  
548     	-82.03  
548.4   	-82.03  
548.8   	-82.02  
549.2   	-82.02  
549.6   	-82.01  
550     	-81.99  
550.4   	-81.98  
550.8   	-81.96  
551.2   	-81.95  
551.6   	-81.94  
552     	-81.93  
552.4   	-81.92  
552.8   	-81.91  
553.2   	-81.9   
553.6   	-81.9   
554     	-81.89  
554.4   	-81.88  
554.8   	-81.86  
555.2   	-81.83  
555.6   	-81.8   
556     	-81.78  
556.4   	-81.76  
556.8   	-81.74  
557.2   	-81.72  
557.6   	-81.7   
558     	-81.68  
558.4   	-81.66  
558.8   	-81.65  
559.2   	-81.63  
559.6   	-81.62  
560     	-81.6   
560.4   	-81.58  
560.8   	-81.55  
561.2   	-81.51  
561.6   	-81.47  
562     	-81.44  
562.4   	-81.4   
562.8   	-81.37  
563.2   	-81.35  
563.6   	-81.33  
564     	-81.31  
564.4   	-81.28  
564.8   	-81.26  
565.2   	-81.24  
565.6   	-81.22  
566     	-81.21  
566.4   	-81.19  
566.8   	-81.17  
567.2   	-81.15  
567.6   	-81.14  
568     	-81.13  
568.4   	-81.12  
568.8   	-81.11  
569.2   	-81.11  
569.6   	-81.11  
570     	-81.11  
570.4   	-81.11  
570.8   	-81.11  
571.2   	-81.11  
571.6   	-81.12  
572     	-81.12  
572.4   	-81.13  
572.8   	-81.14  
573.2   	-81.16  
573.6   	-81.17  
574     	-81.18  
574.4   	-81.19  
574.8   	-81.21  
575.2   	-81.22  
575.6   	-81.24  
576     	-81.26  
576.4   	-81.27  
576.8   	-81.29  
577.2   	-81.3   
577.6   	-81.32  
578     	-81.34  
578.4   	-81.35  
578.8   	-81.36  
579.2   	-81.36  
579.6   	-81.36  
580     	-81.35  
580.4   	-81.35  
580.8   	-81.34  
581.2   	-81.33  
581.6   	-81.31  
582     	-81.3   
582.4   	-81.29  
582.8   	-81.27  
583.2   	-81.25  
583.6   	-81.24  
584     	-81.22  
584.4   	-81.19  
584.8   	-81.17  
585.2   	-81.15  
585.6   	-81.13  
586     	-81.11  
586.4   	-81.1   
586.8   	-81.09  
587.2   	-81.09  
587.6   	-81.09  
588     	-81.1   
588.4   	-81.11  
588.8   	-81.12  
589.2   	-81.14  
589.6   	-81.16  
590     	-81.19  
590.4   	-81.21  
590.8   	-81.23  
591.2   	-81.25  
591.6   	-81.28  
592     	-81.3   
592.4   	-81.33  
592.8   	-81.36  
593.2   	-81.39  
593.6   	-81.41  
594     	-81.43  
594.4   	-81.44  
594.8   	-81.45  
595.2   	-81.47  
595.6   	-81.48  
596     	-81.5   
596.4   	-81.52  
596.8   	-81.54  
597.2   	-81.56  
597.6   	-81.59  
598     	-81.61  
598.4   	-81.64  
598.8   	-81.66  
599.2   	-81.69  
599.6   	-81.71  
600     	-81.74  
600.4   	-81.76  
600.8   	-81.78  
601.2   	-81.8   
601.6   	-81.82  
602     	-81.84  
602.4   	-81.86  
602.8   	-81.89  
603.2   	-81.92  
603.6   	-81.95  
604     	-81.98  
604.4   	-82.01  
604.8   	-82.05  
605.2   	-82.08  
605.6   	-82.12  
606     	-82.16  
606.4   	-82.2   
606.8   	-82.24  
607.2   	-82.28  
607.6   	-82.33  
608     	-82.37  
608.4   	-82.41  
608.8   	-82.44  
609.2   	-82.47  
609.6   	-82.5   
610     	-82.52  
610.4   	-82.53  
610.8   	-82.53  
611.2   	-82.53  
611.6   	-82.52  
612     	-82.5   
612.4   	-82.48  
612.8   	-82.44  
613.2   	-82.4   
613.6   	-82.36  
614     	-82.33  
614.4   	-82.28  
614.8   	-82.24  
615.2   	-82.19  
615.6   	-82.15  
616     	-82.11  
616.4   	-82.07  
616.8   	-82.04  
617.2   	-82.01  
617.6   	-81.98  
618     	-81.96  
618.4   	-81.94  
618.8   	-81.93  
619.2   	-81.91  
619.6   	-81.9   
620     	-81.89  
620.4   	-81.88  
620.8   	-81.87  
621.2   	-81.86  
621.6   	-81.85  
622     	-81.85  
622.4   	-81.85  
622.8   	-81.86  
623.2   	-81.87  
623.6   	-81.88  
624     	-81.9   
624.4   	-81.91  
624.8   	-81.93  
625.2   	-81.95  
625.6   	-81.96  
626     	-81.97  
626.4   	-81.97  
626.8   	-81.97  
627.2   	-81.96  
627.6   	-81.95  
628     	-81.94  
628.4   	-81.93  
628.8   	-81.91  
629.2   	-81.89  
629.6   	-81.88  
630     	-81.86  
630.4   	-81.84  
630.8   	-81.82  
631.2   	-81.81  
631.6   	-81.8   
632     	-81.8   
632.4   	-81.8   
632.8   	-81.8   
633.2   	-81.79  
633.6   	-81.79  
634     	-81.78  
634.4   	-81.78  
634.8   	-81.78  
635.2   	-81.78  
635.6   	-81.78  
636     	-81.78  
636.4   	-81.79  
636.8   	-81.8   
637.2   	-81.82  
637.6   	-81.83  
638     	-81.84  
638.4   	-81.85  
638.8   	-81.85  
639.2   	-81.85  
639.6   	-81.85  
640     	-81.85  
640.4   	-81.85  
640.8   	-81.84  
641.2   	-81.84  
641.6   	-81.83  
642     	-81.81  
642.4   	-81.8   
642.8   	-81.79  
643.2   	-81.77  
643.6   	-81.76  
644     	-81.75  
644.4   	-81.73  
644.8   	-81.69  
645.2   	-81.65  
645.6   	-81.61  
646     	-81.57  
646.4   	-81.54  
646.8   	-81.5   
647.2   	-81.48  
647.6   	-81.46  
648     	-81.44  
648.4   	-81.43  
648.8   	-81.42  
649.2   	-81.42  
649.6   	-81.43  
650     	-81.44  
650.4   	-81.45  
650.8   	-81.46  
651.2   	-81.48  
651.6   	-81.51  
652     	-81.54  
652.4   	-81.57  
652.8   	-81.6   
653.2   	-81.63  
653.6   	-81.67  
654     	-81.71  
654.4   	-81.75  
654.8   	-81.77  
655.2   	-81.78  
655.6   	-81.79  
656     	-81.8   
656.4   	-81.81  
656.8   	-81.81  
657.2   	-81.82  
657.6   	-81.83  
658     	-81.84  
658.4   	-81.85  
658.8   	-81.86  
659.2   	-81.87  
659.6   	-81.88  
660     	-81.89  
660.4   	-81.9   
660.8   	-81.9   
661.2   	-81.91  
661.6   	-81.9   
662     	-81.89  
662.4   	-81.88  
662.8   	-81.86  
663.2   	-81.84  
663.6   	-81.82  
664     	-81.8   
664.4   	-81.77  
664.8   	-81.74  
665.2   	-81.71  
665.6   	-81.68  
666     	-81.65  
666.4   	-81.63  
666.8   	-81.61  
667.2   	-81.6   
667.6   	-81.58  
668     	-81.57  
668.4   	-81.56  
668.8   	-81.55  
669.2   	-81.54  
669.6   	-81.54  
670     	-81.53  
670.4   	-81.53  
670.8   	-81.54  
671.2   	-81.55  
671.6   	-81.56  
672     	-81.57  
672.4   	-81.59  
672.8   	-81.61  
673.2   	-81.63  
673.6   	-81.64  
674     	-81.65  
674.4   	-81.65  
674.8   	-81.65  
675.2   	-81.65  
675.6   	-81.65  
676     	-81.66  
676.4   	-81.67  
676.8   	-81.68  
677.2   	-81.69  
677.6   	-81.69  
678     	-81.69  
678.4   	-81.69  
678.8   	-81.69  
679.2   	-81.69  
679.6   	-81.69  
680     	-81.69  
680.4   	-81.68  
680.8   	-81.67  
681.2   	-81.66  
681.6   	-81.66  
682     	-81.66  
682.4   	-81.66  
682.8   	-81.66  
683.2   	-81.67  
683.6   	-81.66  
684     	-81.66  
684.4   	-81.65  
684.8   	-81.64  
685.2   	-81.63  
685.6   	-81.63  
686     	-81.63  
686.4   	-81.63  
686.8   	-81.64  
687.2   	-81.65  
687.6   	-81.66  
688     	-81.66  
688.4   	-81.66  
688.8   	-81.67  
689.2   	-81.67  
689.6   	-81.68  
690     	-81.69  
690.4   	-81.7   
690.8   	-81.7   
691.2   	-81.71  
691.6   	-81.71  
692     	-81.71  
692.4   	-81.72  
692.8   	-81.71  
693.2   	-81.7   
693.6   	-81.68  
694     	-81.66  
694.4   	-81.64  
694.8   	-81.62  
695.2   	-81.61  
695.6   	-81.6   
696     	-81.59  
696.4   	-81.59  
696.8   	-81.59  
697.2   	-81.59  
697.6   	-81.6   
698     	-81.61  
698.4   	-81.63  
698.8   	-81.65  
699.2   	-81.67  
699.6   	-81.7   
700     	-81.72  
700.4   	-81.75  
700.8   	-81.79  
701.2   	-81.82  
701.6   	-81.86  
702     	-81.9   
702.4   	-81.93  
702.8   	-81.97  
703.2   	-82     
703.6   	-82.03  
704     	-82.06  
704.4   	-82.1   
704.8   	-82.13  
705.2   	-82.17  
705.6   	-82.2   
706     	-82.24  
706.4   	-82.28  
706.8   	-82.31  
707.2   	-82.35  
707.6   	-82.39  
708     	-82.43  
708.4   	-82.47  
708.8   	-82.51  
709.2   	-82.54  
709.6   	-82.56  
710     	-82.59  
710.4   	-82.61  
710.8   	-82.62  
711.2   	-82.63  
711.6   	-82.63  
712     	-82.64  
712.4   	-82.63  
712.8   	-82.63  
713.2   	-82.61  
713.6   	-82.6   
714     	-82.57  
714.4   	-82.55  
714.8   	-82.52  
715.2   	-82.49  
715.6   	-82.45  
716     	-82.41  
716.4   	-82.36  
716.8   	-82.32  
717.2   	-82.29  
717.6   	-82.25  
718     	-82.22  
718.4   	-82.19  
718.8   	-82.15  
719.2   	-82.11  
719.6   	-82.07  
720     	-82.03  
720.4   	-81.99  
720.8   	-81.96  
721.2   	-81.93  
721.6   	-81.9   
722     	-81.88  
722.4   	-81.87  
722.8   	-81.85  
723.2   	-81.83  
723.6   	-81.81  
724     	-81.8   
724.4   	-81.79  
724.8   	-81.77  
725.2   	-81.75  
725.6   	-81.73  
726     	-81.72  
726.4   	-81.71  
726.8   	-81.71  
727.2   	-81.71  
727.6   	-81.71  
728     	-81.72  
728.4   	-81.73  
728.8   	-81.74  
729.2   	-81.75  
729.6   	-81.76  
730     	-81.77  
730.4   	-81.78  
730.8   	-81.79  
731.2   	-81.81  
731.6   	-81.83  
732     	-81.85  
732.4   	-81.86  
732.8   	-81.88  
733.2   	-81.89  
733.6   	-81.89  
734     	-81.9   
734.4   	-81.9   
734.8   	-81.89  
735.2   	-81.88  
735.6   	-81.85  
736     	-81.83  
736.4   	-81.8   
736.8   	-81.77  
737.2   	-81.74  
737.6   	-81.71  
738     	-81.68  
738.4   	-81.66  
738.8   	-81.64  
739.2   	-81.62  
739.6   	-81.59  
740     	-81.56  
740.4   	-81.52  
740.8   	-81.49  
741.2   	-81.46  
741.6   	-81.43  
742     	-81.41  
742.4   	-81.38  
742.8   	-81.35  
743.2   	-81.33  
743.6   	-81.31  
744     	-81.29  
744.4   	-81.28  
744.8   	-81.27  
745.2   	-81.27  
745.6   	-81.27  
746     	-81.28  
746.4   	-81.29  
746.8   	-81.3   
747.2   	-81.31  
747.6   	-81.33  
748     	-81.34  
748.4   	-81.35  
748.8   	-81.36  
749.2   	-81.36  
749.6   	-81.35  
750     	-81.32  
750.4   	-81.29  
750.8   	-81.25  
751.2   	-81.22  
751.6   	-81.18  
752     	-81.14  
752.4   	-81.1   
752.8   	-81.06  
753.2   	-81.02  
753.6   	-80.99  
754     	-80.95  
754.4   	-80.92  
754.8   	-80.9   
755.2   	-80.88  
755.6   	-80.86  
756     	-80.85  
756.4   	-80.84  
756.8   	-80.84  
757.2   	-80.83  
757.6   	-80.83  
758     	-80.83  
758.4   	-80.84  
758.8   	-80.85  
759.2   	-80.86  
759.6   	-80.87  
760     	-80.88  
760.4   	-80.9   
760.8   	-80.92  
761.2   	-80.94  
761.6   	-80.96  
762     	-80.99  
762.4   	-81.01  
762.8   	-81.04  
763.2   	-81.06  
763.6   	-81.09  
764     	-81.11  
764.4   	-81.13  
764.8   	-81.15  
765.2   	-81.16  
765.6   	-81.18  
766     	-81.2   
766.4   	-81.22  
766.8   	-81.24  
767.2   	-81.26  
767.6   	-81.27  
768     	-81.29  
768.4   	-81.31  
768.8   	-81.32  
769.2   	-81.33  
769.6   	-81.35  
770     	-81.36  
770.4   	-81.34  
770.8   	-81.18  
771.2   	-80.65  
771.6   	-79.25  
772     	-74.15  
772.4   	-54.7   
772.8   	29.18   
773.2   	41.53   
773.6   	27.91   
774     	10.44   
774.4   	-7.337  
774.8   	-25.45  
775.2   	-44.2   
775.6   	-59.36  
776     	-68.52  
776.4   	-73.64  
776.8   	-76.52  
777.2   	-78.19  
777.6   	-79.2   
778     	-79.85  
778.4   	-80.29  
778.8   	-80.6   
779.2   	-80.83  
779.6   	-81     
780     	-81.14  
780.4   	-81.26  
780.8   	-81.35  
781.2   	-81.44  
781.6   	-81.51  
782     	-81.58  
782.4   	-81.64  
782.8   	-81.69  
783.2   	-81.74  
783.6   	-81.78  
784     	-81.82  
784.4   	-81.85  
784.8   	-81.88  
785.2   	-81.91  
785.6   	-81.94  
786     	-81.97  
786.4   	-81.99  
786.8   	-82.01  
787.2   	-82.03  
787.6   	-82.05  
788     	-82.06  
788.4   	-82.08  
788.8   	-82.09  
789.2   	-82.1   
789.6   	-82.1   
790     	-82.1   
790.4   	-82.1   
790.8   	-82.11  
791.2   	-82.11  
791.6   	-82.11  
792     	-82.11  
792.4   	-82.1   
792.8   	-82.09  
793.2   	-82.06  
793.6   	-82.02  
794     	-81.97  
794.4   	-81.92  
794.8   	-81.87  
795.2   	-81.83  
795.6   	-81.78  
796     	-81.73  
796.4   	-81.68  
796.8   	-81.64  
797.2   	-81.59  
797.6   	-81.55  
798     	-81.51  
798.4   	-81.48  
798.8   	-81.45  
799.2   	-81.43  
799.6   	-81.41  
800     	-81.4   
800.4   	-81.4   
800.8   	-81.4   
801.2   	-81.4   
801.6   	-81.41  
802     	-81.42  
802.4   	-81.43  
802.8   	-81.44  
803.2   	-81.45  
803.6   	-81.45  
804     	-81.46  
804.4   	-81.46  
804.8   	-81.47  
805.2   	-81.47  
805.6   	-81.47  
806     	-81.46  
806.4   	-81.46  
806.8   	-81.45  
807.2   	-81.45  
807.6   	-81.43  
808     	-81.42  
808.4   	-81.41  
808.8   	-81.41  
809.2   	-81.4   
809.6   	-81.4   
810     	-81.41  
810.4   	-81.41  
810.8   	-81.41  
811.2   	-81.41  
811.6   	-81.42  
812     	-81.43  
812.4   	-81.44  
812.8   	-81.45  
813.2   	-81.46  
813.6   	-81.47  
814     	-81.47  
814.4   	-81.47  
814.8   	-81.47  
815.2   	-81.46  
815.6   	-81.45  
816     	-81.44  
816.4   	-81.42  
816.8   	-81.4   
817.2   	-81.36  
817.6   	-81.33  
818     	-81.29  
818.4   	-81.25  
818.8   	-81.22  
819.2   	-81.18  
819.6   	-81.14  
820     	-81.11  
820.4   	-81.07  
820.8   	-81.02  
821.2   	-80.89  
821.6   	-80.47  
822     	-79.35  
822.4   	-75.39  
822.8   	-59.98  
823.2   	7.965   
823.6   	42.89   
824     	30.68   
824.4   	13.53   
824.8   	-4.33   
825.2   	-22.25  
825.6   	-41.15  
826     	-57.25  
826.4   	-67.33  
826.8   	-72.98  
827.2   	-76.14  
827.6   	-77.95  
828     	-79.04  
828.4   	-79.73  
828.8   	-80.18  
829.2   	-80.49  
829.6   	-80.72  
830     	-80.88  
830.4   	-81     
830.8   	-81.1   
831.2   	-81.18  
831.6   	-81.24  
832     	-81.3   
832.4   	-81.35  
832.8   	-81.39  
833.2   	-81.43  
833.6   	-81.47  
834     	-81.51  
834.4   	-81.55  
834.8   	-81.58  
835.2   	-81.62  
835.6   	-81.66  
836     	-81.69  
836.4   	-81.73  
836.8   	-81.77  
837.2   	-81.81  
837.6   	-81.85  
838     	-81.89  
838.4   	-81.94  
838.8   	-81.98  
839.2   	-82.02  
839.6   	-82.07  
840     	-82.11  
840.4   	-82.15  
840.8   	-82.19  
841.2   	-82.22  
841.6   	-82.25  
842     	-82.27  
842.4   	-82.29  
842.8   	-82.31  
843.2   	-82.32  
843.6   	-82.33  
844     	-82.34  
844.4   	-82.33  
844.8   	-82.32  
845.2   	-82.29  
845.6   	-82.26  
846     	-82.22  
846.4   	-82.19  
846.8   	-82.16  
847.2   	-82.13  
847.6   	-82.1   
848     	-82.08  
848.4   	-82.06  
848.8   	-82.04  
849.2   	-82.02  
849.6   	-82     
850     	-81.97  
850.4   	-81.95  
850.8   	-81.93  
851.2   	-81.9   
851.6   	-81.86  
852     	-81.82  
852.4   	-81.78  
852.8   	-81.75  
853.2   	-81.71  
853.6   	-81.66  
854     	-81.62  
854.4   	-81.58  
854.8   	-81.54  
855.2   	-81.51  
855.6   	-81.48  
856     	-81.45  
856.4   	-81.43  
856.8   	-81.42  
857.2   	-81.4   
857.6   	-81.4   
858     	-81.39  
858.4   	-81.4   
858.8   	-81.4   
859.2   	-81.41  
859.6   	-81.43  
860     	-81.45  
860.4   	-81.47  
860.8   	-81.49  
861.2   	-81.51  
861.6   	-81.54  
862     	-81.56  
862.4   	-81.59  
862.8   	-81.62  
863.2   	-81.64  
863.6   	-81.66  
864     	-81.68  
864.4   	-81.69  
864.8   	-81.7   
865.2   	-81.71  
865.6   	-81.72  
866     	-81.73  
866.4   	-81.74  
866.8   	-81.74  
867.2   	-81.75  
867.6   	-81.75  
868     	-81.76  
868.4   	-81.76  
868.8   	-81.75  
869.2   	-81.73  
869.6   	-81.71  
870     	-81.67  
870.4   	-81.63  
870.8   	-81.58  
871.2   	-81.53  
871.6   	-81.47  
872     	-81.41  
872.4   	-81.34  
872.8   	-81.25  
873.2   	-80.97  
873.6   	-80.24  
874     	-78.07  
874.4   	-69.79  
874.8   	-38.84  
875.2   	42.56   
875.6   	37.38   
876     	21.69   
876.4   	3.842   
876.8   	-13.85  
877.2   	-32.47  
877.6   	-50.5   
878     	-63.36  
878.4   	-70.77  
878.8   	-74.89  
879.2   	-77.22  
879.6   	-78.59  
880     	-79.44  
880.4   	-79.99  
880.8   	-80.36  
881.2   	-80.63  
881.6   	-80.82  
882     	-80.97  
882.4   	-81.09  
882.8   	-81.18  
883.2   	-81.26  
883.6   	-81.32  
884     	-81.37  
884.4   	-81.42  
884.8   	-81.46  
885.2   	-81.49  
885.6   	-81.52  
886     	-81.55  
886.4   	-81.57  
886.8   	-81.59  
887.2   	-81.61  
887.6   	-81.61  
888     	-81.61  
888.4   	-81.61  
888.8   	-81.59  
889.2   	-81.57  
889.6   	-81.56  
890     	-81.54  
890.4   	-81.51  
890.8   	-81.49  
891.2   	-81.47  
891.6   	-81.45  
892     	-81.43  
892.4   	-81.42  
892.8   	-81.4   
893.2   	-81.4   
893.6   	-81.39  
894     	-81.39  
894.4   	-81.39  
894.8   	-81.4   
895.2   	-81.4   
895.6   	-81.41  
896     	-81.41  
896.4   	-81.4   
896.8   	-81.4   
897.2   	-81.39  
897.6   	-81.39  
898     	-81.38  
898.4   	-81.39  
898.8   	-81.39  
899.2   	-81.4   
899.6   	-81.41  
900     	-81.42  
900.4   	-81.44  
900.8   	-81.46  
901.2   	-81.49  
901.6   	-81.51  
902     	-81.53  
902.4   	-81.56  
902.8   	-81.58  
903.2   	-81.59  
903.6   	-81.6   
904     	-81.61  
904.4   	-81.62  
904.8   	-81.64  
905.2   	-81.65  
905.6   	-81.67  
906     	-81.68  
906.4   	-81.69  
906.8   	-81.7   
907.2   	-81.72  
907.6   	-81.74  
908     	-81.76  
908.4   	-81.78  
908.8   	-81.8   
909.2   	-81.82  
909.6   	-81.84  
910     	-81.86  
910.4   	-81.87  
910.8   	-81.88  
911.2   	-81.89  
911.6   	-81.9   
912     	-81.91  
912.4   	-81.93  
912.8   	-81.94  
913.2   	-81.96  
913.6   	-81.98  
914     	-82.01  
914.4   	-82.03  
914.8   	-82.06  
915.2   	-82.08  
915.6   	-82.11  
916     	-82.13  
916.4   	-82.16  
916.8   	-82.18  
917.2   	-82.2   
917.6   	-82.22  
918     	-82.24  
918.4   	-82.26  
918.8   	-82.28  
919.2   	-82.3   
919.6   	-82.32  
920     	-82.34  
920.4   	-82.36  
920.8   	-82.38  
921.2   	-82.4   
921.6   	-82.42  
922     	-82.44  
922.4   	-82.45  
922.8   	-82.46  
923.2   	-82.46  
923.6   	-82.47  
924     	-82.48  
924.4   	-82.48  
924.8   	-82.48  
925.2   	-82.48  
925.6   	-82.47  
926     	-82.47  
926.4   	-82.47  
926.8   	-82.45  
927.2   	-82.42  
927.6   	-82.38  
928     	-82.34  
928.4   	-82.3   
928.8   	-82.26  
929.2   	-82.22  
929.6   	-82.19  
930     	-82.17  
930.4   	-82.15  
930.8   	-82.13  
931.2   	-82.11  
931.6   	-82.1   
932     	-82.09  
932.4   	-82.08  
932.8   	-82.07  
933.2   	-82.06  
933.6   	-82.05  
934     	-82.05  
934.4   	-82.04  
934.8   	-82.03  
935.2   	-82.01  
935.6   	-81.98  
936     	-81.95  
936.4   	-81.92  
936.8   	-81.9   
937.2   	-81.86  
937.6   	-81.83  
938     	-81.8   
938.4   	-81.75  
938.8   	-81.7   
939.2   	-81.64  
939.6   	-81.58  
940     	-81.52  
940.4   	-81.47  
940.8   	-81.41  
941.2   	-81.36  
941.6   	-81.32  
942     	-81.28  
942.4   	-81.25  
942.8   	-81.22  
943.2   	-81.2   
943.6   	-81.18  
944     	-81.16  
944.4   	-81.15  
944.8   	-81.15  
945.2   	-81.15  
945.6   	-81.15  
946     	-81.16  
946.4   	-81.17  
946.8   	-81.18  
947.2   	-81.19  
947.6   	-81.2   
948     	-81.2   
948.4   	-81.2   
948.8   	-81.21  
949.2   	-81.21  
949.6   	-81.2   
950     	-81.2   
950.4   	-81.2   
950.8   	-81.19  
951.2   	-81.2   
951.6   	-81.2   
952     	-81.21  
952.4   	-81.21  
952.8   	-81.22  
953.2   	-81.22  
953.6   	-81.23  
954     	-81.23  
954.4   	-81.23  
954.8   	-81.24  
955.2   	-81.24  
955.6   	-81.24  
956     	-81.25  
956.4   	-81.26  
956.8   	-81.27  
957.2   	-81.28  
957.6   	-81.29  
958     	-81.31  
958.4   	-81.32  
958.8   	-81.33  
959.2   	-81.34  
959.6   	-81.34  
960     	-81.34  
960.4   	-81.35  
960.8   	-81.35  
961.2   	-81.35  
961.6   	-81.36  
962     	-81.36  
962.4   	-81.37  
962.8   	-81.38  
963.2   	-81.4   
963.6   	-81.41  
964     	-81.43  
964.4   	-81.44  
964.8   	-81.45  
965.2   	-81.45  
965.6   	-81.46  
966     	-81.46  
966.4   	-81.47  
966.8   	-81.48  
967.2   	-81.49  
967.6   	-81.5   
968     	-81.51  
968.4   	-81.51  
968.8   	-81.5   
969.2   	-81.49  
969.6   	-81.48  
970     	-81.46  
970.4   	-81.45  
970.8   	-81.43  
971.2   	-81.4   
971.6   	-81.37  
972     	-81.33  
972.4   	-81.29  
972.8   	-81.25  
973.2   	-81.2   
973.6   	-81.16  
974     	-81.12  
974.4   	-81.09  
974.8   	-81.05  
975.2   	-81     
975.6   	-80.96  
976     	-80.91  
976.4   	-80.86  
976.8   	-80.81  
977.2   	-80.77  
977.6   	-80.73  
978     	-80.7   
978.4   	-80.67  
978.8   	-80.66  
979.2   	-80.64  
979.6   	-80.63  
980     	-80.63  
980.4   	-80.64  
980.8   	-80.65  
981.2   	-80.66  
981.6   	-80.68  
982     	-80.7   
982.4   	-80.73  
982.8   	-80.76  
983.2   	-80.8   
983.6   	-80.84  
984     	-80.88  
984.4   	-80.92  
984.8   	-80.97  
985.2   	-81.02  
985.6   	-81.07  
986     	-81.11  
986.4   	-81.16  
986.8   	-81.2   
987.2   	-81.24  
987.6   	-81.27  
988     	-81.3   
988.4   	-81.32  
988.8   	-81.33  
989.2   	-81.34  
989.6   	-81.34  
990     	-81.32  
990.4   	-81.21  
990.8   	-80.81  
991.2   	-79.77  
991.6   	-76.3   
992     	-62.93  
992.4   	-8.604  
992.8   	43.4    
993.2   	32.33   
993.6   	15.45   
994     	-2.425  
994.4   	-20.22  
994.8   	-39.1   
995.2   	-55.73  
995.6   	-66.44  
996     	-72.48  
996.4   	-75.85  
996.8   	-77.78  
997.2   	-78.93  
997.6   	-79.66  
998     	-80.13  
998.4   	-80.46  
998.8   	-80.7   
999.2   	-80.87  
999.6   	-81     
