
SWEPT_VAR_1 = 25.0    // Syn: Source PP \ NetStim \ PARAMETER \ interval (ms)

t	s.v( 0.05 )
ms	mV
0       	-64.65  
0.4     	-65.51  
0.8     	-66.35  
1.2     	-67.15  
1.6     	-67.92  
2       	-68.66  
2.4     	-69.37  
2.8     	-70.05  
3.2     	-70.7   
3.6     	-71.32  
4       	-71.91  
4.4     	-72.46  
4.8     	-72.97  
5.2     	-73.45  
5.6     	-73.9   
6       	-74.32  
6.4     	-74.7   
6.8     	-75.04  
7.2     	-75.35  
7.6     	-75.61  
8       	-75.72  
8.4     	-75.39  
8.8     	-73.52  
9.2     	-64.3   
9.6     	-22.66  
10      	43.85   
10.4    	34.17   
10.8    	17.56   
11.2    	-0.3878 
11.6    	-18.15  
12      	-37.07  
12.4    	-54.33  
12.8    	-65.71  
13.2    	-72.1   
13.6    	-75.64  
14      	-77.65  
14.4    	-78.83  
14.8    	-79.57  
15.2    	-80.04  
15.6    	-80.34  
16      	-80.55  
16.4    	-80.67  
16.8    	-80.75  
17.2    	-80.78  
17.6    	-80.78  
18      	-80.74  
18.4    	-80.59  
18.8    	-80.13  
19.2    	-78.97  
19.6    	-74.77  
20      	-58.55  
20.4    	13.55   
20.8    	42.29   
21.2    	29.78   
21.6    	12.57   
22      	-5.255  
22.4    	-23.21  
22.8    	-42.05  
23.2    	-57.86  
23.6    	-67.63  
24      	-73.1   
24.4    	-76.14  
24.8    	-77.88  
25.2    	-78.91  
25.6    	-79.53  
26      	-79.92  
26.4    	-80.16  
26.8    	-80.31  
27.2    	-80.39  
27.6    	-80.39  
28      	-80.25  
28.4    	-79.83  
28.8    	-78.95  
29.2    	-76.03  
29.6    	-64.66  
30      	-20.84  
30.4    	43.07   
30.8    	33.44   
31.2    	16.89   
31.6    	-0.9707 
32      	-18.7   
32.4    	-37.52  
32.8    	-54.5   
33.2    	-65.68  
33.6    	-72.01  
34      	-75.52  
34.4    	-77.51  
34.8    	-78.67  
35.2    	-79.37  
35.6    	-79.81  
36      	-80.08  
36.4    	-80.24  
36.8    	-80.34  
37.2    	-80.38  
37.6    	-80.37  
38      	-80.32  
38.4    	-80.23  
38.8    	-80.1   
39.2    	-79.87  
39.6    	-79.45  
40      	-78.64  
40.4    	-76.07  
40.8    	-65.67  
41.2    	-24.71  
41.6    	43.43   
42      	34.32   
42.4    	17.88   
42.8    	-0.00503
43.2    	-17.72  
43.6    	-36.52  
44      	-53.76  
44.4    	-65.26  
44.8    	-71.76  
45.2    	-75.36  
45.6    	-77.4   
46      	-78.59  
46.4    	-79.31  
46.8    	-79.76  
47.2    	-80.04  
47.6    	-80.22  
48      	-80.31  
48.4    	-80.36  
48.8    	-80.37  
49.2    	-80.35  
49.6    	-80.3   
50      	-80.22  
50.4    	-80.06  
50.8    	-79.7   
51.2    	-78.93  
51.6    	-76.54  
52      	-66.99  
52.4    	-30.08  
52.8    	43.25   
53.2    	35.26   
53.6    	19.05   
54      	1.172   
54.4    	-16.51  
54.8    	-35.25  
55.2    	-52.73  
55.6    	-64.64  
56      	-71.42  
56.4    	-75.17  
56.8    	-77.28  
57.2    	-78.51  
57.6    	-79.25  
58      	-79.71  
58.4    	-79.99  
58.8    	-80.17  
59.2    	-80.26  
59.6    	-80.3   
60      	-80.29  
60.4    	-80.24  
60.8    	-80.16  
61.2    	-80.02  
61.6    	-79.69  
62      	-78.97  
62.4    	-76.75  
62.8    	-67.91  
63.2    	-33.99  
63.6    	42.84   
64      	35.96   
64.4    	19.96   
64.8    	2.11    
65.2    	-15.55  
65.6    	-34.22  
66      	-51.89  
66.4    	-64.14  
66.8    	-71.14  
67.2    	-75.02  
67.6    	-77.19  
68      	-78.46  
68.4    	-79.21  
68.8    	-79.67  
69.2    	-79.95  
69.6    	-80.11  
70      	-80.2   
70.4    	-80.23  
70.8    	-80.21  
71.2    	-80.12  
71.6    	-79.89  
72      	-79.42  
72.4    	-78.39  
72.8    	-74.68  
73.2    	-59.9   
73.6    	5.099   
74      	42.54   
74.4    	30.55   
74.8    	13.46   
75.2    	-4.374  
75.6    	-22.26  
76      	-41.1   
76.4    	-57.16  
76.8    	-67.22  
77.2    	-72.84  
77.6    	-75.97  
78      	-77.75  
78.4    	-78.8   
78.8    	-79.44  
79.2    	-79.83  
79.6    	-80.08  
80      	-80.23  
80.4    	-80.32  
80.8    	-80.36  
81.2    	-80.36  
81.6    	-80.33  
82      	-80.26  
82.4    	-80.15  
82.8    	-79.96  
83.2    	-79.59  
83.6    	-78.88  
84      	-76.81  
84.4    	-68.45  
84.8    	-36.11  
85.2    	42.73   
85.6    	36.52   
86      	20.65   
86.4    	2.794   
86.8    	-14.87  
87.2    	-33.51  
87.6    	-51.33  
88      	-63.81  
88.4    	-70.96  
88.8    	-74.91  
89.2    	-77.14  
89.6    	-78.43  
90      	-79.21  
90.4    	-79.68  
90.8    	-79.97  
91.2    	-80.16  
91.6    	-80.27  
92      	-80.33  
92.4    	-80.35  
92.8    	-80.33  
93.2    	-80.28  
93.6    	-80.18  
94      	-79.91  
94.4    	-79.28  
94.8    	-77.48  
95.2    	-70.36  
95.6    	-43.16  
96      	40.93   
96.4    	38.17   
96.8    	22.9    
97.2    	5.121   
97.6    	-12.55  
98      	-31.05  
98.4    	-49.26  
98.8    	-62.56  
99.2    	-70.28  
99.6    	-74.56  
100     	-76.96  
100.4   	-78.35  
100.8   	-79.19  
101.2   	-79.71  
101.6   	-80.04  
102     	-80.25  
102.4   	-80.38  
102.8   	-80.46  
103.2   	-80.48  
103.6   	-80.45  
104     	-80.32  
104.4   	-79.95  
104.8   	-79.17  
105.2   	-76.69  
105.6   	-67     
106     	-30.23  
106.4   	43.05   
106.8   	35.16   
107.2   	18.97   
107.6   	1.108   
108     	-16.57  
108.4   	-35.32  
108.8   	-52.78  
109.2   	-64.68  
109.6   	-71.46  
110     	-75.22  
110.4   	-77.35  
110.8   	-78.59  
111.2   	-79.34  
111.6   	-79.8   
112     	-80.09  
112.4   	-80.26  
112.8   	-80.35  
113.2   	-80.39  
113.6   	-80.37  
114     	-80.29  
114.4   	-80.1   
114.8   	-79.69  
115.2   	-78.8   
115.6   	-75.84  
116     	-64.09  
116.4   	-17.62  
116.8   	43.21   
117.2   	33.11   
117.6   	16.45   
118     	-1.419  
118.4   	-19.17  
118.8   	-38     
119.2   	-54.87  
119.6   	-65.89  
120     	-72.1   
120.4   	-75.55  
120.8   	-77.5   
121.2   	-78.63  
121.6   	-79.3   
122     	-79.7   
122.4   	-79.94  
122.8   	-80.06  
123.2   	-80.12  
123.6   	-80.12  
124     	-80.09  
124.4   	-80.03  
124.8   	-79.95  
125.2   	-79.84  
125.6   	-79.73  
126     	-79.59  
126.4   	-79.45  
126.8   	-79.31  
127.2   	-79.17  
127.6   	-79.03  
128     	-78.89  
128.4   	-78.74  
128.8   	-78.59  
129.2   	-78.44  
129.6   	-78.3   
130     	-78.15  
130.4   	-78.01  
130.8   	-77.87  
131.2   	-77.72  
131.6   	-77.55  
132     	-77.3   
132.4   	-76.83  
132.8   	-75.48  
133.2   	-69.3   
133.6   	-42.82  
134     	41.56   
134.4   	38.34   
134.8   	22.94   
135.2   	5.108   
135.6   	-12.57  
136     	-31.07  
136.4   	-49.31  
136.8   	-62.62  
137.2   	-70.29  
137.6   	-74.52  
138     	-76.88  
138.4   	-78.23  
138.8   	-79.03  
139.2   	-79.51  
139.6   	-79.81  
140     	-79.98  
140.4   	-80.07  
140.8   	-80.1   
141.2   	-80.09  
141.6   	-80.04  
142     	-79.94  
142.4   	-79.74  
142.8   	-79.3   
143.2   	-78.32  
143.6   	-74.77  
144     	-60.48  
144.4   	1.977   
144.8   	42.72   
145.2   	30.91   
145.6   	13.86   
146     	-3.979  
146.4   	-21.84  
146.8   	-40.69  
147.2   	-56.87  
147.6   	-67.04  
148     	-72.74  
148.4   	-75.9   
148.8   	-77.69  
149.2   	-78.75  
149.6   	-79.39  
150     	-79.78  
150.4   	-80.01  
150.8   	-80.16  
151.2   	-80.23  
151.6   	-80.26  
152     	-80.25  
152.4   	-80.23  
152.8   	-80.18  
153.2   	-80.11  
153.6   	-79.98  
154     	-79.68  
154.4   	-78.99  
154.8   	-76.84  
155.2   	-68.22  
155.6   	-35.04  
156     	42.83   
156.4   	36.27   
156.8   	20.32   
157.2   	2.47    
157.6   	-15.19  
158     	-33.84  
158.4   	-51.59  
158.8   	-63.96  
159.2   	-71.03  
159.6   	-74.93  
160     	-77.12  
160.4   	-78.37  
160.8   	-79.12  
161.2   	-79.56  
161.6   	-79.83  
162     	-79.98  
162.4   	-80.05  
162.8   	-80.05  
163.2   	-79.99  
163.6   	-79.87  
164     	-79.63  
164.4   	-79.22  
164.8   	-78.62  
165.2   	-77.29  
165.6   	-72.02  
166     	-50.84  
166.4   	34.96   
166.8   	40.24   
167.2   	25.99   
167.6   	8.393   
168     	-9.323  
168.4   	-27.55  
168.8   	-46.12  
169.2   	-60.57  
169.6   	-69.13  
170     	-73.87  
170.4   	-76.5   
170.8   	-78     
171.2   	-78.88  
171.6   	-79.41  
172     	-79.73  
172.4   	-79.92  
172.8   	-80.02  
173.2   	-80.06  
173.6   	-80.05  
174     	-80     
174.4   	-79.91  
174.8   	-79.76  
175.2   	-79.52  
175.6   	-79.1   
176     	-78.46  
176.4   	-76.87  
176.8   	-70.32  
177.2   	-44.32  
177.6   	40.47   
178     	38.49   
178.4   	23.33   
178.8   	5.561   
179.2   	-12.1   
179.6   	-30.55  
180     	-48.8   
180.4   	-62.27  
180.8   	-70.08  
181.2   	-74.41  
181.6   	-76.83  
182     	-78.21  
182.4   	-79.03  
182.8   	-79.52  
183.2   	-79.82  
183.6   	-79.99  
184     	-80.07  
184.4   	-80.08  
184.8   	-80.04  
185.2   	-79.93  
185.6   	-79.72  
186     	-79.33  
186.4   	-78.68  
186.8   	-76.99  
187.2   	-70.16  
187.6   	-43.56  
188     	40.63   
188.4   	38.19   
188.8   	22.98   
189.2   	5.209   
189.6   	-12.45  
190     	-30.92  
190.4   	-49.1   
190.8   	-62.44  
191.2   	-70.17  
191.6   	-74.45  
192     	-76.85  
192.4   	-78.23  
192.8   	-79.05  
193.2   	-79.55  
193.6   	-79.85  
194     	-80.03  
194.4   	-80.13  
194.8   	-80.16  
195.2   	-80.15  
195.6   	-80.06  
196     	-79.86  
196.4   	-79.42  
196.8   	-78.52  
197.2   	-75.43  
197.6   	-63.09  
198     	-13.06  
198.4   	43.05   
198.8   	32.44   
199.2   	15.67   
199.6   	-2.178  
200     	-19.93  
200.4   	-38.75  
200.8   	-55.41  
201.2   	-66.2   
201.6   	-72.27  
202     	-75.64  
202.4   	-77.55  
202.8   	-78.66  
203.2   	-79.32  
203.6   	-79.73  
204     	-79.98  
204.4   	-80.11  
204.8   	-80.18  
205.2   	-80.2   
205.6   	-80.16  
206     	-80.08  
206.4   	-79.95  
206.8   	-79.74  
207.2   	-79.35  
207.6   	-78.58  
208     	-76.16  
208.4   	-66.34  
208.8   	-27.9   
209.2   	43.29   
209.6   	34.81   
210     	18.51   
210.4   	0.6295  
210.8   	-17.06  
211.2   	-35.82  
211.6   	-53.18  
212     	-64.89  
212.4   	-71.53  
212.8   	-75.2   
213.2   	-77.26  
213.6   	-78.45  
214     	-79.16  
214.4   	-79.59  
214.8   	-79.85  
215.2   	-80     
215.6   	-80.07  
216     	-80.1   
216.4   	-80.08  
216.8   	-80.02  
217.2   	-79.92  
217.6   	-79.75  
218     	-79.47  
218.4   	-79.05  
218.8   	-78.47  
219.2   	-77.44  
219.6   	-73.56  
220     	-57.28  
220.4   	19.01   
220.8   	42.1    
221.2   	29.2    
221.6   	11.89   
222     	-5.911  
222.4   	-23.89  
222.8   	-42.7   
223.2   	-58.31  
223.6   	-67.89  
224     	-73.22  
224.4   	-76.19  
224.8   	-77.89  
225.2   	-78.89  
225.6   	-79.5   
226     	-79.89  
226.4   	-80.14  
226.8   	-80.29  
227.2   	-80.38  
227.6   	-80.44  
228     	-80.45  
228.4   	-80.44  
228.8   	-80.4   
229.2   	-80.34  
229.6   	-80.23  
230     	-79.95  
230.4   	-79.28  
230.8   	-77.27  
231.2   	-69.28  
231.6   	-38.84  
232     	42.3    
232.4   	37.18   
232.8   	21.51   
233.2   	3.672   
233.6   	-14.01  
234     	-32.62  
234.4   	-50.61  
234.8   	-63.4   
235.2   	-70.74  
235.6   	-74.81  
236     	-77.09  
236.4   	-78.41  
236.8   	-79.2   
237.2   	-79.69  
237.6   	-79.99  
238     	-80.18  
238.4   	-80.29  
238.8   	-80.33  
239.2   	-80.3   
239.6   	-80.15  
240     	-79.77  
240.4   	-78.95  
240.8   	-76.29  
241.2   	-65.89  
241.6   	-26.09  
242     	43.11   
242.4   	34.34   
242.8   	17.98   
243.2   	0.1122  
243.6   	-17.58  
244     	-36.35  
244.4   	-53.57  
244.8   	-65.1   
245.2   	-71.64  
245.6   	-75.26  
246     	-77.29  
246.4   	-78.47  
246.8   	-79.17  
247.2   	-79.6   
247.6   	-79.86  
248     	-80     
248.4   	-80.07  
248.8   	-80.09  
249.2   	-80.07  
249.6   	-80.01  
250     	-79.91  
250.4   	-79.8   
250.8   	-79.65  
251.2   	-79.49  
251.6   	-79.3   
252     	-79.1   
252.4   	-78.87  
252.8   	-78.59  
253.2   	-78.25  
253.6   	-77.83  
254     	-77.33  
254.4   	-76.78  
254.8   	-75.81  
255.2   	-71.77  
255.6   	-53.47  
256     	31.17   
256.4   	41.27   
256.8   	27.4    
257.2   	9.863   
257.6   	-7.906  
258     	-26.04  
258.4   	-44.78  
258.8   	-59.75  
259.2   	-68.71  
259.6   	-73.68  
260     	-76.43  
260.4   	-78.01  
260.8   	-78.93  
261.2   	-79.49  
261.6   	-79.83  
262     	-80.02  
262.4   	-80.12  
262.8   	-80.14  
263.2   	-80.1   
263.6   	-80.01  
264     	-79.85  
264.4   	-79.59  
264.8   	-79.14  
265.2   	-78.42  
265.6   	-76.32  
266     	-67.73  
266.4   	-34.15  
266.8   	42.79   
267.2   	35.96   
267.6   	19.97   
268     	2.121   
268.4   	-15.52  
268.8   	-34.17  
269.2   	-51.83  
269.6   	-64.08  
270     	-71.07  
270.4   	-74.94  
270.8   	-77.11  
271.2   	-78.37  
271.6   	-79.11  
272     	-79.56  
272.4   	-79.83  
272.8   	-79.98  
273.2   	-80.06  
273.6   	-80.07  
274     	-80.04  
274.4   	-79.97  
274.8   	-79.88  
275.2   	-79.76  
275.6   	-79.64  
276     	-79.51  
276.4   	-79.38  
276.8   	-79.26  
277.2   	-79.13  
277.6   	-79.01  
278     	-78.9   
278.4   	-78.78  
278.8   	-78.67  
279.2   	-78.56  
279.6   	-78.45  
280     	-78.34  
280.4   	-78.23  
280.8   	-78.13  
281.2   	-78.02  
281.6   	-77.92  
282     	-77.82  
282.4   	-77.72  
282.8   	-77.61  
283.2   	-77.48  
283.6   	-77.32  
284     	-77.07  
284.4   	-76.55  
284.8   	-74.85  
285.2   	-67.01  
285.6   	-33.4   
286     	43.37   
286.4   	36.09   
286.8   	19.97   
287.2   	2.073   
287.6   	-15.59  
288     	-34.3   
288.4   	-52.03  
288.8   	-64.28  
289.2   	-71.25  
289.6   	-75.1   
290     	-77.27  
290.4   	-78.54  
290.8   	-79.29  
291.2   	-79.76  
291.6   	-80.05  
292     	-80.23  
292.4   	-80.34  
292.8   	-80.38  
293.2   	-80.38  
293.6   	-80.34  
294     	-80.26  
294.4   	-80.16  
294.8   	-80.03  
295.2   	-79.9   
295.6   	-79.75  
296     	-79.6   
296.4   	-79.43  
296.8   	-79.26  
297.2   	-79.07  
297.6   	-78.87  
298     	-78.58  
298.4   	-78.03  
298.8   	-76.55  
299.2   	-70.23  
299.6   	-44.41  
300     	40.76   
300.4   	38.7    
300.8   	23.49   
301.2   	5.703   
301.6   	-11.97  
302     	-30.43  
302.4   	-48.73  
302.8   	-62.26  
303.2   	-70.1   
303.6   	-74.45  
304     	-76.88  
304.4   	-78.28  
304.8   	-79.11  
305.2   	-79.63  
305.6   	-79.96  
306     	-80.17  
306.4   	-80.29  
306.8   	-80.36  
307.2   	-80.38  
307.6   	-80.37  
308     	-80.3   
308.4   	-80.17  
308.8   	-79.88  
309.2   	-79.35  
309.6   	-78.26  
310     	-74.33  
310.4   	-58.52  
310.8   	13.38   
311.2   	42.34   
311.6   	29.82   
312     	12.61   
312.4   	-5.211  
312.8   	-23.14  
313.2   	-41.97  
313.6   	-57.78  
314     	-67.56  
314.4   	-73.02  
314.8   	-76.05  
315.2   	-77.77  
315.6   	-78.78  
316     	-79.39  
316.4   	-79.77  
316.8   	-80     
317.2   	-80.13  
317.6   	-80.21  
318     	-80.23  
318.4   	-80.21  
318.8   	-80.16  
319.2   	-80.08  
319.6   	-79.98  
320     	-79.87  
320.4   	-79.75  
320.8   	-79.63  
321.2   	-79.52  
321.6   	-79.41  
322     	-79.3   
322.4   	-79.19  
322.8   	-79.09  
323.2   	-78.98  
323.6   	-78.88  
324     	-78.77  
324.4   	-78.66  
324.8   	-78.53  
325.2   	-78.38  
325.6   	-78.15  
326     	-77.69  
326.4   	-76.35  
326.8   	-70.54  
327.2   	-46.28  
327.6   	39.76   
328     	39.22   
328.4   	24.2    
328.8   	6.446   
329.2   	-11.23  
329.6   	-29.62  
330     	-48.02  
330.4   	-61.82  
330.8   	-69.87  
331.2   	-74.32  
331.6   	-76.82  
332     	-78.25  
332.4   	-79.11  
332.8   	-79.64  
333.2   	-79.98  
333.6   	-80.2   
334     	-80.34  
334.4   	-80.42  
334.8   	-80.46  
335.2   	-80.47  
335.6   	-80.47  
336     	-80.44  
336.4   	-80.41  
336.8   	-80.35  
337.2   	-80.28  
337.6   	-80.19  
338     	-80.08  
338.4   	-79.94  
338.8   	-79.8   
339.2   	-79.66  
339.6   	-79.52  
340     	-79.38  
340.4   	-79.23  
340.8   	-78.98  
341.2   	-78.33  
341.6   	-76.08  
342     	-66.65  
342.4   	-28.9   
342.8   	43.58   
343.2   	35.23   
343.6   	18.93   
344     	1.027   
344.4   	-16.67  
344.8   	-35.45  
345.2   	-52.93  
345.6   	-64.78  
346     	-71.5   
346.4   	-75.21  
346.8   	-77.29  
347.2   	-78.5   
347.6   	-79.22  
348     	-79.66  
348.4   	-79.94  
348.8   	-80.1   
349.2   	-80.19  
349.6   	-80.24  
350     	-80.24  
350.4   	-80.22  
350.8   	-80.17  
351.2   	-80.05  
351.6   	-79.73  
352     	-78.95  
352.4   	-76.31  
352.8   	-65.85  
353.2   	-25.34  
353.6   	43.33   
354     	34.37   
354.4   	17.96   
354.8   	0.07741 
355.2   	-17.64  
355.6   	-36.44  
356     	-53.69  
356.4   	-65.21  
356.8   	-71.73  
357.2   	-75.34  
357.6   	-77.38  
358     	-78.55  
358.4   	-79.25  
358.8   	-79.66  
359.2   	-79.89  
359.6   	-80.01  
360     	-80.06  
360.4   	-80.06  
360.8   	-80.02  
361.2   	-79.93  
361.6   	-79.72  
362     	-79.26  
362.4   	-78.23  
362.8   	-74.48  
363.2   	-59.43  
363.6   	7.672   
364     	42.45   
364.4   	30.29   
364.8   	13.16   
365.2   	-4.665  
365.6   	-22.57  
366     	-41.41  
366.4   	-57.38  
366.8   	-67.34  
367.2   	-72.91  
367.6   	-76     
368     	-77.76  
368.4   	-78.78  
368.8   	-79.39  
369.2   	-79.76  
369.6   	-79.97  
370     	-80.08  
370.4   	-80.13  
370.8   	-80.12  
371.2   	-80.07  
371.6   	-79.98  
372     	-79.86  
372.4   	-79.71  
372.8   	-79.54  
373.2   	-79.38  
373.6   	-79.22  
374     	-79.09  
374.4   	-78.96  
374.8   	-78.85  
375.2   	-78.74  
375.6   	-78.63  
376     	-78.51  
376.4   	-78.39  
376.8   	-78.26  
377.2   	-78.13  
377.6   	-77.99  
378     	-77.84  
378.4   	-77.69  
378.8   	-77.54  
379.2   	-77.37  
379.6   	-77.2   
380     	-76.96  
380.4   	-76.55  
380.8   	-75.43  
381.2   	-70.29  
381.6   	-47.6   
382     	38.85   
382.4   	39.62   
382.8   	24.74   
383.2   	6.999   
383.6   	-10.69  
384     	-29.04  
384.4   	-47.53  
384.8   	-61.53  
385.2   	-69.72  
385.6   	-74.24  
386     	-76.77  
386.4   	-78.21  
386.8   	-79.06  
387.2   	-79.57  
387.6   	-79.89  
388     	-80.07  
388.4   	-80.16  
388.8   	-80.2   
389.2   	-80.19  
389.6   	-80.16  
390     	-80.09  
390.4   	-80     
390.8   	-79.89  
391.2   	-79.77  
391.6   	-79.64  
392     	-79.5   
392.4   	-79.35  
392.8   	-79.2   
393.2   	-79.03  
393.6   	-78.86  
394     	-78.68  
394.4   	-78.5   
394.8   	-78.31  
395.2   	-78.1   
395.6   	-77.81  
396     	-77.3   
396.4   	-75.96  
396.8   	-70.02  
397.2   	-44.93  
397.6   	40.56   
398     	38.86   
398.4   	23.69   
398.8   	5.902   
399.2   	-11.77  
399.6   	-30.21  
400     	-48.54  
400.4   	-62.14  
400.8   	-70.03  
401.2   	-74.39  
401.6   	-76.83  
402     	-78.24  
402.4   	-79.07  
402.8   	-79.59  
403.2   	-79.9   
403.6   	-80.09  
404     	-80.2   
404.4   	-80.24  
404.8   	-80.24  
405.2   	-80.2   
405.6   	-80.12  
406     	-80.01  
406.4   	-79.85  
406.8   	-79.59  
407.2   	-79.15  
407.6   	-78.4   
408     	-76.18  
408.4   	-67.03  
408.8   	-30.91  
409.2   	43.24   
409.6   	35.43   
410     	19.25   
410.4   	1.378   
410.8   	-16.3   
411.2   	-35.02  
411.6   	-52.55  
412     	-64.53  
412.4   	-71.35  
412.8   	-75.12  
413.2   	-77.24  
413.6   	-78.47  
414     	-79.21  
414.4   	-79.66  
414.8   	-79.94  
415.2   	-80.11  
415.6   	-80.21  
416     	-80.25  
416.4   	-80.26  
416.8   	-80.22  
417.2   	-80.16  
417.6   	-80.07  
418     	-79.96  
418.4   	-79.84  
418.8   	-79.73  
419.2   	-79.61  
419.6   	-79.5   
420     	-79.39  
420.4   	-79.28  
420.8   	-79.17  
421.2   	-79.06  
421.6   	-78.95  
422     	-78.83  
422.4   	-78.7   
422.8   	-78.55  
423.2   	-78.39  
423.6   	-78.21  
424     	-77.98  
424.4   	-77.64  
424.8   	-76.93  
425.2   	-74.42  
425.6   	-63.19  
426     	-13.89  
426.4   	43.59   
426.8   	32.92   
427.2   	16.1    
427.6   	-1.788  
428     	-19.54  
428.4   	-38.41  
428.8   	-55.23  
429.2   	-66.15  
429.6   	-72.27  
430     	-75.67  
430.4   	-77.6   
430.8   	-78.73  
431.2   	-79.41  
431.6   	-79.83  
432     	-80.1   
432.4   	-80.25  
432.8   	-80.34  
433.2   	-80.38  
433.6   	-80.37  
434     	-80.33  
434.4   	-80.23  
434.8   	-80.04  
435.2   	-79.6   
435.6   	-78.54  
436     	-74.68  
436.4   	-59.4   
436.8   	8.633   
437.2   	42.52   
437.6   	30.29   
438     	13.14   
438.4   	-4.687  
438.8   	-22.6   
439.2   	-41.44  
439.6   	-57.4   
440     	-67.35  
440.4   	-72.91  
440.8   	-75.99  
441.2   	-77.75  
441.6   	-78.78  
442     	-79.42  
442.4   	-79.81  
442.8   	-80.06  
443.2   	-80.22  
443.6   	-80.32  
444     	-80.37  
444.4   	-80.38  
444.8   	-80.37  
445.2   	-80.33  
445.6   	-80.28  
446     	-80.22  
446.4   	-80.13  
446.8   	-79.95  
447.2   	-79.52  
447.6   	-78.41  
448     	-74.22  
448.4   	-57.52  
448.8   	18.76   
449.2   	42.18   
449.6   	29.3    
450     	12      
450.4   	-5.805  
450.8   	-23.79  
451.2   	-42.61  
451.6   	-58.25  
452     	-67.87  
452.4   	-73.23  
452.8   	-76.22  
453.2   	-77.93  
453.6   	-78.94  
454     	-79.56  
454.4   	-79.94  
454.8   	-80.18  
455.2   	-80.32  
455.6   	-80.41  
456     	-80.45  
456.4   	-80.46  
456.8   	-80.43  
457.2   	-80.31  
457.6   	-79.94  
458     	-78.99  
458.4   	-75.67  
458.8   	-62.7   
459.2   	-10.07  
459.6   	43.03   
460     	32.14   
460.4   	15.3    
460.8   	-2.547  
461.2   	-20.33  
461.6   	-39.16  
462     	-55.73  
462.4   	-66.39  
462.8   	-72.38  
463.2   	-75.72  
463.6   	-77.61  
464     	-78.71  
464.4   	-79.38  
464.8   	-79.79  
465.2   	-80.05  
465.6   	-80.2   
466     	-80.28  
466.4   	-80.29  
466.8   	-80.24  
467.2   	-80.05  
467.6   	-79.62  
468     	-78.71  
468.4   	-75.58  
468.8   	-63.21  
469.2   	-13.68  
469.6   	43.01   
470     	32.48   
470.4   	15.73   
470.8   	-2.116  
471.2   	-19.87  
471.6   	-38.69  
472     	-55.36  
472.4   	-66.16  
472.8   	-72.24  
473.2   	-75.62  
473.6   	-77.53  
474     	-78.65  
474.4   	-79.32  
474.8   	-79.73  
475.2   	-79.97  
475.6   	-80.11  
476     	-80.17  
476.4   	-80.17  
476.8   	-80.11  
477.2   	-80     
477.6   	-79.76  
478     	-79.26  
478.4   	-78.07  
478.8   	-73.51  
479.2   	-55.5   
479.6   	25.14   
480     	41.43   
480.4   	28.12   
480.8   	10.74   
481.2   	-7.011  
481.6   	-25.04  
482     	-43.75  
482.4   	-58.98  
482.8   	-68.24  
483.2   	-73.4   
483.6   	-76.27  
484     	-77.91  
484.4   	-78.88  
484.8   	-79.47  
485.2   	-79.83  
485.6   	-80.06  
486     	-80.19  
486.4   	-80.27  
486.8   	-80.3   
487.2   	-80.29  
487.6   	-80.26  
488     	-80.16  
488.4   	-79.88  
488.8   	-79.24  
489.2   	-77.38  
489.6   	-70.02  
490     	-41.98  
490.4   	41.33   
490.8   	37.85   
491.2   	22.47   
491.6   	4.676   
492     	-13     
492.4   	-31.53  
492.8   	-49.66  
493.2   	-62.81  
493.6   	-70.41  
494     	-74.62  
494.4   	-76.97  
494.8   	-78.34  
495.2   	-79.15  
495.6   	-79.65  
496     	-79.96  
496.4   	-80.16  
496.8   	-80.28  
497.2   	-80.35  
497.6   	-80.38  
498     	-80.37  
498.4   	-80.34  
498.8   	-80.28  
499.2   	-80.12  
499.6   	-79.71  
500     	-78.7   
500.4   	-75.02  
500.8   	-60.45  
501.2   	3.018   
501.6   	42.77   
502     	30.89   
502.4   	13.82   
502.8   	-4.028  
503.2   	-21.91  
503.6   	-40.78  
504     	-56.95  
504.4   	-67.12  
504.8   	-72.81  
505.2   	-75.98  
505.6   	-77.79  
506     	-78.85  
506.4   	-79.5   
506.8   	-79.9   
507.2   	-80.14  
507.6   	-80.3   
508     	-80.38  
508.4   	-80.4   
508.8   	-80.31  
509.2   	-80     
509.6   	-79.32  
510     	-77.33  
510.4   	-69.6   
510.8   	-40.65  
511.2   	41.46   
511.6   	37.36   
512     	21.89   
512.4   	4.096   
512.8   	-13.57  
513.2   	-32.13  
513.6   	-50.15  
514     	-63.09  
514.4   	-70.55  
514.8   	-74.68  
515.2   	-77.01  
515.6   	-78.35  
516     	-79.14  
516.4   	-79.62  
516.8   	-79.91  
517.2   	-80.09  
517.6   	-80.19  
518     	-80.23  
518.4   	-80.23  
518.8   	-80.19  
519.2   	-80.06  
519.6   	-79.72  
520     	-79.02  
520.4   	-76.99  
520.8   	-68.93  
521.2   	-38.19  
521.6   	42.21   
522     	36.88   
522.4   	21.18   
522.8   	3.35    
523.2   	-14.32  
523.6   	-32.94  
524     	-50.85  
524.4   	-63.53  
524.8   	-70.81  
525.2   	-74.84  
525.6   	-77.11  
526     	-78.43  
526.4   	-79.23  
526.8   	-79.72  
527.2   	-80.04  
527.6   	-80.24  
528     	-80.37  
528.4   	-80.46  
528.8   	-80.5   
529.2   	-80.51  
529.6   	-80.48  
530     	-80.35  
530.4   	-79.97  
530.8   	-79.04  
531.2   	-75.85  
531.6   	-63.37  
532     	-13.44  
532.4   	43.16   
532.8   	32.59   
533.2   	15.82   
533.6   	-2.036  
534     	-19.8   
534.4   	-38.63  
534.8   	-55.33  
535.2   	-66.15  
535.6   	-72.24  
536     	-75.62  
536.4   	-77.52  
536.8   	-78.64  
537.2   	-79.3   
537.6   	-79.71  
538     	-79.96  
538.4   	-80.11  
538.8   	-80.19  
539.2   	-80.23  
539.6   	-80.21  
540     	-80.16  
540.4   	-80.02  
540.8   	-79.72  
541.2   	-79.13  
541.6   	-77.65  
542     	-71.79  
542.4   	-48.98  
542.8   	37.1    
543.2   	39.71   
543.6   	25.16   
544     	7.508   
544.4   	-10.19  
544.8   	-28.49  
545.2   	-46.97  
545.6   	-61.13  
546     	-69.46  
546.4   	-74.08  
546.8   	-76.66  
547.2   	-78.15  
547.6   	-79.03  
548     	-79.58  
548.4   	-79.91  
548.8   	-80.11  
549.2   	-80.23  
549.6   	-80.29  
550     	-80.3   
550.4   	-80.28  
550.8   	-80.23  
551.2   	-80.15  
551.6   	-80.01  
552     	-79.71  
552.4   	-79.06  
552.8   	-77.16  
553.2   	-69.55  
553.6   	-40.31  
554     	41.92   
554.4   	37.5    
554.8   	21.96   
555.2   	4.136   
555.6   	-13.54  
556     	-32.11  
556.4   	-50.17  
556.8   	-63.13  
557.2   	-70.59  
557.6   	-74.72  
558     	-77.04  
558.4   	-78.38  
558.8   	-79.18  
559.2   	-79.67  
559.6   	-79.96  
560     	-80.13  
560.4   	-80.22  
560.8   	-80.25  
561.2   	-80.23  
561.6   	-80.14  
562     	-79.95  
562.4   	-79.52  
562.8   	-78.59  
563.2   	-75.38  
563.6   	-62.59  
564     	-10.22  
564.4   	42.98   
564.8   	32.1    
565.2   	15.27   
565.6   	-2.573  
566     	-20.35  
566.4   	-39.17  
566.8   	-55.72  
567.2   	-66.37  
567.6   	-72.36  
568     	-75.69  
568.4   	-77.58  
568.8   	-78.68  
569.2   	-79.35  
569.6   	-79.76  
570     	-80.01  
570.4   	-80.15  
570.8   	-80.22  
571.2   	-80.24  
571.6   	-80.21  
572     	-80.15  
572.4   	-80.05  
572.8   	-79.93  
573.2   	-79.78  
573.6   	-79.55  
574     	-79.12  
574.4   	-78.1   
574.8   	-74.28  
575.2   	-58.71  
575.6   	12.6    
576     	42.47   
576.4   	29.98   
576.8   	12.76   
577.2   	-5.064  
577.6   	-22.99  
578     	-41.83  
578.4   	-57.7   
578.8   	-67.52  
579.2   	-73     
579.6   	-76.04  
580     	-77.77  
580.4   	-78.77  
580.8   	-79.38  
581.2   	-79.75  
581.6   	-79.97  
582     	-80.1   
582.4   	-80.16  
582.8   	-80.17  
583.2   	-80.14  
583.6   	-80.09  
584     	-80.01  
584.4   	-79.91  
584.8   	-79.79  
585.2   	-79.67  
585.6   	-79.54  
586     	-79.41  
586.4   	-79.29  
586.8   	-79.17  
587.2   	-79.05  
587.6   	-78.93  
588     	-78.8   
588.4   	-78.66  
588.8   	-78.51  
589.2   	-78.36  
589.6   	-78.2   
590     	-78.02  
590.4   	-77.74  
590.8   	-77.14  
591.2   	-75.08  
591.6   	-65.92  
592     	-27.41  
592.4   	43.7    
592.8   	34.97   
593.2   	18.58   
593.6   	0.6702  
594     	-17.04  
594.4   	-35.84  
594.8   	-53.26  
595.2   	-65     
595.6   	-71.64  
596     	-75.3   
596.4   	-77.36  
596.8   	-78.56  
597.2   	-79.27  
597.6   	-79.7   
598     	-79.96  
598.4   	-80.12  
598.8   	-80.19  
599.2   	-80.22  
599.6   	-80.2   
600     	-80.14  
600.4   	-80.04  
600.8   	-79.81  
601.2   	-79.36  
601.6   	-78.35  
602     	-74.75  
602.4   	-60.27  
602.8   	3.417   
603.2   	42.7    
603.6   	30.79   
604     	13.72   
604.4   	-4.118  
604.8   	-21.99  
605.2   	-40.84  
605.6   	-56.97  
606     	-67.1   
606.4   	-72.77  
606.8   	-75.91  
607.2   	-77.69  
607.6   	-78.73  
608     	-79.36  
608.4   	-79.74  
608.8   	-79.97  
609.2   	-80.11  
609.6   	-80.17  
610     	-80.19  
610.4   	-80.16  
610.8   	-80.09  
611.2   	-79.99  
611.6   	-79.87  
612     	-79.72  
612.4   	-79.57  
612.8   	-79.41  
613.2   	-79.25  
613.6   	-79.1   
614     	-78.96  
614.4   	-78.82  
614.8   	-78.69  
615.2   	-78.57  
615.6   	-78.44  
616     	-78.3   
616.4   	-78.16  
616.8   	-78.02  
617.2   	-77.88  
617.6   	-77.73  
618     	-77.57  
618.4   	-77.37  
618.8   	-77.05  
619.2   	-76.4   
619.6   	-74.03  
620     	-63.11  
620.4   	-14.28  
620.8   	43.62   
621.2   	32.96   
621.6   	16.15   
622     	-1.749  
622.4   	-19.5   
622.8   	-38.38  
623.2   	-55.22  
623.6   	-66.13  
624     	-72.25  
624.4   	-75.63  
624.8   	-77.54  
625.2   	-78.65  
625.6   	-79.31  
626     	-79.71  
626.4   	-79.94  
626.8   	-80.06  
627.2   	-80.1   
627.6   	-80.08  
628     	-79.99  
628.4   	-79.84  
628.8   	-79.57  
629.2   	-79.18  
629.6   	-78.71  
630     	-78.23  
630.4   	-77.8   
630.8   	-77.48  
631.2   	-77.25  
631.6   	-77.09  
632     	-76.97  
632.4   	-76.88  
632.8   	-76.8   
633.2   	-76.72  
633.6   	-76.63  
634     	-76.53  
634.4   	-76.43  
634.8   	-76.34  
635.2   	-76.24  
635.6   	-76.15  
636     	-76.06  
636.4   	-75.97  
636.8   	-75.87  
637.2   	-75.76  
637.6   	-75.66  
638     	-75.56  
638.4   	-75.47  
638.8   	-75.39  
639.2   	-75.31  
639.6   	-75.24  
640     	-75.17  
640.4   	-75.11  
640.8   	-75.04  
641.2   	-74.98  
641.6   	-74.92  
642     	-74.85  
642.4   	-74.79  
642.8   	-74.72  
643.2   	-74.65  
643.6   	-74.57  
644     	-74.48  
644.4   	-74.38  
644.8   	-74.28  
645.2   	-74.18  
645.6   	-74.09  
646     	-74.02  
646.4   	-73.96  
646.8   	-73.93  
647.2   	-73.9   
647.6   	-73.9   
648     	-73.9   
648.4   	-73.92  
648.8   	-73.93  
649.2   	-73.93  
649.6   	-73.93  
650     	-73.91  
650.4   	-73.89  
650.8   	-73.85  
651.2   	-73.8   
651.6   	-73.73  
652     	-73.64  
652.4   	-73.55  
652.8   	-73.45  
653.2   	-73.37  
653.6   	-73.3   
654     	-73.25  
654.4   	-73.23  
654.8   	-73.23  
655.2   	-73.25  
655.6   	-73.28  
656     	-73.32  
656.4   	-73.36  
656.8   	-73.39  
657.2   	-73.42  
657.6   	-73.45  
658     	-73.49  
658.4   	-73.53  
658.8   	-73.56  
659.2   	-73.59  
659.6   	-73.61  
660     	-73.64  
660.4   	-73.66  
660.8   	-73.69  
661.2   	-73.73  
661.6   	-73.79  
662     	-73.85  
662.4   	-73.91  
662.8   	-73.98  
663.2   	-74.04  
663.6   	-74.1   
664     	-74.16  
664.4   	-74.21  
664.8   	-74.25  
665.2   	-74.26  
665.6   	-74.25  
666     	-74.22  
666.4   	-74.17  
666.8   	-74.09  
667.2   	-73.97  
667.6   	-73.79  
668     	-73.5   
668.4   	-72.72  
668.8   	-68.41  
669.2   	-46.46  
669.6   	39.71   
670     	39.33   
670.4   	24.24   
670.8   	6.452   
671.2   	-11.24  
671.6   	-29.65  
672     	-48.11  
672.4   	-61.94  
672.8   	-69.96  
673.2   	-74.38  
673.6   	-76.84  
674     	-78.26  
674.4   	-79.11  
674.8   	-79.62  
675.2   	-79.94  
675.6   	-80.14  
676     	-80.25  
676.4   	-80.29  
676.8   	-80.29  
677.2   	-80.25  
677.6   	-80.19  
678     	-80.09  
678.4   	-79.98  
678.8   	-79.84  
679.2   	-79.69  
679.6   	-79.52  
680     	-79.34  
680.4   	-79.15  
680.8   	-78.96  
681.2   	-78.77  
681.6   	-78.57  
682     	-78.32  
682.4   	-77.94  
682.8   	-77.29  
683.2   	-75.32  
683.6   	-66.63  
684     	-30.45  
684.4   	43.52   
684.8   	35.49   
685.2   	19.25   
685.6   	1.349   
686     	-16.33  
686.4   	-35.09  
686.8   	-52.65  
687.2   	-64.62  
687.6   	-71.42  
688     	-75.17  
688.4   	-77.28  
688.8   	-78.51  
689.2   	-79.24  
689.6   	-79.7   
690     	-79.98  
690.4   	-80.15  
690.8   	-80.24  
691.2   	-80.29  
691.6   	-80.29  
692     	-80.26  
692.4   	-80.2   
692.8   	-80.12  
693.2   	-80.03  
693.6   	-79.93  
694     	-79.82  
694.4   	-79.71  
694.8   	-79.6   
695.2   	-79.49  
695.6   	-79.38  
696     	-79.28  
696.4   	-79.17  
696.8   	-79.07  
697.2   	-78.97  
697.6   	-78.88  
698     	-78.8   
698.4   	-78.72  
698.8   	-78.63  
699.2   	-78.53  
699.6   	-78.43  
700     	-78.32  
700.4   	-78.21  
700.8   	-78.1   
701.2   	-77.96  
701.6   	-77.79  
702     	-77.51  
702.4   	-76.89  
702.8   	-74.65  
703.2   	-64.6   
703.6   	-21.38  
704     	43.78   
704.4   	34      
704.8   	17.39   
705.2   	-0.5287 
705.6   	-18.26  
706     	-37.12  
706.4   	-54.28  
706.8   	-65.6   
707.2   	-71.97  
707.6   	-75.49  
708     	-77.48  
708.4   	-78.64  
708.8   	-79.35  
709.2   	-79.78  
709.6   	-80.05  
710     	-80.2   
710.4   	-80.28  
710.8   	-80.3   
711.2   	-80.27  
711.6   	-80.21  
712     	-80.12  
712.4   	-80.02  
712.8   	-79.91  
713.2   	-79.79  
713.6   	-79.65  
714     	-79.51  
714.4   	-79.37  
714.8   	-79.23  
715.2   	-79.09  
715.6   	-78.96  
716     	-78.82  
716.4   	-78.68  
716.8   	-78.55  
717.2   	-78.41  
717.6   	-78.28  
718     	-78.15  
718.4   	-78.02  
718.8   	-77.91  
719.2   	-77.79  
719.6   	-77.68  
720     	-77.58  
720.4   	-77.48  
720.8   	-77.39  
721.2   	-77.3   
721.6   	-77.22  
722     	-77.15  
722.4   	-77.1   
722.8   	-77.05  
723.2   	-77.02  
723.6   	-76.99  
724     	-76.97  
724.4   	-76.94  
724.8   	-76.92  
725.2   	-76.9   
725.6   	-76.89  
726     	-76.88  
726.4   	-76.87  
726.8   	-76.85  
727.2   	-76.83  
727.6   	-76.8   
728     	-76.77  
728.4   	-76.73  
728.8   	-76.65  
729.2   	-76.47  
729.6   	-75.94  
730     	-73.75  
730.4   	-63.38  
730.8   	-16.53  
731.2   	43.72   
731.6   	33.28   
732     	16.5    
732.4   	-1.41   
732.8   	-19.17  
733.2   	-38.06  
733.6   	-55.02  
734     	-66.05  
734.4   	-72.23  
734.8   	-75.65  
735.2   	-77.59  
735.6   	-78.73  
736     	-79.42  
736.4   	-79.86  
736.8   	-80.13  
737.2   	-80.31  
737.6   	-80.41  
738     	-80.45  
738.4   	-80.46  
738.8   	-80.43  
739.2   	-80.37  
739.6   	-80.29  
740     	-80.2   
740.4   	-80.1   
740.8   	-80.01  
741.2   	-79.93  
741.6   	-79.84  
742     	-79.75  
742.4   	-79.66  
742.8   	-79.56  
743.2   	-79.47  
743.6   	-79.37  
744     	-79.27  
744.4   	-79.17  
744.8   	-79.06  
745.2   	-78.95  
745.6   	-78.83  
746     	-78.7   
746.4   	-78.56  
746.8   	-78.37  
747.2   	-78.03  
747.6   	-77.27  
748     	-74.52  
748.4   	-62.48  
748.8   	-9.375  
749.2   	43.47   
749.6   	32.38   
750     	15.47   
750.4   	-2.407  
750.8   	-20.18  
751.2   	-39.05  
751.6   	-55.7   
752     	-66.41  
752.4   	-72.41  
752.8   	-75.73  
753.2   	-77.6   
753.6   	-78.69  
754     	-79.35  
754.4   	-79.76  
754.8   	-80.01  
755.2   	-80.16  
755.6   	-80.23  
756     	-80.26  
756.4   	-80.25  
756.8   	-80.21  
757.2   	-80.15  
757.6   	-80.07  
758     	-79.97  
758.4   	-79.86  
758.8   	-79.68  
759.2   	-79.26  
759.6   	-78.2   
760     	-74.17  
760.4   	-57.88  
760.8   	16.99   
761.2   	42.28   
761.6   	29.52   
762     	12.24   
762.4   	-5.575  
762.8   	-23.54  
763.2   	-42.37  
763.6   	-58.08  
764     	-67.75  
764.4   	-73.14  
764.8   	-76.14  
765.2   	-77.84  
765.6   	-78.84  
766     	-79.45  
766.4   	-79.83  
766.8   	-80.05  
767.2   	-80.19  
767.6   	-80.25  
768     	-80.28  
768.4   	-80.25  
768.8   	-80.18  
769.2   	-80.03  
769.6   	-79.69  
770     	-79.05  
770.4   	-77.37  
770.8   	-70.64  
771.2   	-44.66  
771.6   	40.18   
772     	38.52   
772.4   	23.41   
772.8   	5.661   
773.2   	-12.01  
773.6   	-30.45  
774     	-48.72  
774.4   	-62.22  
774.8   	-70.08  
775.2   	-74.44  
775.6   	-76.88  
776     	-78.29  
776.4   	-79.13  
776.8   	-79.64  
777.2   	-79.95  
777.6   	-80.14  
778     	-80.24  
778.4   	-80.29  
778.8   	-80.28  
779.2   	-80.2   
779.6   	-80     
780     	-79.57  
780.4   	-78.75  
780.8   	-76.1   
781.2   	-65.53  
781.6   	-24.51  
782     	43.24   
782.4   	34.15   
782.8   	17.71   
783.2   	-0.165  
783.6   	-17.88  
784     	-36.69  
784.4   	-53.88  
784.8   	-65.33  
785.2   	-71.81  
785.6   	-75.41  
786     	-77.44  
786.4   	-78.63  
786.8   	-79.35  
787.2   	-79.81  
787.6   	-80.1   
788     	-80.28  
788.4   	-80.39  
788.8   	-80.44  
789.2   	-80.44  
789.6   	-80.4   
790     	-80.33  
790.4   	-80.24  
790.8   	-80.13  
791.2   	-80     
791.6   	-79.87  
792     	-79.72  
792.4   	-79.55  
792.8   	-79.34  
793.2   	-79     
793.6   	-78.28  
794     	-75.92  
794.4   	-66.11  
794.8   	-26.71  
795.2   	43.59   
795.6   	34.8    
796     	18.41   
796.4   	0.5118  
796.8   	-17.19  
797.2   	-35.99  
797.6   	-53.35  
798     	-65.03  
798.4   	-71.64  
798.8   	-75.3   
799.2   	-77.36  
799.6   	-78.57  
800     	-79.29  
800.4   	-79.74  
800.8   	-80     
801.2   	-80.16  
801.6   	-80.23  
802     	-80.24  
802.4   	-80.19  
802.8   	-80.08  
803.2   	-79.8   
803.6   	-79.26  
804     	-77.96  
804.4   	-72.99  
804.8   	-53.51  
805.2   	30.39   
805.6   	40.9    
806     	27.17   
806.4   	9.688   
806.8   	-8.051  
807.2   	-26.18  
807.6   	-44.84  
808     	-59.73  
808.4   	-68.68  
808.8   	-73.66  
809.2   	-76.44  
809.6   	-78.03  
810     	-78.96  
810.4   	-79.53  
810.8   	-79.87  
811.2   	-80.08  
811.6   	-80.21  
812     	-80.28  
812.4   	-80.3   
812.8   	-80.29  
813.2   	-80.24  
813.6   	-80.17  
814     	-80.05  
814.4   	-79.84  
814.8   	-79.43  
815.2   	-78.59  
815.6   	-75.82  
816     	-64.59  
816.4   	-19.68  
816.8   	43.43   
817.2   	33.55   
817.6   	16.94   
818     	-0.9491 
818.4   	-18.69  
818.8   	-37.53  
819.2   	-54.53  
819.6   	-65.71  
820     	-72.01  
820.4   	-75.5   
820.8   	-77.48  
821.2   	-78.64  
821.6   	-79.34  
822     	-79.77  
822.4   	-80.03  
822.8   	-80.19  
823.2   	-80.29  
823.6   	-80.33  
824     	-80.34  
824.4   	-80.33  
824.8   	-80.29  
825.2   	-80.23  
825.6   	-80.15  
826     	-80.06  
826.4   	-79.91  
826.8   	-79.55  
827.2   	-78.66  
827.6   	-75.49  
828     	-62.71  
828.4   	-9.562  
828.8   	43.25   
829.2   	32.26   
829.6   	15.39   
830     	-2.47   
830.4   	-20.26  
830.8   	-39.12  
831.2   	-55.73  
831.6   	-66.42  
832     	-72.42  
832.4   	-75.75  
832.8   	-77.64  
833.2   	-78.75  
833.6   	-79.43  
834     	-79.85  
834.4   	-80.11  
834.8   	-80.27  
835.2   	-80.36  
835.6   	-80.4   
836     	-80.41  
836.4   	-80.4   
836.8   	-80.37  
837.2   	-80.33  
837.6   	-80.28  
838     	-80.21  
838.4   	-80.13  
838.8   	-80.03  
839.2   	-79.94  
839.6   	-79.84  
840     	-79.73  
840.4   	-79.61  
840.8   	-79.36  
841.2   	-78.72  
841.6   	-76.55  
842     	-67.63  
842.4   	-32.61  
842.8   	43.3    
843.2   	35.91   
843.6   	19.79   
844     	1.912   
844.4   	-15.76  
844.8   	-34.47  
845.2   	-52.13  
845.6   	-64.31  
846     	-71.25  
846.4   	-75.09  
846.8   	-77.26  
847.2   	-78.52  
847.6   	-79.29  
848     	-79.77  
848.4   	-80.07  
848.8   	-80.25  
849.2   	-80.37  
849.6   	-80.43  
850     	-80.45  
850.4   	-80.44  
850.8   	-80.37  
851.2   	-80.12  
851.6   	-79.47  
852     	-77.53  
852.4   	-69.94  
852.8   	-41.38  
853.2   	41.47   
853.6   	37.68   
854     	22.25   
854.4   	4.448   
854.8   	-13.22  
855.2   	-31.77  
855.6   	-49.87  
856     	-62.93  
856.4   	-70.48  
856.8   	-74.66  
857.2   	-77.01  
857.6   	-78.37  
858     	-79.18  
858.4   	-79.67  
858.8   	-79.97  
859.2   	-80.15  
859.6   	-80.25  
860     	-80.3   
860.4   	-80.3   
860.8   	-80.26  
861.2   	-80.08  
861.6   	-79.63  
862     	-78.53  
862.4   	-74.48  
862.8   	-58.61  
863.2   	12.26   
863.6   	42.23   
864     	29.8    
864.4   	12.61   
864.8   	-5.205  
865.2   	-23.15  
865.6   	-41.97  
866     	-57.78  
866.4   	-67.58  
866.8   	-73.05  
867.2   	-76.1   
867.6   	-77.84  
868     	-78.87  
868.4   	-79.5   
868.8   	-79.9   
869.2   	-80.15  
869.6   	-80.3   
870     	-80.38  
870.4   	-80.41  
870.8   	-80.4   
871.2   	-80.35  
871.6   	-80.23  
872     	-79.9   
872.4   	-79.16  
872.8   	-76.88  
873.2   	-67.87  
873.6   	-33.68  
874     	42.81   
874.4   	35.87   
874.8   	19.86   
875.2   	2.009   
875.6   	-15.64  
876     	-34.31  
876.4   	-51.94  
876.8   	-64.15  
877.2   	-71.13  
877.6   	-74.98  
878     	-77.15  
878.4   	-78.4   
878.8   	-79.15  
879.2   	-79.6   
879.6   	-79.88  
880     	-80.05  
880.4   	-80.14  
880.8   	-80.17  
881.2   	-80.16  
881.6   	-80.1   
882     	-79.98  
882.4   	-79.7   
882.8   	-79.14  
883.2   	-77.8   
883.6   	-72.56  
884     	-51.94  
884.4   	33.45   
884.8   	40.54   
885.2   	26.49   
885.6   	8.929   
886     	-8.802  
886.4   	-27     
886.8   	-45.62  
887.2   	-60.25  
887.6   	-68.96  
888     	-73.79  
888.4   	-76.47  
888.8   	-78.01  
889.2   	-78.91  
889.6   	-79.45  
890     	-79.78  
890.4   	-79.98  
890.8   	-80.08  
891.2   	-80.11  
891.6   	-80.08  
892     	-80.02  
892.4   	-79.91  
892.8   	-79.76  
893.2   	-79.54  
893.6   	-79.15  
894     	-78.45  
894.4   	-76.37  
894.8   	-67.82  
895.2   	-34.31  
895.6   	42.86   
896     	36.05   
896.4   	20.06   
896.8   	2.211   
897.2   	-15.44  
897.6   	-34.09  
898     	-51.77  
898.4   	-64.05  
898.8   	-71.07  
899.2   	-74.96  
899.6   	-77.14  
900     	-78.41  
900.4   	-79.17  
900.8   	-79.64  
901.2   	-79.94  
901.6   	-80.11  
902     	-80.21  
902.4   	-80.26  
902.8   	-80.27  
903.2   	-80.25  
903.6   	-80.21  
904     	-80.13  
904.4   	-79.93  
904.8   	-79.46  
905.2   	-78.27  
905.6   	-73.77  
906     	-56     
906.4   	24.05   
906.8   	41.65   
907.2   	28.42   
907.6   	11.05   
908     	-6.716  
908.4   	-24.73  
908.8   	-43.47  
909.2   	-58.8   
909.6   	-68.14  
910     	-73.35  
910.4   	-76.25  
910.8   	-77.9   
911.2   	-78.87  
911.6   	-79.45  
912     	-79.81  
912.4   	-80.03  
912.8   	-80.15  
913.2   	-80.21  
913.6   	-80.21  
914     	-80.16  
914.4   	-80.03  
914.8   	-79.76  
915.2   	-79.3   
915.6   	-78.56  
916     	-76.43  
916.4   	-67.75  
916.8   	-34.04  
917.2   	42.79   
917.6   	35.94   
918     	19.94   
918.4   	2.09    
918.8   	-15.56  
919.2   	-34.21  
919.6   	-51.86  
920     	-64.11  
920.4   	-71.09  
920.8   	-74.96  
921.2   	-77.13  
921.6   	-78.38  
922     	-79.12  
922.4   	-79.56  
922.8   	-79.81  
923.2   	-79.95  
923.6   	-80.01  
924     	-80.01  
924.4   	-79.97  
924.8   	-79.9   
925.2   	-79.81  
925.6   	-79.71  
926     	-79.61  
926.4   	-79.5   
926.8   	-79.39  
927.2   	-79.28  
927.6   	-79.16  
928     	-79.03  
928.4   	-78.9   
928.8   	-78.76  
929.2   	-78.6   
929.6   	-78.4   
930     	-78.15  
930.4   	-77.75  
930.8   	-77     
931.2   	-74.43  
931.6   	-62.98  
932     	-12.69  
932.4   	43.52   
932.8   	32.73   
933.2   	15.9    
933.6   	-1.985  
934     	-19.74  
934.4   	-38.6   
934.8   	-55.36  
935.2   	-66.2   
935.6   	-72.29  
936     	-75.66  
936.4   	-77.57  
936.8   	-78.69  
937.2   	-79.37  
937.6   	-79.79  
938     	-80.06  
938.4   	-80.23  
938.8   	-80.33  
939.2   	-80.36  
939.6   	-80.35  
940     	-80.31  
940.4   	-80.21  
940.8   	-80.05  
941.2   	-79.73  
941.6   	-79.12  
942     	-77.56  
942.4   	-71.38  
942.8   	-47.34  
943.2   	38.55   
943.6   	39.27   
944     	24.47   
944.4   	6.776   
944.8   	-10.9   
945.2   	-29.24  
945.6   	-47.64  
946     	-61.54  
946.4   	-69.69  
946.8   	-74.22  
947.2   	-76.74  
947.6   	-78.19  
948     	-79.06  
948.4   	-79.59  
948.8   	-79.92  
949.2   	-80.12  
949.6   	-80.24  
950     	-80.29  
950.4   	-80.3   
950.8   	-80.27  
951.2   	-80.22  
951.6   	-80.16  
952     	-80.07  
952.4   	-79.97  
952.8   	-79.85  
953.2   	-79.72  
953.6   	-79.59  
954     	-79.46  
954.4   	-79.33  
954.8   	-79.2   
955.2   	-79.07  
955.6   	-78.94  
956     	-78.83  
956.4   	-78.72  
956.8   	-78.62  
957.2   	-78.52  
957.6   	-78.41  
958     	-78.3   
958.4   	-78.17  
958.8   	-78.03  
959.2   	-77.87  
959.6   	-77.66  
960     	-77.25  
960.4   	-76.06  
960.8   	-70.81  
961.2   	-48.29  
961.6   	38.31   
962     	39.82   
962.4   	25.05   
962.8   	7.333   
963.2   	-10.37  
963.6   	-28.69  
964     	-47.2   
964.4   	-61.31  
964.8   	-69.58  
965.2   	-74.15  
965.6   	-76.68  
966     	-78.13  
966.4   	-78.98  
966.8   	-79.5   
967.2   	-79.81  
967.6   	-80     
968     	-80.1   
968.4   	-80.14  
968.8   	-80.14  
969.2   	-80.1   
969.6   	-80.03  
970     	-79.92  
970.4   	-79.74  
970.8   	-79.39  
971.2   	-78.75  
971.6   	-77.02  
972     	-70.03  
972.4   	-42.71  
972.8   	41.18   
973.2   	38.09   
973.6   	22.76   
974     	4.969   
974.4   	-12.7   
974.8   	-31.21  
975.2   	-49.39  
975.6   	-62.64  
976     	-70.3   
976.4   	-74.55  
976.8   	-76.93  
977.2   	-78.29  
977.6   	-79.11  
978     	-79.6   
978.4   	-79.9   
978.8   	-80.08  
979.2   	-80.18  
979.6   	-80.24  
980     	-80.25  
980.4   	-80.23  
980.8   	-80.19  
981.2   	-80.13  
981.6   	-80.06  
982     	-79.97  
982.4   	-79.86  
982.8   	-79.75  
983.2   	-79.63  
983.6   	-79.5   
984     	-79.37  
984.4   	-79.24  
984.8   	-79.11  
985.2   	-78.99  
985.6   	-78.85  
986     	-78.72  
986.4   	-78.6   
986.8   	-78.47  
987.2   	-78.33  
987.6   	-78.19  
988     	-78.04  
988.4   	-77.87  
988.8   	-77.6   
989.2   	-77.03  
989.6   	-75.13  
990     	-66.56  
990.4   	-30.52  
990.8   	43.58   
991.2   	35.54   
991.6   	19.28   
992     	1.381   
992.4   	-16.3   
992.8   	-35.04  
993.2   	-52.6   
993.6   	-64.59  
994     	-71.38  
994.4   	-75.13  
994.8   	-77.24  
995.2   	-78.45  
995.6   	-79.18  
996     	-79.62  
996.4   	-79.89  
996.8   	-80.05  
997.2   	-80.14  
997.6   	-80.18  
998     	-80.19  
998.4   	-80.16  
998.8   	-80.12  
999.2   	-80.05  
999.6   	-79.95  
