
SWEPT_VAR_1 = 35.0    // Syn: Source PP \ NetStim \ PARAMETER \ interval (ms)

t	s.v( 0.05 )
ms	mV
0       	-64.65  
0.4     	-65.51  
0.8     	-66.35  
1.2     	-67.15  
1.6     	-67.92  
2       	-68.66  
2.4     	-69.37  
2.8     	-70.05  
3.2     	-70.7   
3.6     	-71.33  
4       	-71.92  
4.4     	-72.49  
4.8     	-73.02  
5.2     	-73.51  
5.6     	-73.98  
6       	-74.41  
6.4     	-74.81  
6.8     	-75.19  
7.2     	-75.53  
7.6     	-75.85  
8       	-76.16  
8.4     	-76.44  
8.8     	-76.71  
9.2     	-76.96  
9.6     	-77.19  
10      	-77.42  
10.4    	-77.62  
10.8    	-77.8   
11.2    	-77.95  
11.6    	-78.09  
12      	-78.22  
12.4    	-78.32  
12.8    	-78.31  
13.2    	-77.92  
13.6    	-76.47  
14      	-70.19  
14.4    	-44.51  
14.8    	40.82   
15.2    	38.78   
15.6    	23.55   
16      	5.751   
16.4    	-11.95  
16.8    	-30.44  
17.2    	-48.79  
17.6    	-62.34  
18      	-70.2   
18.4    	-74.55  
18.8    	-76.99  
19.2    	-78.41  
19.6    	-79.27  
20      	-79.8   
20.4    	-80.15  
20.8    	-80.37  
21.2    	-80.52  
21.6    	-80.61  
22      	-80.67  
22.4    	-80.7   
22.8    	-80.72  
23.2    	-80.72  
23.6    	-80.71  
24      	-80.7   
24.4    	-80.69  
24.8    	-80.67  
25.2    	-80.65  
25.6    	-80.62  
26      	-80.6   
26.4    	-80.57  
26.8    	-80.55  
27.2    	-80.52  
27.6    	-80.51  
28      	-80.48  
28.4    	-80.46  
28.8    	-80.44  
29.2    	-80.41  
29.6    	-80.38  
30      	-80.35  
30.4    	-80.32  
30.8    	-80.26  
31.2    	-80.18  
31.6    	-80.01  
32      	-79.51  
32.4    	-78.09  
32.8    	-72.48  
33.2    	-50.47  
33.6    	36.22   
34      	40.42   
34.4    	26.02   
34.8    	8.371   
35.2    	-9.369  
35.6    	-27.64  
36      	-46.25  
36.4    	-60.71  
36.8    	-69.26  
37.2    	-74.01  
37.6    	-76.67  
38      	-78.2   
38.4    	-79.12  
38.8    	-79.68  
39.2    	-80.04  
39.6    	-80.26  
40      	-80.4   
40.4    	-80.48  
40.8    	-80.52  
41.2    	-80.53  
41.6    	-80.51  
42      	-80.38  
42.4    	-79.95  
42.8    	-78.86  
43.2    	-74.87  
43.6    	-59.38  
44      	8.825   
44.4    	42.46   
44.8    	30.24   
45.2    	13.09   
45.6    	-4.738  
46      	-22.66  
46.4    	-41.52  
46.8    	-57.47  
47.2    	-67.42  
47.6    	-72.98  
48      	-76.08  
48.4    	-77.85  
48.8    	-78.9   
49.2    	-79.55  
49.6    	-79.96  
50      	-80.24  
50.4    	-80.42  
50.8    	-80.54  
51.2    	-80.62  
51.6    	-80.67  
52      	-80.69  
52.4    	-80.69  
52.8    	-80.68  
53.2    	-80.66  
53.6    	-80.64  
54      	-80.6   
54.4    	-80.55  
54.8    	-80.5   
55.2    	-80.44  
55.6    	-80.38  
56      	-80.29  
56.4    	-80.17  
56.8    	-79.85  
57.2    	-79     
57.6    	-76.05  
58      	-64.25  
58.4    	-16.73  
58.8    	43.58   
59.2    	33.3    
59.6    	16.59   
60      	-1.301  
60.4    	-19.06  
60.8    	-37.91  
61.2    	-54.84  
61.6    	-65.9   
62      	-72.13  
62.4    	-75.59  
62.8    	-77.54  
63.2    	-78.67  
63.6    	-79.36  
64      	-79.79  
64.4    	-80.06  
64.8    	-80.23  
65.2    	-80.32  
65.6    	-80.37  
66      	-80.38  
66.4    	-80.36  
66.8    	-80.32  
67.2    	-80.26  
67.6    	-80.19  
68      	-80.1   
68.4    	-79.99  
68.8    	-79.86  
69.2    	-79.63  
69.6    	-79.07  
70      	-77.31  
70.4    	-70.17  
70.8    	-42.45  
71.2    	41.46   
71.6    	38.14   
72      	22.77   
72.4    	4.957   
72.8    	-12.73  
73.2    	-31.26  
73.6    	-49.47  
74      	-62.72  
74.4    	-70.38  
74.8    	-74.62  
75.2    	-77     
75.6    	-78.37  
76      	-79.2   
76.4    	-79.72  
76.8    	-80.05  
77.2    	-80.27  
77.6    	-80.4   
78      	-80.48  
78.4    	-80.52  
78.8    	-80.52  
79.2    	-80.45  
79.6    	-80.17  
80      	-79.47  
80.4    	-77.34  
80.8    	-69.05  
81.2    	-37.99  
81.6    	42.24   
82      	36.84   
82.4    	21.13   
82.8    	3.299   
83.2    	-14.37  
83.6    	-33     
84      	-50.9   
84.4    	-63.56  
84.8    	-70.83  
85.2    	-74.85  
85.6    	-77.11  
86      	-78.42  
86.4    	-79.21  
86.8    	-79.69  
87.2    	-79.99  
87.6    	-80.18  
88      	-80.3   
88.4    	-80.37  
88.8    	-80.4   
89.2    	-80.4   
89.6    	-80.37  
90      	-80.28  
90.4    	-79.99  
90.8    	-79.25  
91.2    	-76.94  
91.6    	-67.86  
92      	-33.39  
92.4    	42.89   
92.8    	35.84   
93.2    	19.81   
93.6    	1.953   
94      	-15.72  
94.4    	-34.42  
94.8    	-52.06  
95.2    	-64.26  
95.6    	-71.24  
96      	-75.11  
96.4    	-77.29  
96.8    	-78.56  
97.2    	-79.33  
97.6    	-79.82  
98      	-80.13  
98.4    	-80.33  
98.8    	-80.45  
99.2    	-80.52  
99.6    	-80.52  
100     	-80.4   
100.4   	-79.98  
100.8   	-78.93  
101.2   	-75.23  
101.6   	-60.93  
102     	-0.8547 
102.4   	42.64   
102.8   	31.06   
103.2   	14.06   
103.6   	-3.771  
104     	-21.63  
104.4   	-40.48  
104.8   	-56.71  
105.2   	-66.97  
105.6   	-72.73  
106     	-75.93  
106.4   	-77.76  
106.8   	-78.85  
107.2   	-79.51  
107.6   	-79.93  
108     	-80.2   
108.4   	-80.36  
108.8   	-80.45  
109.2   	-80.49  
109.6   	-80.5   
110     	-80.48  
110.4   	-80.45  
110.8   	-80.38  
111.2   	-80.16  
111.6   	-79.6   
112     	-77.98  
112.4   	-71.65  
112.8   	-47.49  
113.2   	38.46   
113.6   	39.32   
114     	24.54   
114.4   	6.849   
114.8   	-10.84  
115.2   	-29.2   
115.6   	-47.62  
116     	-61.55  
116.4   	-69.72  
116.8   	-74.27  
117.2   	-76.82  
117.6   	-78.29  
118     	-79.18  
118.4   	-79.73  
118.8   	-80.09  
119.2   	-80.32  
119.6   	-80.47  
120     	-80.57  
120.4   	-80.62  
120.8   	-80.65  
121.2   	-80.65  
121.6   	-80.64  
122     	-80.61  
122.4   	-80.56  
122.8   	-80.5   
123.2   	-80.4   
123.6   	-80.16  
124     	-79.52  
124.4   	-77.58  
124.8   	-69.93  
125.2   	-40.82  
125.6   	41.95   
126     	37.73   
126.4   	22.22   
126.8   	4.393   
127.2   	-13.29  
127.6   	-31.87  
128     	-49.99  
128.4   	-63.04  
128.8   	-70.57  
129.2   	-74.74  
129.6   	-77.08  
130     	-78.44  
130.4   	-79.26  
130.8   	-79.78  
131.2   	-80.11  
131.6   	-80.32  
132     	-80.46  
132.4   	-80.54  
132.8   	-80.58  
133.2   	-80.59  
133.6   	-80.56  
134     	-80.35  
134.4   	-79.77  
134.8   	-78.15  
135.2   	-71.93  
135.6   	-48.43  
136     	37.56   
136.4   	39.53   
136.8   	24.91   
137.2   	7.243   
137.6   	-10.45  
138     	-28.79  
138.4   	-47.25  
138.8   	-61.31  
139.2   	-69.59  
139.6   	-74.19  
140     	-76.77  
140.4   	-78.26  
140.8   	-79.17  
141.2   	-79.73  
141.6   	-80.1   
142     	-80.35  
142.4   	-80.51  
142.8   	-80.61  
143.2   	-80.68  
143.6   	-80.71  
144     	-80.72  
144.4   	-80.72  
144.8   	-80.7   
145.2   	-80.67  
145.6   	-80.58  
146     	-80.29  
146.4   	-79.51  
146.8   	-77     
147.2   	-67.23  
147.6   	-30.04  
148     	43.32   
148.4   	35.33   
148.8   	19.11   
149.2   	1.229   
149.6   	-16.47  
150     	-35.24  
150.4   	-52.75  
150.8   	-64.69  
151.2   	-71.49  
151.6   	-75.26  
152     	-77.4   
152.4   	-78.65  
152.8   	-79.41  
153.2   	-79.9   
153.6   	-80.21  
154     	-80.42  
154.4   	-80.55  
154.8   	-80.63  
155.2   	-80.68  
155.6   	-80.7   
156     	-80.71  
156.4   	-80.69  
156.8   	-80.65  
157.2   	-80.48  
157.6   	-80     
158     	-78.7   
158.4   	-73.81  
158.8   	-54.94  
159.2   	27.71   
159.6   	41.42   
160     	27.93   
160.4   	10.49   
160.8   	-7.277  
161.2   	-25.37  
161.6   	-44.11  
162     	-59.27  
162.4   	-68.44  
162.8   	-73.55  
163.2   	-76.41  
163.6   	-78.05  
164     	-79.04  
164.4   	-79.65  
164.8   	-80.04  
165.2   	-80.3   
165.6   	-80.47  
166     	-80.58  
166.4   	-80.65  
166.8   	-80.67  
167.2   	-80.61  
167.6   	-80.32  
168     	-79.6   
168.4   	-77.42  
168.8   	-69.04  
169.2   	-37.82  
169.6   	42.24   
170     	36.78   
170.4   	21.06   
170.8   	3.231   
171.2   	-14.44  
171.6   	-33.08  
172     	-50.97  
172.4   	-63.61  
172.8   	-70.86  
173.2   	-74.9   
173.6   	-77.17  
174     	-78.5   
174.4   	-79.31  
174.8   	-79.81  
175.2   	-80.14  
175.6   	-80.36  
176     	-80.5   
176.4   	-80.58  
176.8   	-80.62  
177.2   	-80.63  
177.6   	-80.61  
178     	-80.56  
178.4   	-80.5   
178.8   	-80.43  
179.2   	-80.36  
179.6   	-80.28  
180     	-80.19  
180.4   	-80.1   
180.8   	-80     
181.2   	-79.9   
181.6   	-79.79  
182     	-79.62  
182.4   	-79.2   
182.8   	-78.01  
183.2   	-73.31  
183.6   	-54.37  
184     	29.61   
184.4   	41.45   
184.8   	27.77   
185.2   	10.28   
185.6   	-7.499  
186     	-25.61  
186.4   	-44.36  
186.8   	-59.45  
187.2   	-68.54  
187.6   	-73.6   
188     	-76.42  
188.4   	-78.03  
188.8   	-78.99  
189.2   	-79.58  
189.6   	-79.95  
190     	-80.19  
190.4   	-80.34  
190.8   	-80.43  
191.2   	-80.48  
191.6   	-80.5   
192     	-80.5   
192.4   	-80.48  
192.8   	-80.45  
193.2   	-80.4   
193.6   	-80.35  
194     	-80.29  
194.4   	-80.22  
194.8   	-80.13  
195.2   	-80.02  
195.6   	-79.86  
196     	-79.46  
196.4   	-78.36  
196.8   	-74.21  
197.2   	-57.48  
197.6   	19.39   
198     	42.25   
198.4   	29.32   
198.8   	12      
199.2   	-5.812  
199.6   	-23.8   
200     	-42.64  
200.4   	-58.29  
200.8   	-67.9   
201.2   	-73.26  
201.6   	-76.24  
202     	-77.94  
202.4   	-78.94  
202.8   	-79.55  
203.2   	-79.93  
203.6   	-80.16  
204     	-80.3   
204.4   	-80.37  
204.8   	-80.37  
205.2   	-80.33  
205.6   	-80.23  
206     	-79.97  
206.4   	-79.33  
206.8   	-77.47  
207.2   	-70.15  
207.6   	-42.49  
208     	41.03   
208.4   	37.91   
208.8   	22.59   
209.2   	4.81    
209.6   	-12.86  
210     	-31.38  
210.4   	-49.52  
210.8   	-62.72  
211.2   	-70.36  
211.6   	-74.6   
212     	-76.97  
212.4   	-78.35  
212.8   	-79.18  
213.2   	-79.69  
213.6   	-80.02  
214     	-80.22  
214.4   	-80.34  
214.8   	-80.4   
215.2   	-80.42  
215.6   	-80.41  
216     	-80.38  
216.4   	-80.34  
216.8   	-80.29  
217.2   	-80.24  
217.6   	-80.18  
218     	-80.11  
218.4   	-80.02  
218.8   	-79.92  
219.2   	-79.78  
219.6   	-79.44  
220     	-78.55  
220.4   	-75.33  
220.8   	-62.21  
221.2   	-6.425  
221.6   	43.28   
222     	32.01   
222.4   	15.08   
222.8   	-2.795  
223.2   	-20.61  
223.6   	-39.49  
224     	-56.02  
224.4   	-66.59  
224.8   	-72.52  
225.2   	-75.82  
225.6   	-77.7   
226     	-78.81  
226.4   	-79.48  
226.8   	-79.9   
227.2   	-80.17  
227.6   	-80.34  
228     	-80.45  
228.4   	-80.52  
228.8   	-80.54  
229.2   	-80.45  
229.6   	-80.1   
230     	-79.24  
230.4   	-76.4   
230.8   	-65.43  
231.2   	-23.6   
231.6   	43.19   
232     	33.97   
232.4   	17.51   
232.8   	-0.3684 
233.2   	-18.1   
233.6   	-36.92  
234     	-54.07  
234.4   	-65.45  
234.8   	-71.9   
235.2   	-75.48  
235.6   	-77.51  
236     	-78.71  
236.4   	-79.44  
236.8   	-79.9   
237.2   	-80.19  
237.6   	-80.38  
238     	-80.49  
238.4   	-80.5   
238.8   	-80.32  
239.2   	-79.84  
239.6   	-78.75  
240     	-74.87  
240.4   	-59.9   
240.8   	4.354   
241.2   	42.35   
241.6   	30.44   
242     	13.37   
242.4   	-4.45   
242.8   	-22.35  
243.2   	-41.18  
243.6   	-57.22  
244     	-67.26  
244.4   	-72.9   
244.8   	-76.05  
245.2   	-77.86  
245.6   	-78.93  
246     	-79.61  
246.4   	-80.03  
246.8   	-80.31  
247.2   	-80.5   
247.6   	-80.63  
248     	-80.71  
248.4   	-80.76  
248.8   	-80.77  
249.2   	-80.77  
249.6   	-80.74  
250     	-80.63  
250.4   	-80.3   
250.8   	-79.49  
251.2   	-76.89  
251.6   	-66.82  
252     	-28.53  
252.4   	43.33   
252.8   	35      
253.2   	18.73   
253.6   	0.8428  
254     	-16.86  
254.4   	-35.64  
254.8   	-53.07  
255.2   	-64.87  
255.6   	-71.58  
256     	-75.3   
256.4   	-77.41  
256.8   	-78.65  
257.2   	-79.41  
257.6   	-79.89  
258     	-80.2   
258.4   	-80.41  
258.8   	-80.56  
259.2   	-80.65  
259.6   	-80.69  
260     	-80.71  
260.4   	-80.68  
260.8   	-80.49  
261.2   	-79.96  
261.6   	-78.55  
262     	-73.23  
262.4   	-52.93  
262.8   	31.9    
263.2   	40.8    
263.6   	26.94   
264     	9.417   
264.4   	-8.334  
264.8   	-26.51  
265.2   	-45.19  
265.6   	-59.99  
266     	-68.86  
266.4   	-73.8   
266.8   	-76.56  
267.2   	-78.16  
267.6   	-79.12  
268     	-79.73  
268.4   	-80.12  
268.8   	-80.38  
269.2   	-80.56  
269.6   	-80.69  
270     	-80.78  
270.4   	-80.83  
270.8   	-80.81  
271.2   	-80.6   
271.6   	-80.01  
272     	-78.42  
272.4   	-72.37  
272.8   	-49.68  
273.2   	36.35   
273.6   	39.87   
274     	25.45   
274.4   	7.823   
274.8   	-9.893  
275.2   	-28.19  
275.6   	-46.72  
276     	-60.98  
276.4   	-69.41  
276.8   	-74.09  
277.2   	-76.72  
277.6   	-78.23  
278     	-79.13  
278.4   	-79.69  
278.8   	-80.05  
279.2   	-80.27  
279.6   	-80.42  
280     	-80.52  
280.4   	-80.57  
280.8   	-80.59  
281.2   	-80.58  
281.6   	-80.56  
282     	-80.52  
282.4   	-80.46  
282.8   	-80.28  
283.2   	-79.77  
283.6   	-78.34  
284     	-72.84  
284.4   	-51.61  
284.8   	34.37   
285.2   	40.57   
285.6   	26.42   
286     	8.831   
286.4   	-8.914  
286.8   	-27.14  
287.2   	-45.78  
287.6   	-60.38  
288     	-69.07  
288.4   	-73.9   
288.8   	-76.6   
289.2   	-78.16  
289.6   	-79.09  
290     	-79.66  
290.4   	-80.03  
290.8   	-80.27  
291.2   	-80.43  
291.6   	-80.53  
292     	-80.59  
292.4   	-80.62  
292.8   	-80.61  
293.2   	-80.57  
293.6   	-80.49  
294     	-80.21  
294.4   	-79.48  
294.8   	-77.22  
295.2   	-68.4   
295.6   	-35.15  
296     	42.77   
296.4   	36.27   
296.8   	20.34   
297.2   	2.49    
297.6   	-15.18  
298     	-33.85  
298.4   	-51.61  
298.8   	-64     
299.2   	-71.09  
299.6   	-75.03  
300     	-77.26  
300.4   	-78.56  
300.8   	-79.36  
301.2   	-79.87  
301.6   	-80.2   
302     	-80.42  
302.4   	-80.57  
302.8   	-80.67  
303.2   	-80.73  
303.6   	-80.76  
304     	-80.77  
304.4   	-80.76  
304.8   	-80.73  
305.2   	-80.65  
305.6   	-80.35  
306     	-79.56  
306.4   	-77.08  
306.8   	-67.47  
307.2   	-31.04  
307.6   	43.23   
308     	35.49   
308.4   	19.33   
308.8   	1.452   
309.2   	-16.24  
309.6   	-34.97  
310     	-52.52  
310.4   	-64.54  
310.8   	-71.39  
311.2   	-75.18  
311.6   	-77.33  
312     	-78.57  
312.4   	-79.32  
312.8   	-79.78  
313.2   	-80.06  
313.6   	-80.24  
314     	-80.34  
314.4   	-80.4   
314.8   	-80.4   
315.2   	-80.31  
315.6   	-79.97  
316     	-79.14  
316.4   	-76.41  
316.8   	-65.78  
317.2   	-25.35  
317.6   	43.14   
318     	34.23   
318.4   	17.84   
318.8   	-0.03507
319.2   	-17.75  
319.6   	-36.56  
320     	-53.77  
320.4   	-65.26  
320.8   	-71.78  
321.2   	-75.4   
321.6   	-77.45  
322     	-78.65  
322.4   	-79.38  
322.8   	-79.83  
323.2   	-80.11  
323.6   	-80.28  
324     	-80.38  
324.4   	-80.42  
324.8   	-80.42  
325.2   	-80.38  
325.6   	-80.23  
326     	-79.82  
326.4   	-78.79  
326.8   	-75.12  
327.2   	-60.74  
327.6   	0.7551  
328     	42.7    
328.4   	30.99   
328.8   	13.97   
329.2   	-3.868  
329.6   	-21.73  
330     	-40.57  
330.4   	-56.78  
330.8   	-66.99  
331.2   	-72.72  
331.6   	-75.91  
332     	-77.72  
332.4   	-78.79  
332.8   	-79.44  
333.2   	-79.85  
333.6   	-80.11  
334     	-80.27  
334.4   	-80.37  
334.8   	-80.41  
335.2   	-80.41  
335.6   	-80.29  
336     	-79.92  
336.4   	-79.1   
336.8   	-76.45  
337.2   	-66.13  
337.6   	-26.79  
338     	43.14   
338.4   	34.5    
338.8   	18.16   
339.2   	0.2926  
339.6   	-17.41  
340     	-36.2   
340.4   	-53.49  
340.8   	-65.1   
341.2   	-71.68  
341.6   	-75.33  
342     	-77.4   
342.4   	-78.61  
342.8   	-79.34  
343.2   	-79.81  
343.6   	-80.1   
344     	-80.3   
344.4   	-80.42  
344.8   	-80.5   
345.2   	-80.54  
345.6   	-80.55  
346     	-80.52  
346.4   	-80.4   
346.8   	-80.07  
347.2   	-79.33  
347.6   	-77.09  
348     	-68.33  
348.4   	-35.15  
348.8   	42.73   
349.2   	36.24   
349.6   	20.32   
350     	2.469   
350.4   	-15.19  
350.8   	-33.86  
351.2   	-51.61  
351.6   	-63.99  
352     	-71.08  
352.4   	-75.02  
352.8   	-77.23  
353.2   	-78.52  
353.6   	-79.29  
354     	-79.76  
354.4   	-80.06  
354.8   	-80.24  
355.2   	-80.35  
355.6   	-80.39  
356     	-80.39  
356.4   	-80.36  
356.8   	-80.27  
357.2   	-80.04  
357.6   	-79.54  
358     	-78.34  
358.4   	-73.85  
358.8   	-56.2   
359.2   	23.13   
359.6   	41.66   
360     	28.5    
360.4   	11.14   
360.8   	-6.622  
361.2   	-24.63  
361.6   	-43.38  
362     	-58.75  
362.4   	-68.12  
362.8   	-73.36  
363.2   	-76.27  
363.6   	-77.93  
364     	-78.92  
364.4   	-79.51  
364.8   	-79.88  
365.2   	-80.11  
365.6   	-80.25  
366     	-80.32  
366.4   	-80.35  
366.8   	-80.34  
367.2   	-80.3   
367.6   	-80.25  
368     	-80.18  
368.4   	-80.09  
368.8   	-79.98  
369.2   	-79.85  
369.6   	-79.68  
370     	-79.41  
370.4   	-78.88  
370.8   	-77.48  
371.2   	-71.8   
371.6   	-49.12  
372     	37.4    
372.4   	39.94   
372.8   	25.35   
373.2   	7.679   
373.6   	-10.03  
374     	-28.34  
374.4   	-46.88  
374.8   	-61.11  
375.2   	-69.48  
375.6   	-74.12  
376     	-76.72  
376.4   	-78.22  
376.8   	-79.11  
377.2   	-79.67  
377.6   	-80.03  
378     	-80.26  
378.4   	-80.41  
378.8   	-80.5   
379.2   	-80.56  
379.6   	-80.59  
380     	-80.6   
380.4   	-80.59  
380.8   	-80.56  
381.2   	-80.51  
381.6   	-80.45  
382     	-80.37  
382.4   	-80.22  
382.8   	-79.82  
383.2   	-78.77  
383.6   	-74.94  
384     	-59.73  
384.4   	8.125   
384.8   	42.75   
385.2   	30.54   
385.6   	13.39   
386     	-4.467  
386.4   	-22.39  
386.8   	-41.28  
387.2   	-57.34  
387.6   	-67.36  
388     	-72.97  
388.4   	-76.09  
388.8   	-77.87  
389.2   	-78.93  
389.6   	-79.58  
390     	-79.99  
390.4   	-80.25  
390.8   	-80.42  
391.2   	-80.51  
391.6   	-80.55  
392     	-80.56  
392.4   	-80.52  
392.8   	-80.36  
393.2   	-79.9   
393.6   	-78.72  
394     	-74.41  
394.4   	-57.7   
394.8   	17.1    
395.2   	42.03   
395.6   	29.3    
396     	12.04   
396.4   	-5.769  
396.8   	-23.75  
397.2   	-42.57  
397.6   	-58.22  
398     	-67.85  
398.4   	-73.23  
398.8   	-76.23  
399.2   	-77.95  
399.6   	-78.98  
400     	-79.62  
400.4   	-80.02  
400.8   	-80.29  
401.2   	-80.48  
401.6   	-80.6   
402     	-80.68  
402.4   	-80.72  
402.8   	-80.73  
403.2   	-80.72  
403.6   	-80.68  
404     	-80.53  
404.4   	-80.08  
404.8   	-78.94  
405.2   	-74.78  
405.6   	-58.61  
406     	13.62   
406.4   	42.37   
406.8   	29.85   
407.2   	12.63   
407.6   	-5.2    
408     	-23.16  
408.4   	-42.01  
408.8   	-57.84  
409.2   	-67.64  
409.6   	-73.12  
410     	-76.17  
410.4   	-77.92  
410.8   	-78.96  
411.2   	-79.6   
411.6   	-80.01  
412     	-80.28  
412.4   	-80.45  
412.8   	-80.57  
413.2   	-80.63  
413.6   	-80.65  
414     	-80.65  
414.4   	-80.63  
414.8   	-80.6   
415.2   	-80.57  
415.6   	-80.52  
416     	-80.47  
416.4   	-80.42  
416.8   	-80.35  
417.2   	-80.27  
417.6   	-80.04  
418     	-79.43  
418.4   	-77.53  
418.8   	-69.96  
419.2   	-40.95  
419.6   	41.99   
420     	37.82   
420.4   	22.3    
420.8   	4.471   
421.2   	-13.22  
421.6   	-31.8   
422     	-49.95  
422.4   	-63.02  
422.8   	-70.57  
423.2   	-74.75  
423.6   	-77.11  
424     	-78.48  
424.4   	-79.32  
424.8   	-79.85  
425.2   	-80.19  
425.6   	-80.42  
426     	-80.58  
426.4   	-80.68  
426.8   	-80.74  
427.2   	-80.77  
427.6   	-80.76  
428     	-80.7   
428.4   	-80.47  
428.8   	-79.84  
429.2   	-78.01  
429.6   	-70.97  
430     	-44.6   
430.4   	40.27   
430.8   	38.53   
431.2   	23.42   
431.6   	5.67    
432     	-12.01  
432.4   	-30.47  
432.8   	-48.75  
433.2   	-62.26  
433.6   	-70.12  
434     	-74.49  
434.4   	-76.95  
434.8   	-78.38  
435.2   	-79.25  
435.6   	-79.79  
436     	-80.15  
436.4   	-80.39  
436.8   	-80.55  
437.2   	-80.67  
437.6   	-80.75  
438     	-80.8   
438.4   	-80.82  
438.8   	-80.83  
439.2   	-80.82  
439.6   	-80.79  
440     	-80.72  
440.4   	-80.5   
440.8   	-79.89  
441.2   	-78.14  
441.6   	-71.42  
442     	-45.94  
442.4   	39.71   
442.8   	38.99   
443.2   	24.01   
443.6   	6.269   
444     	-11.41  
444.4   	-29.82  
444.8   	-48.18  
445.2   	-61.9   
445.6   	-69.92  
446     	-74.38  
446.4   	-76.88  
446.8   	-78.34  
447.2   	-79.21  
447.6   	-79.76  
448     	-80.12  
448.4   	-80.36  
448.8   	-80.52  
449.2   	-80.63  
449.6   	-80.7   
450     	-80.74  
450.4   	-80.76  
450.8   	-80.76  
451.2   	-80.74  
451.6   	-80.69  
452     	-80.56  
452.4   	-80.16  
452.8   	-79.15  
453.2   	-75.61  
453.6   	-61.78  
454     	-3.692  
454.4   	43.08   
454.8   	31.65   
455.2   	14.68   
455.6   	-3.18   
456     	-21.02  
456.4   	-39.89  
456.8   	-56.31  
457.2   	-66.76  
457.6   	-72.62  
458     	-75.89  
458.4   	-77.75  
458.8   	-78.85  
459.2   	-79.52  
459.6   	-79.93  
460     	-80.19  
460.4   	-80.35  
460.8   	-80.44  
461.2   	-80.5   
461.6   	-80.52  
462     	-80.52  
462.4   	-80.49  
462.8   	-80.46  
463.2   	-80.41  
463.6   	-80.35  
464     	-80.28  
464.4   	-80.2   
464.8   	-80.11  
465.2   	-80.02  
465.6   	-79.86  
466     	-79.44  
466.4   	-78.26  
466.8   	-73.72  
467.2   	-55.58  
467.6   	26.25   
468     	41.73   
468.4   	28.32   
468.8   	10.89   
469.2   	-6.889  
469.6   	-24.95  
470     	-43.72  
470.4   	-59.01  
470.8   	-68.3   
471.2   	-73.48  
471.6   	-76.36  
472     	-78.02  
472.4   	-79.01  
472.8   	-79.63  
473.2   	-80.02  
473.6   	-80.28  
474     	-80.45  
474.4   	-80.57  
474.8   	-80.63  
475.2   	-80.67  
475.6   	-80.67  
476     	-80.64  
476.4   	-80.59  
476.8   	-80.52  
477.2   	-80.43  
477.6   	-80.22  
478     	-79.66  
478.4   	-78.06  
478.8   	-71.78  
479.2   	-47.72  
479.6   	38.46   
480     	39.47   
480.4   	24.71   
480.8   	7.008   
481.2   	-10.68  
481.6   	-29.03  
482     	-47.47  
482.4   	-61.46  
482.8   	-69.67  
483.2   	-74.23  
483.6   	-76.79  
484     	-78.27  
484.4   	-79.16  
484.8   	-79.72  
485.2   	-80.06  
485.6   	-80.28  
486     	-80.42  
486.4   	-80.5   
486.8   	-80.53  
487.2   	-80.54  
487.6   	-80.52  
488     	-80.48  
488.4   	-80.42  
488.8   	-80.25  
489.2   	-79.76  
489.6   	-78.46  
490     	-73.47  
490.4   	-54.08  
490.8   	29.77   
491.2   	41.19   
491.6   	27.52   
492     	10.04   
492.4   	-7.723  
492.8   	-25.86  
493.2   	-44.59  
493.6   	-59.61  
494     	-68.65  
494.4   	-73.69  
494.8   	-76.51  
495.2   	-78.14  
495.6   	-79.11  
496     	-79.72  
496.4   	-80.12  
496.8   	-80.38  
497.2   	-80.56  
497.6   	-80.67  
498     	-80.74  
498.4   	-80.78  
498.8   	-80.81  
499.2   	-80.82  
499.6   	-80.82  
500     	-80.81  
500.4   	-80.8   
500.8   	-80.78  
501.2   	-80.75  
501.6   	-80.72  
502     	-80.69  
502.4   	-80.65  
502.8   	-80.6   
503.2   	-80.56  
503.6   	-80.51  
504     	-80.47  
504.4   	-80.42  
504.8   	-80.29  
505.2   	-79.88  
505.6   	-78.72  
506     	-74.36  
506.4   	-57.13  
506.8   	21.19   
507.2   	42.18   
507.6   	29.13   
508     	11.79   
508.4   	-6.019  
508.8   	-24.02  
509.2   	-42.84  
509.6   	-58.42  
510     	-67.98  
510.4   	-73.31  
510.8   	-76.29  
511.2   	-78     
511.6   	-79.02  
512     	-79.65  
512.4   	-80.06  
512.8   	-80.33  
513.2   	-80.51  
513.6   	-80.63  
514     	-80.72  
514.4   	-80.77  
514.8   	-80.79  
515.2   	-80.8   
515.6   	-80.79  
516     	-80.77  
516.4   	-80.74  
516.8   	-80.69  
517.2   	-80.64  
517.6   	-80.56  
518     	-80.32  
518.4   	-79.68  
518.8   	-77.72  
519.2   	-70.05  
519.6   	-40.92  
520     	41.97   
520.4   	37.8    
520.8   	22.29   
521.2   	4.46    
521.6   	-13.23  
522     	-31.8   
522.4   	-49.92  
522.8   	-62.99  
523.2   	-70.53  
523.6   	-74.7   
524     	-77.05  
524.4   	-78.41  
524.8   	-79.23  
525.2   	-79.73  
525.6   	-80.06  
526     	-80.27  
526.4   	-80.4   
526.8   	-80.48  
527.2   	-80.51  
527.6   	-80.52  
528     	-80.5   
528.4   	-80.47  
528.8   	-80.43  
529.2   	-80.38  
529.6   	-80.33  
530     	-80.27  
530.4   	-80.19  
530.8   	-80.09  
531.2   	-79.9   
531.6   	-79.38  
532     	-77.87  
532.4   	-71.87  
532.8   	-48.45  
533.2   	38.04   
533.6   	39.76   
534     	25.07   
534.4   	7.38    
534.8   	-10.33  
535.2   	-28.67  
535.6   	-47.18  
536     	-61.29  
536.4   	-69.59  
536.8   	-74.2   
537.2   	-76.79  
537.6   	-78.28  
538     	-79.18  
538.4   	-79.74  
538.8   	-80.1   
539.2   	-80.33  
539.6   	-80.48  
540     	-80.58  
540.4   	-80.64  
540.8   	-80.67  
541.2   	-80.69  
541.6   	-80.69  
542     	-80.68  
542.4   	-80.67  
542.8   	-80.65  
543.2   	-80.64  
543.6   	-80.61  
544     	-80.57  
544.4   	-80.54  
544.8   	-80.5   
545.2   	-80.45  
545.6   	-80.41  
546     	-80.37  
546.4   	-80.33  
546.8   	-80.27  
547.2   	-80.15  
547.6   	-79.78  
548     	-78.76  
548.4   	-75     
548.8   	-59.97  
549.2   	7.32    
549.6   	42.91   
550     	30.72   
550.4   	13.57   
550.8   	-4.291  
551.2   	-22.2   
551.6   	-41.09  
552     	-57.21  
552.4   	-67.29  
552.8   	-72.92  
553.2   	-76.06  
553.6   	-77.85  
554     	-78.91  
554.4   	-79.55  
554.8   	-79.96  
555.2   	-80.21  
555.6   	-80.37  
556     	-80.47  
556.4   	-80.53  
556.8   	-80.55  
557.2   	-80.55  
557.6   	-80.53  
558     	-80.49  
558.4   	-80.44  
558.8   	-80.38  
559.2   	-80.32  
559.6   	-80.24  
560     	-80.11  
560.4   	-79.74  
560.8   	-78.73  
561.2   	-75.05  
561.6   	-60.32  
562     	4.797   
562.4   	42.9    
562.8   	30.88   
563.2   	13.77   
563.6   	-4.085  
564     	-21.98  
564.4   	-40.86  
564.8   	-57.03  
565.2   	-67.17  
565.6   	-72.85  
566     	-76.01  
566.4   	-77.81  
566.8   	-78.88  
567.2   	-79.54  
567.6   	-79.96  
568     	-80.22  
568.4   	-80.39  
568.8   	-80.49  
569.2   	-80.55  
569.6   	-80.58  
570     	-80.59  
570.4   	-80.57  
570.8   	-80.55  
571.2   	-80.5   
571.6   	-80.44  
572     	-80.37  
572.4   	-80.3   
572.8   	-80.23  
573.2   	-80.14  
573.6   	-80.05  
574     	-79.95  
574.4   	-79.84  
574.8   	-79.71  
575.2   	-79.46  
575.6   	-78.78  
576     	-76.44  
576.4   	-66.92  
576.8   	-29.4   
577.2   	43.55   
577.6   	35.32   
578     	19.05   
578.4   	1.152   
578.8   	-16.55  
579.2   	-35.32  
579.6   	-52.84  
580     	-64.74  
580.4   	-71.5   
580.8   	-75.24  
581.2   	-77.35  
581.6   	-78.58  
582     	-79.32  
582.4   	-79.77  
582.8   	-80.06  
583.2   	-80.22  
583.6   	-80.31  
584     	-80.32  
584.4   	-80.2   
584.8   	-79.82  
585.2   	-79.01  
585.6   	-76.36  
586     	-66.09  
586.4   	-27.22  
586.8   	42.96   
587.2   	34.45   
587.6   	18.14   
588     	0.2791  
588.4   	-17.42  
588.8   	-36.2   
589.2   	-53.46  
589.6   	-65.07  
590     	-71.67  
590.4   	-75.33  
590.8   	-77.4   
591.2   	-78.62  
591.6   	-79.35  
592     	-79.8   
592.4   	-80.07  
592.8   	-80.25  
593.2   	-80.35  
593.6   	-80.4   
594     	-80.41  
594.4   	-80.37  
594.8   	-80.28  
595.2   	-80.03  
595.6   	-79.52  
596     	-78.36  
596.4   	-74.08  
596.8   	-57.14  
597.2   	19.59   
597.6   	41.93   
598     	29.02   
598.4   	11.72   
598.8   	-6.067  
599.2   	-24.06  
599.6   	-42.85  
600     	-58.39  
600.4   	-67.93  
600.8   	-73.25  
601.2   	-76.22  
601.6   	-77.91  
602     	-78.92  
602.4   	-79.53  
602.8   	-79.92  
603.2   	-80.16  
603.6   	-80.31  
604     	-80.39  
604.4   	-80.43  
604.8   	-80.44  
605.2   	-80.41  
605.6   	-80.36  
606     	-80.29  
606.4   	-80.2   
606.8   	-80.07  
607.2   	-79.84  
607.6   	-79.3   
608     	-77.8   
608.4   	-71.84  
608.8   	-48.61  
609.2   	37.75   
609.6   	39.74   
610     	25.1    
610.4   	7.419   
610.8   	-10.28  
611.2   	-28.6   
611.6   	-47.09  
612     	-61.22  
612.4   	-69.52  
612.8   	-74.13  
613.2   	-76.71  
613.6   	-78.19  
614     	-79.08  
614.4   	-79.63  
614.8   	-79.98  
615.2   	-80.2   
615.6   	-80.34  
616     	-80.42  
616.4   	-80.46  
616.8   	-80.46  
617.2   	-80.42  
617.6   	-80.28  
618     	-79.87  
618.4   	-78.9   
618.8   	-75.5   
619.2   	-62.14  
619.6   	-6.985  
620     	42.98   
620.4   	31.82   
620.8   	14.92   
621.2   	-2.927  
621.6   	-20.74  
622     	-39.6   
622.4   	-56.08  
622.8   	-66.61  
623.2   	-72.54  
623.6   	-75.83  
624     	-77.7   
624.4   	-78.81  
624.8   	-79.49  
625.2   	-79.92  
625.6   	-80.19  
626     	-80.37  
626.4   	-80.48  
626.8   	-80.55  
627.2   	-80.58  
627.6   	-80.54  
628     	-80.32  
628.4   	-79.77  
628.8   	-78.34  
629.2   	-72.91  
629.6   	-52.16  
630     	33.03   
630.4   	40.55   
630.8   	26.56   
631.2   	9.013   
631.6   	-8.725  
632     	-26.93  
632.4   	-45.56  
632.8   	-60.23  
633.2   	-68.98  
633.6   	-73.85  
634     	-76.57  
634.4   	-78.14  
634.8   	-79.07  
635.2   	-79.65  
635.6   	-80.01  
636     	-80.23  
636.4   	-80.37  
636.8   	-80.44  
637.2   	-80.47  
637.6   	-80.47  
638     	-80.44  
638.4   	-80.34  
638.8   	-80.01  
639.2   	-79.22  
639.6   	-76.63  
640     	-66.51  
640.4   	-27.91  
640.8   	43.23   
641.2   	34.79   
641.6   	18.49   
642     	0.6181  
642.4   	-17.08  
642.8   	-35.86  
643.2   	-53.22  
643.6   	-64.94  
644     	-71.59  
644.4   	-75.28  
644.8   	-77.37  
645.2   	-78.58  
645.6   	-79.32  
646     	-79.78  
646.4   	-80.07  
646.8   	-80.26  
647.2   	-80.37  
647.6   	-80.43  
648     	-80.45  
648.4   	-80.44  
648.8   	-80.39  
649.2   	-80.18  
649.6   	-79.66  
650     	-78.33  
650.4   	-73.3   
650.8   	-53.78  
651.2   	30.12   
651.6   	41.03   
652     	27.33   
652.4   	9.853   
652.8   	-7.899  
653.2   	-26.03  
653.6   	-44.72  
654     	-59.66  
654.4   	-68.64  
654.8   	-73.64  
655.2   	-76.43  
655.6   	-78.04  
656     	-79     
656.4   	-79.59  
656.8   	-79.97  
657.2   	-80.21  
657.6   	-80.37  
658     	-80.47  
658.4   	-80.52  
658.8   	-80.55  
659.2   	-80.56  
659.6   	-80.53  
660     	-80.42  
660.4   	-80.06  
660.8   	-79.24  
661.2   	-76.56  
661.6   	-66.09  
662     	-25.89  
662.4   	43.36   
662.8   	34.5    
663.2   	18.12   
663.6   	0.2308  
664     	-17.48  
664.4   	-36.29  
664.8   	-53.58  
665.2   	-65.16  
665.6   	-71.73  
666     	-75.37  
666.4   	-77.44  
666.8   	-78.65  
667.2   	-79.39  
667.6   	-79.85  
668     	-80.14  
668.4   	-80.34  
668.8   	-80.46  
669.2   	-80.54  
669.6   	-80.57  
670     	-80.58  
670.4   	-80.57  
670.8   	-80.54  
671.2   	-80.49  
671.6   	-80.42  
672     	-80.32  
672.4   	-80.21  
672.8   	-80.07  
673.2   	-79.82  
673.6   	-79.22  
674     	-77.42  
674.4   	-70.2   
674.8   	-42.26  
675.2   	41.56   
675.6   	38.11   
676     	22.72   
676.4   	4.909   
676.8   	-12.78  
677.2   	-31.32  
677.6   	-49.52  
678     	-62.75  
678.4   	-70.41  
678.8   	-74.65  
679.2   	-77.04  
679.6   	-78.42  
680     	-79.26  
680.4   	-79.79  
680.8   	-80.14  
681.2   	-80.37  
681.6   	-80.52  
682     	-80.62  
682.4   	-80.69  
682.8   	-80.71  
683.2   	-80.65  
683.6   	-80.37  
684     	-79.67  
684.4   	-77.57  
684.8   	-69.49  
685.2   	-39.42  
685.6   	41.96   
686     	37.19   
686.4   	21.6    
686.8   	3.776   
687.2   	-13.9   
687.6   	-32.51  
688     	-50.5   
688.4   	-63.33  
688.8   	-70.72  
689.2   	-74.82  
689.6   	-77.13  
690     	-78.48  
690.4   	-79.3   
690.8   	-79.81  
691.2   	-80.13  
691.6   	-80.32  
692     	-80.43  
692.4   	-80.49  
692.8   	-80.51  
693.2   	-80.51  
693.6   	-80.47  
694     	-80.35  
694.4   	-79.96  
694.8   	-79.02  
695.2   	-75.73  
695.6   	-62.85  
696     	-10.69  
696.4   	43.08   
696.8   	32.24   
697.2   	15.41   
697.6   	-2.438  
698     	-20.22  
698.4   	-39.07  
698.8   	-55.68  
699.2   	-66.38  
699.6   	-72.41  
700     	-75.77  
700.4   	-77.69  
700.8   	-78.82  
701.2   	-79.52  
701.6   	-79.95  
702     	-80.23  
702.4   	-80.41  
702.8   	-80.52  
703.2   	-80.57  
703.6   	-80.6   
704     	-80.59  
704.4   	-80.57  
704.8   	-80.52  
705.2   	-80.45  
705.6   	-80.36  
706     	-80.26  
706.4   	-80.09  
706.8   	-79.7   
707.2   	-78.67  
707.6   	-74.85  
708     	-59.62  
708.4   	8.583   
708.8   	42.72   
709.2   	30.48   
709.6   	13.32   
710     	-4.53   
710.4   	-22.45  
710.8   	-41.33  
711.2   	-57.37  
711.6   	-67.37  
712     	-72.96  
712.4   	-76.07  
712.8   	-77.84  
713.2   	-78.9   
713.6   	-79.55  
714     	-79.97  
714.4   	-80.24  
714.8   	-80.42  
715.2   	-80.54  
715.6   	-80.61  
716     	-80.65  
716.4   	-80.66  
716.8   	-80.64  
717.2   	-80.61  
717.6   	-80.55  
718     	-80.43  
718.4   	-80.08  
718.8   	-79.15  
719.2   	-75.91  
719.6   	-63.23  
720     	-11.91  
720.4   	43.26   
720.8   	32.51   
721.2   	15.7    
721.6   	-2.167  
722     	-19.95  
722.4   	-38.81  
722.8   	-55.51  
723.2   	-66.3   
723.6   	-72.38  
724     	-75.75  
724.4   	-77.67  
724.8   	-78.81  
725.2   	-79.5   
725.6   	-79.94  
726     	-80.22  
726.4   	-80.39  
726.8   	-80.51  
727.2   	-80.57  
727.6   	-80.61  
728     	-80.62  
728.4   	-80.62  
728.8   	-80.61  
729.2   	-80.58  
729.6   	-80.54  
730     	-80.49  
730.4   	-80.44  
730.8   	-80.38  
731.2   	-80.32  
731.6   	-80.25  
732     	-80.15  
732.4   	-79.93  
732.8   	-79.34  
733.2   	-77.55  
733.6   	-70.38  
734     	-42.7   
734.4   	41.47   
734.8   	38.27   
735.2   	22.91   
735.6   	5.099   
736     	-12.59  
736.4   	-31.12  
736.8   	-49.34  
737.2   	-62.65  
737.6   	-70.35  
738     	-74.61  
738.4   	-77.01  
738.8   	-78.41  
739.2   	-79.24  
739.6   	-79.75  
740     	-80.07  
740.4   	-80.27  
740.8   	-80.39  
741.2   	-80.45  
741.6   	-80.48  
742     	-80.47  
742.4   	-80.45  
742.8   	-80.4   
743.2   	-80.33  
743.6   	-80.14  
744     	-79.62  
744.4   	-78.16  
744.8   	-72.49  
745.2   	-50.6   
745.6   	35.59   
746     	40.25   
746.4   	25.94   
746.8   	8.325   
747.2   	-9.409  
747.6   	-27.68  
748     	-46.27  
748.4   	-60.71  
748.8   	-69.25  
749.2   	-73.99  
749.6   	-76.64  
750     	-78.16  
750.4   	-79.06  
750.8   	-79.6   
751.2   	-79.93  
751.6   	-80.14  
752     	-80.25  
752.4   	-80.32  
752.8   	-80.34  
753.2   	-80.34  
753.6   	-80.3   
754     	-80.16  
754.4   	-79.76  
754.8   	-78.75  
755.2   	-75.11  
755.6   	-60.79  
756     	0.6082  
756.4   	42.76   
756.8   	31.05   
757.2   	14.02   
757.6   	-3.826  
758     	-21.69  
758.4   	-40.56  
758.8   	-56.79  
759.2   	-67.02  
759.6   	-72.76  
760     	-75.95  
760.4   	-77.77  
760.8   	-78.84  
761.2   	-79.49  
761.6   	-79.9   
762     	-80.16  
762.4   	-80.32  
762.8   	-80.42  
763.2   	-80.47  
763.6   	-80.48  
764     	-80.46  
764.4   	-80.43  
764.8   	-80.39  
765.2   	-80.33  
765.6   	-80.27  
766     	-80.19  
766.4   	-80.11  
766.8   	-80.01  
767.2   	-79.84  
767.6   	-79.37  
768     	-78.04  
768.4   	-72.78  
768.8   	-52     
769.2   	34.01   
769.6   	40.77   
770     	26.65   
770.4   	9.068   
770.8   	-8.683  
771.2   	-26.89  
771.6   	-45.55  
772     	-60.23  
772.4   	-68.97  
772.8   	-73.83  
773.2   	-76.53  
773.6   	-78.08  
774     	-79     
774.4   	-79.56  
774.8   	-79.91  
775.2   	-80.13  
775.6   	-80.26  
776     	-80.33  
776.4   	-80.36  
776.8   	-80.36  
777.2   	-80.34  
777.6   	-80.28  
778     	-80.18  
778.4   	-79.92  
778.8   	-79.26  
779.2   	-77.23  
779.6   	-69.18  
780     	-38.57  
780.4   	42.3    
780.8   	37.08   
781.2   	21.4    
781.6   	3.556   
782     	-14.12  
782.4   	-32.74  
782.8   	-50.7   
783.2   	-63.45  
783.6   	-70.76  
784     	-74.82  
784.4   	-77.09  
784.8   	-78.42  
785.2   	-79.21  
785.6   	-79.71  
786     	-80.02  
786.4   	-80.23  
786.8   	-80.35  
787.2   	-80.43  
787.6   	-80.46  
788     	-80.46  
788.4   	-80.43  
788.8   	-80.36  
789.2   	-80.28  
789.6   	-80.19  
790     	-80.1   
790.4   	-80.01  
790.8   	-79.91  
791.2   	-79.8   
791.6   	-79.59  
792     	-79.07  
792.4   	-77.53  
792.8   	-71.29  
793.2   	-46.76  
793.6   	39.29   
794     	39.27   
794.4   	24.35   
794.8   	6.624   
795.2   	-11.06  
795.6   	-29.43  
796     	-47.83  
796.4   	-61.69  
796.8   	-69.79  
797.2   	-74.29  
797.6   	-76.81  
798     	-78.27  
798.4   	-79.14  
798.8   	-79.67  
799.2   	-80     
799.6   	-80.21  
800     	-80.34  
800.4   	-80.41  
800.8   	-80.45  
801.2   	-80.44  
801.6   	-80.41  
802     	-80.36  
802.4   	-80.3   
802.8   	-80.22  
803.2   	-80.14  
803.6   	-80.05  
804     	-79.87  
804.4   	-79.39  
804.8   	-78.05  
805.2   	-72.76  
805.6   	-51.91  
806     	34.07   
806.4   	40.71   
806.8   	26.59   
807.2   	9.008   
807.6   	-8.743  
808     	-26.96  
808.4   	-45.61  
808.8   	-60.28  
809.2   	-69.01  
809.6   	-73.85  
810     	-76.55  
810.4   	-78.1   
810.8   	-79.01  
811.2   	-79.56  
811.6   	-79.9   
812     	-80.11  
812.4   	-80.24  
812.8   	-80.31  
813.2   	-80.34  
813.6   	-80.33  
814     	-80.31  
814.4   	-80.28  
814.8   	-80.23  
815.2   	-80.18  
815.6   	-80.13  
816     	-80.08  
816.4   	-80.02  
816.8   	-79.97  
817.2   	-79.91  
817.6   	-79.85  
818     	-79.78  
818.4   	-79.71  
818.8   	-79.64  
819.2   	-79.56  
819.6   	-79.42  
820     	-79.03  
820.4   	-77.85  
820.8   	-73.14  
821.2   	-54.06  
821.6   	30.34   
822     	41.39   
822.4   	27.64   
822.8   	10.13   
823.2   	-7.649  
823.6   	-25.78  
824     	-44.53  
824.4   	-59.58  
824.8   	-68.63  
825.2   	-73.66  
825.6   	-76.47  
826     	-78.09  
826.4   	-79.05  
826.8   	-79.65  
827.2   	-80.04  
827.6   	-80.29  
828     	-80.46  
828.4   	-80.58  
828.8   	-80.65  
829.2   	-80.69  
829.6   	-80.69  
830     	-80.67  
830.4   	-80.62  
830.8   	-80.55  
831.2   	-80.48  
831.6   	-80.4   
832     	-80.31  
832.4   	-80.18  
832.8   	-79.85  
833.2   	-78.96  
833.6   	-75.84  
834     	-63.41  
834.4   	-12.67  
834.8   	43.4    
835.2   	32.7    
835.6   	15.89   
836     	-1.987  
836.4   	-19.76  
836.8   	-38.63  
837.2   	-55.37  
837.6   	-66.21  
838     	-72.31  
838.4   	-75.7   
838.8   	-77.61  
839.2   	-78.74  
839.6   	-79.43  
840     	-79.87  
840.4   	-80.14  
840.8   	-80.32  
841.2   	-80.44  
841.6   	-80.5   
842     	-80.54  
842.4   	-80.56  
842.8   	-80.55  
843.2   	-80.52  
843.6   	-80.48  
844     	-80.43  
844.4   	-80.37  
844.8   	-80.3   
845.2   	-80.2   
845.6   	-79.9   
846     	-79.11  
846.4   	-76.38  
846.8   	-65.52  
847.2   	-22.95  
847.6   	43.59   
848     	34.18   
848.4   	17.66   
848.8   	-0.2445 
849.2   	-17.99  
849.6   	-36.84  
850     	-54.04  
850.4   	-65.47  
850.8   	-71.92  
851.2   	-75.51  
851.6   	-77.54  
852     	-78.74  
852.4   	-79.48  
852.8   	-79.94  
853.2   	-80.24  
853.6   	-80.44  
854     	-80.57  
854.4   	-80.65  
854.8   	-80.68  
855.2   	-80.64  
855.6   	-80.38  
856     	-79.71  
856.4   	-77.72  
856.8   	-70.08  
857.2   	-41.71  
857.6   	41.26   
858     	37.7    
858.4   	22.32   
858.8   	4.527   
859.2   	-13.15  
859.6   	-31.69  
860     	-49.79  
860.4   	-62.88  
860.8   	-70.45  
861.2   	-74.65  
861.6   	-77.01  
862     	-78.37  
862.4   	-79.2   
862.8   	-79.7   
863.2   	-80.02  
863.6   	-80.22  
864     	-80.34  
864.4   	-80.41  
864.8   	-80.45  
865.2   	-80.46  
865.6   	-80.45  
866     	-80.42  
866.4   	-80.39  
866.8   	-80.35  
867.2   	-80.3   
867.6   	-80.24  
868     	-80.19  
868.4   	-80.13  
868.8   	-80.06  
869.2   	-79.98  
869.6   	-79.9   
870     	-79.81  
870.4   	-79.72  
870.8   	-79.62  
871.2   	-79.5   
871.6   	-79.24  
872     	-78.52  
872.4   	-76.01  
872.8   	-65.66  
873.2   	-24.09  
873.6   	43.71   
874     	34.43   
874.4   	17.94   
874.8   	0.02292 
875.2   	-17.71  
875.6   	-36.56  
876     	-53.84  
876.4   	-65.35  
876.8   	-71.85  
877.2   	-75.46  
877.6   	-77.51  
878     	-78.71  
878.4   	-79.45  
878.8   	-79.91  
879.2   	-80.21  
879.6   	-80.4   
880     	-80.53  
880.4   	-80.61  
880.8   	-80.66  
881.2   	-80.69  
881.6   	-80.7   
882     	-80.69  
882.4   	-80.67  
882.8   	-80.62  
883.2   	-80.56  
883.6   	-80.49  
884     	-80.41  
884.4   	-80.26  
884.8   	-79.85  
885.2   	-78.75  
885.6   	-74.71  
886     	-58.68  
886.4   	13.9    
886.8   	42.53   
887.2   	29.96   
887.6   	12.73   
888     	-5.104  
888.4   	-23.05  
888.8   	-41.91  
889.2   	-57.77  
889.6   	-67.59  
890     	-73.07  
890.4   	-76.12  
890.8   	-77.86  
891.2   	-78.9   
891.6   	-79.53  
892     	-79.93  
892.4   	-80.18  
892.8   	-80.33  
893.2   	-80.42  
893.6   	-80.47  
894     	-80.48  
894.4   	-80.48  
894.8   	-80.45  
895.2   	-80.41  
895.6   	-80.36  
896     	-80.3   
896.4   	-80.22  
896.8   	-80.14  
897.2   	-80.06  
897.6   	-79.91  
898     	-79.52  
898.4   	-78.42  
898.8   	-74.22  
899.2   	-57.43  
899.6   	19.53   
900     	42.22   
900.4   	29.28   
900.8   	11.97   
901.2   	-5.851  
901.6   	-23.85  
902     	-42.69  
902.4   	-58.33  
902.8   	-67.93  
903.2   	-73.3   
903.6   	-76.29  
904     	-78.01  
904.4   	-79.04  
904.8   	-79.68  
905.2   	-80.09  
905.6   	-80.37  
906     	-80.56  
906.4   	-80.68  
906.8   	-80.76  
907.2   	-80.81  
907.6   	-80.83  
908     	-80.82  
908.4   	-80.78  
908.8   	-80.59  
909.2   	-80.05  
909.6   	-78.57  
910     	-72.97  
910.4   	-51.68  
910.8   	34.16   
911.2   	40.54   
911.6   	26.42   
912     	8.839   
912.4   	-8.906  
912.8   	-27.14  
913.2   	-45.77  
913.6   	-60.38  
914     	-69.08  
914.4   	-73.92  
914.8   	-76.62  
915.2   	-78.19  
915.6   	-79.13  
916     	-79.72  
916.4   	-80.1   
916.8   	-80.35  
917.2   	-80.5   
917.6   	-80.6   
918     	-80.64  
918.4   	-80.6   
918.8   	-80.37  
919.2   	-79.79  
919.6   	-78.21  
920     	-72.21  
920.4   	-49.61  
920.8   	36.23   
921.2   	39.79   
921.6   	25.38   
922     	7.75    
922.4   	-9.957  
922.8   	-28.25  
923.2   	-46.76  
923.6   	-61     
924     	-69.41  
924.4   	-74.08  
924.8   	-76.7   
925.2   	-78.21  
925.6   	-79.11  
926     	-79.67  
926.4   	-80.03  
926.8   	-80.26  
927.2   	-80.41  
927.6   	-80.52  
928     	-80.58  
928.4   	-80.62  
928.8   	-80.64  
929.2   	-80.64  
929.6   	-80.62  
930     	-80.58  
930.4   	-80.5   
930.8   	-80.29  
931.2   	-79.75  
931.6   	-78.28  
932     	-72.59  
932.4   	-50.62  
932.8   	35.73   
933.2   	40.32   
933.6   	25.99   
934     	8.373   
934.4   	-9.362  
934.8   	-27.63  
935.2   	-46.23  
935.6   	-60.68  
936     	-69.25  
936.4   	-74.01  
936.8   	-76.68  
937.2   	-78.22  
937.6   	-79.14  
938     	-79.72  
938.4   	-80.09  
938.8   	-80.33  
939.2   	-80.48  
939.6   	-80.57  
940     	-80.62  
940.4   	-80.63  
940.8   	-80.61  
941.2   	-80.58  
941.6   	-80.52  
942     	-80.46  
942.4   	-80.37  
942.8   	-80.17  
943.2   	-79.65  
943.6   	-78.16  
944     	-72.35  
944.4   	-49.89  
944.8   	36.55   
945.2   	40.11   
945.6   	25.67   
946     	8.023   
946.4   	-9.701  
946.8   	-27.98  
947.2   	-46.54  
947.6   	-60.87  
948     	-69.34  
948.4   	-74.04  
948.8   	-76.67  
949.2   	-78.18  
949.6   	-79.09  
950     	-79.65  
950.4   	-80     
950.8   	-80.23  
951.2   	-80.37  
951.6   	-80.45  
952     	-80.49  
952.4   	-80.5   
952.8   	-80.48  
953.2   	-80.44  
953.6   	-80.39  
954     	-80.33  
954.4   	-80.26  
954.8   	-80.19  
955.2   	-80.12  
955.6   	-80     
956     	-79.7   
956.4   	-78.88  
956.8   	-76.05  
957.2   	-64.66  
957.6   	-19.13  
958     	43.57   
958.4   	33.6    
958.8   	16.96   
959.2   	-0.9393 
959.6   	-18.69  
960     	-37.55  
960.4   	-54.57  
960.8   	-65.75  
961.2   	-72.05  
961.6   	-75.54  
962     	-77.51  
962.4   	-78.67  
962.8   	-79.38  
963.2   	-79.82  
963.6   	-80.1   
964     	-80.28  
964.4   	-80.39  
964.8   	-80.45  
965.2   	-80.48  
965.6   	-80.46  
966     	-80.41  
966.4   	-80.34  
966.8   	-80.26  
967.2   	-80.17  
967.6   	-80.08  
968     	-79.99  
968.4   	-79.9   
968.8   	-79.81  
969.2   	-79.73  
969.6   	-79.65  
970     	-79.57  
970.4   	-79.49  
970.8   	-79.39  
971.2   	-79.12  
971.6   	-78.37  
972     	-75.63  
972.4   	-64.28  
972.8   	-17.71  
973.2   	43.64   
973.6   	33.44   
974     	16.75   
974.4   	-1.157  
974.8   	-18.92  
975.2   	-37.8   
975.6   	-54.79  
976     	-65.91  
976.4   	-72.17  
976.8   	-75.65  
977.2   	-77.62  
977.6   	-78.78  
978     	-79.49  
978.4   	-79.94  
978.8   	-80.23  
979.2   	-80.42  
979.6   	-80.54  
980     	-80.61  
980.4   	-80.64  
980.8   	-80.65  
981.2   	-80.61  
981.6   	-80.45  
982     	-79.98  
982.4   	-78.76  
982.8   	-74.26  
983.2   	-56.84  
983.6   	21.03   
984     	41.84   
984.4   	28.84   
984.8   	11.52   
985.2   	-6.268  
985.6   	-24.28  
986     	-43.06  
986.4   	-58.55  
986.8   	-68.03  
987.2   	-73.32  
987.6   	-76.28  
988     	-77.98  
988.4   	-78.99  
988.8   	-79.63  
989.2   	-80.03  
989.6   	-80.27  
990     	-80.42  
990.4   	-80.5   
990.8   	-80.54  
991.2   	-80.55  
991.6   	-80.54  
992     	-80.52  
992.4   	-80.49  
992.8   	-80.45  
993.2   	-80.39  
993.6   	-80.32  
994     	-80.16  
994.4   	-79.7   
994.8   	-78.41  
995.2   	-73.49  
995.6   	-54.19  
996     	29.83   
996.4   	41.31   
996.8   	27.63   
997.2   	10.14   
997.6   	-7.627  
998     	-25.75  
998.4   	-44.47  
998.8   	-59.52  
999.2   	-68.58  
999.6   	-73.63  
