
SWEPT_VAR_1 = 5.0    // Syn: Source PP \ NetStim \ PARAMETER \ interval (ms)

t	s.v( 0.05 )
ms	mV
0       	-64.65  
0.4     	-65.51  
0.8     	-66.35  
1.2     	-67.15  
1.6     	-67.92  
2       	-68.66  
2.4     	-69.37  
2.8     	-70.04  
3.2     	-70.63  
3.6     	-71.15  
4       	-71.59  
4.4     	-71.96  
4.8     	-72.24  
5.2     	-72.42  
5.6     	-72.19  
6       	-69.9   
6.4     	-56.74  
6.8     	18.21   
7.2     	42.52   
7.6     	29.42   
8       	12.02   
8.4     	-5.829  
8.8     	-23.81  
9.2     	-42.7   
9.6     	-58.39  
10      	-67.94  
10.4    	-73.19  
10.8    	-76.08  
11.2    	-77.68  
11.6    	-78.6   
12      	-79.11  
12.4    	-79.39  
12.8    	-79.52  
13.2    	-79.54  
13.6    	-79.47  
14      	-79.33  
14.4    	-79.14  
14.8    	-78.91  
15.2    	-78.65  
15.6    	-78.37  
16      	-78.08  
16.4    	-77.76  
16.8    	-77.41  
17.2    	-77.06  
17.6    	-76.69  
18      	-76.3   
18.4    	-75.9   
18.8    	-75.38  
19.2    	-73.94  
19.6    	-66.94  
20      	-35.43  
20.4    	43.08   
20.8    	36.44   
21.2    	20.45   
21.6    	2.57    
22      	-15.05  
22.4    	-33.64  
22.8    	-51.38  
23.2    	-63.76  
23.6    	-70.79  
24      	-74.63  
24.4    	-76.74  
24.8    	-77.9   
25.2    	-78.54  
25.6    	-78.87  
26      	-79     
26.4    	-79.02  
26.8    	-78.94  
27.2    	-78.8   
27.6    	-78.59  
28      	-78.34  
28.4    	-78.04  
28.8    	-77.72  
29.2    	-77.37  
29.6    	-76.99  
30      	-76.58  
30.4    	-76.13  
30.8    	-75.49  
31.2    	-73.69  
31.6    	-65.2   
32      	-27.34  
32.4    	43.5    
32.8    	34.76   
33.2    	18.38   
33.6    	0.496   
34      	-17.14  
34.4    	-35.82  
34.8    	-53.1   
35.2    	-64.74  
35.6    	-71.28  
36      	-74.84  
36.4    	-76.78  
36.8    	-77.85  
37.2    	-78.41  
37.6    	-78.69  
38      	-78.78  
38.4    	-78.76  
38.8    	-78.65  
39.2    	-78.47  
39.6    	-78.25  
40      	-77.99  
40.4    	-77.7   
40.8    	-77.37  
41.2    	-77     
41.6    	-76.61  
42      	-76.18  
42.4    	-75.7   
42.8    	-74.96  
43.2    	-72.58  
43.6    	-61.15  
44      	-5.805  
44.4    	43.16   
44.8    	31.77   
45.2    	14.8    
45.6    	-3.036  
46      	-20.75  
46.4    	-39.48  
46.8    	-55.85  
47.2    	-66.28  
47.6    	-72.06  
48      	-75.21  
48.4    	-76.92  
48.8    	-77.84  
49.2    	-78.32  
49.6    	-78.52  
50      	-78.56  
50.4    	-78.48  
50.8    	-78.33  
51.2    	-78.13  
51.6    	-77.88  
52      	-77.6   
52.4    	-77.28  
52.8    	-76.94  
53.2    	-76.57  
53.6    	-76.16  
54      	-75.69  
54.4    	-74.97  
54.8    	-73.07  
55.2    	-64.25  
55.6    	-23.8   
56      	43.52   
56.4    	34.12   
56.8    	17.6    
57.2    	-0.2699 
57.6    	-17.9   
58      	-36.58  
58.4    	-53.67  
58.8    	-65.04  
59.2    	-71.42  
59.6    	-74.9   
60      	-76.8   
60.4    	-77.86  
60.8    	-78.44  
61.2    	-78.72  
61.6    	-78.81  
62      	-78.78  
62.4    	-78.67  
62.8    	-78.5   
63.2    	-78.28  
63.6    	-78.03  
64      	-77.74  
64.4    	-77.42  
64.8    	-77.07  
65.2    	-76.7   
65.6    	-76.3   
66      	-75.84  
66.4    	-75.07  
66.8    	-72.5   
67.2    	-60.22  
67.6    	0.2433  
68      	42.98   
68.4    	31.16   
68.8    	14.1    
69.2    	-3.729  
69.6    	-21.49  
70      	-40.25  
70.4    	-56.44  
70.8    	-66.65  
71.2    	-72.32  
71.6    	-75.4   
72      	-77.1   
72.4    	-78.04  
72.8    	-78.53  
73.2    	-78.77  
73.6    	-78.84  
74      	-78.8   
74.4    	-78.69  
74.8    	-78.52  
75.2    	-78.3   
75.6    	-78.04  
76      	-77.75  
76.4    	-77.43  
76.8    	-77.08  
77.2    	-76.71  
77.6    	-76.3   
78      	-75.8   
78.4    	-74.93  
78.8    	-71.79  
79.2    	-56.85  
79.6    	19.3    
80      	42.14   
80.4    	29.14   
80.8    	11.81   
81.2    	-5.953  
81.6    	-23.83  
82      	-42.51  
82.4    	-58.03  
82.8    	-67.53  
83.2    	-72.77  
83.6    	-75.63  
84      	-77.19  
84.4    	-78.05  
84.8    	-78.5   
85.2    	-78.7   
85.6    	-78.75  
86      	-78.69  
86.4    	-78.55  
86.8    	-78.36  
87.2    	-78.11  
87.6    	-77.83  
88      	-77.51  
88.4    	-77.17  
88.8    	-76.81  
89.2    	-76.42  
89.6    	-75.99  
90      	-75.41  
90.4    	-74.06  
90.8    	-68.13  
91.2    	-41.28  
91.6    	41.8    
92      	37.76   
92.4    	22.24   
92.8    	4.423   
93.2    	-13.19  
93.6    	-31.63  
94      	-49.64  
94.4    	-62.67  
94.8    	-70.14  
95.2    	-74.22  
95.6    	-76.45  
96      	-77.67  
96.4    	-78.34  
96.8    	-78.69  
97.2    	-78.83  
97.6    	-78.84  
98      	-78.75  
98.4    	-78.59  
98.8    	-78.39  
99.2    	-78.15  
99.6    	-77.87  
100     	-77.56  
100.4   	-77.24  
100.8   	-76.89  
101.2   	-76.52  
101.6   	-76.11  
102     	-75.61  
102.4   	-74.58  
102.8   	-70.41  
103.2   	-50.87  
103.6   	35.11   
104     	40.45   
104.4   	26.14   
104.8   	8.519   
105.2   	-9.171  
105.6   	-27.3   
106     	-45.8   
106.4   	-60.26  
106.8   	-68.79  
107.2   	-73.47  
107.6   	-76.03  
108     	-77.45  
108.4   	-78.23  
108.8   	-78.64  
109.2   	-78.82  
109.6   	-78.84  
110     	-78.76  
110.4   	-78.59  
110.8   	-78.37  
111.2   	-78.1   
111.6   	-77.8   
112     	-77.47  
112.4   	-77.12  
112.8   	-76.73  
113.2   	-76.29  
113.6   	-75.73  
114     	-74.48  
114.4   	-69.17  
114.8   	-45.2   
115.2   	40.06   
115.6   	38.74   
116     	23.63   
116.4   	5.877   
116.8   	-11.73  
117.2   	-30.04  
117.6   	-48.23  
118     	-61.78  
118.4   	-69.63  
118.8   	-73.93  
119.2   	-76.28  
119.6   	-77.58  
120     	-78.28  
120.4   	-78.64  
120.8   	-78.79  
121.2   	-78.8   
121.6   	-78.71  
122     	-78.55  
122.4   	-78.33  
122.8   	-78.07  
123.2   	-77.76  
123.6   	-77.42  
124     	-77.04  
124.4   	-76.62  
124.8   	-76.09  
125.2   	-75.13  
125.6   	-71.66  
126     	-55.58  
126.4   	24.15   
126.8   	41.67   
127.2   	28.36   
127.6   	10.97   
128     	-6.753  
128.4   	-24.65  
128.8   	-43.26  
129.2   	-58.51  
129.6   	-67.78  
130     	-72.89  
130.4   	-75.67  
130.8   	-77.2   
131.2   	-78.03  
131.6   	-78.47  
132     	-78.66  
132.4   	-78.71  
132.8   	-78.65  
133.2   	-78.52  
133.6   	-78.33  
134     	-78.1   
134.4   	-77.83  
134.8   	-77.53  
135.2   	-77.22  
135.6   	-76.88  
136     	-76.51  
136.4   	-76.11  
136.8   	-75.63  
137.2   	-74.76  
137.6   	-71.71  
138     	-57.07  
138.4   	18.18   
138.8   	42.22   
139.2   	29.29   
139.6   	11.97   
140     	-5.803  
140.4   	-23.68  
140.8   	-42.39  
141.2   	-57.97  
141.6   	-67.52  
142     	-72.79  
142.4   	-75.66  
142.8   	-77.22  
143.2   	-78.07  
143.6   	-78.51  
144     	-78.72  
144.4   	-78.78  
144.8   	-78.73  
145.2   	-78.62  
145.6   	-78.44  
146     	-78.22  
146.4   	-77.97  
146.8   	-77.69  
147.2   	-77.38  
147.6   	-77.05  
148     	-76.69  
148.4   	-76.31  
148.8   	-75.88  
149.2   	-75.31  
149.6   	-73.96  
150     	-67.85  
150.4   	-40.08  
150.8   	42.19   
151.2   	37.49   
151.6   	21.86   
152     	4.025   
152.4   	-13.59  
152.8   	-32.06  
153.2   	-50.03  
153.6   	-62.91  
154     	-70.27  
154.4   	-74.3   
154.8   	-76.5   
155.2   	-77.71  
155.6   	-78.37  
156     	-78.7   
156.4   	-78.83  
156.8   	-78.84  
157.2   	-78.76  
157.6   	-78.59  
158     	-78.37  
158.4   	-78.1   
158.8   	-77.78  
159.2   	-77.44  
159.6   	-77.07  
160     	-76.66  
160.4   	-76.2   
160.8   	-75.5   
161.2   	-73.49  
161.6   	-64.18  
162     	-22.45  
162.4   	43.49   
162.8   	33.91   
163.2   	17.35   
163.6   	-0.5269 
164     	-18.17  
164.4   	-36.88  
164.8   	-53.91  
165.2   	-65.19  
165.6   	-71.5   
166     	-74.94  
166.4   	-76.81  
166.8   	-77.84  
167.2   	-78.39  
167.6   	-78.67  
168     	-78.77  
168.4   	-78.76  
168.8   	-78.65  
169.2   	-78.48  
169.6   	-78.27  
170     	-78.02  
170.4   	-77.73  
170.8   	-77.4   
171.2   	-77.02  
171.6   	-76.6   
172     	-76.12  
172.4   	-75.46  
172.8   	-73.76  
173.2   	-65.96  
173.6   	-31.24  
174     	43.27   
174.4   	35.44   
174.8   	19.23   
175.2   	1.37    
175.6   	-16.23  
176     	-34.83  
176.4   	-52.27  
176.8   	-64.22  
177.2   	-70.97  
177.6   	-74.65  
178     	-76.66  
178.4   	-77.77  
178.8   	-78.37  
179.2   	-78.67  
179.6   	-78.79  
180     	-78.77  
180.4   	-78.67  
180.8   	-78.5   
181.2   	-78.28  
181.6   	-78.02  
182     	-77.73  
182.4   	-77.41  
182.8   	-77.07  
183.2   	-76.7   
183.6   	-76.31  
184     	-75.88  
184.4   	-75.21  
184.8   	-73.32  
185.2   	-64.46  
185.6   	-24.25  
186     	43.56   
186.4   	34.24   
186.8   	17.73   
187.2   	-0.1542 
187.6   	-17.8   
188     	-36.5   
188.4   	-53.63  
188.8   	-65.03  
189.2   	-71.41  
189.6   	-74.88  
190     	-76.77  
190.4   	-77.8   
190.8   	-78.35  
191.2   	-78.61  
191.6   	-78.69  
192     	-78.65  
192.4   	-78.52  
192.8   	-78.34  
193.2   	-78.11  
193.6   	-77.85  
194     	-77.56  
194.4   	-77.25  
194.8   	-76.91  
195.2   	-76.54  
195.6   	-76.14  
196     	-75.68  
196.4   	-75.03  
196.8   	-73.23  
197.2   	-64.83  
197.6   	-26.44  
198     	43.53   
198.4   	34.6    
198.8   	18.17   
199.2   	0.2913  
199.6   	-17.33  
200     	-36     
200.4   	-53.22  
200.8   	-64.78  
201.2   	-71.27  
201.6   	-74.8   
202     	-76.73  
202.4   	-77.79  
202.8   	-78.37  
203.2   	-78.65  
203.6   	-78.75  
204     	-78.72  
204.4   	-78.61  
204.8   	-78.43  
205.2   	-78.2   
205.6   	-77.93  
206     	-77.63  
206.4   	-77.3   
206.8   	-76.95  
207.2   	-76.57  
207.6   	-76.16  
208     	-75.72  
208.4   	-75.14  
208.8   	-73.83  
209.2   	-67.92  
209.6   	-40.83  
210     	41.98   
210.4   	37.67   
210.8   	22.1    
211.2   	4.27    
211.6   	-13.34  
212     	-31.78  
212.4   	-49.77  
212.8   	-62.73  
213.2   	-70.15  
213.6   	-74.19  
214     	-76.4   
214.4   	-77.61  
214.8   	-78.27  
215.2   	-78.6   
215.6   	-78.73  
216     	-78.72  
216.4   	-78.6   
216.8   	-78.42  
217.2   	-78.19  
217.6   	-77.91  
218     	-77.6   
218.4   	-77.25  
218.8   	-76.86  
219.2   	-76.43  
219.6   	-75.88  
220     	-74.81  
220.4   	-70.7   
220.8   	-51.75  
221.2   	33.6    
221.6   	40.62   
222     	26.49   
222.4   	8.921   
222.8   	-8.767  
223.2   	-26.85  
223.6   	-45.36  
224     	-59.95  
224.4   	-68.62  
224.8   	-73.38  
225.2   	-75.97  
225.6   	-77.4   
226     	-78.18  
226.4   	-78.57  
226.8   	-78.74  
227.2   	-78.76  
227.6   	-78.68  
228     	-78.54  
228.4   	-78.36  
228.8   	-78.13  
229.2   	-77.87  
229.6   	-77.57  
230     	-77.23  
230.4   	-76.87  
230.8   	-76.49  
231.2   	-76.09  
231.6   	-75.64  
232     	-74.95  
232.4   	-72.76  
232.8   	-62.22  
233.2   	-12.28  
233.6   	43.36   
234     	32.5    
234.4   	15.65   
234.8   	-2.194  
235.2   	-19.87  
235.6   	-38.6   
236     	-55.21  
236.4   	-65.92  
236.8   	-71.89  
237.2   	-75.12  
237.6   	-76.89  
238     	-77.84  
238.4   	-78.34  
238.8   	-78.56  
239.2   	-78.62  
239.6   	-78.56  
240     	-78.43  
240.4   	-78.23  
240.8   	-77.97  
241.2   	-77.67  
241.6   	-77.33  
242     	-76.96  
242.4   	-76.56  
242.8   	-76.12  
243.2   	-75.58  
243.6   	-74.56  
244     	-70.74  
244.4   	-52.74  
244.8   	31.82   
245.2   	40.93   
245.6   	26.98   
246     	9.447   
246.4   	-8.249  
246.8   	-26.28  
247.2   	-44.82  
247.6   	-59.59  
248     	-68.4   
248.4   	-73.25  
248.8   	-75.9   
249.2   	-77.36  
249.6   	-78.17  
250     	-78.59  
250.4   	-78.78  
250.8   	-78.82  
251.2   	-78.75  
251.6   	-78.6   
252     	-78.39  
252.4   	-78.14  
252.8   	-77.85  
253.2   	-77.53  
253.6   	-77.17  
254     	-76.79  
254.4   	-76.38  
254.8   	-75.93  
255.2   	-75.36  
255.6   	-74.03  
256     	-68.08  
256.4   	-41.08  
256.8   	41.87   
257.2   	37.71   
257.6   	22.17   
258     	4.352   
258.4   	-13.26  
258.8   	-31.71  
259.2   	-49.71  
259.6   	-62.71  
260     	-70.15  
260.4   	-74.21  
260.8   	-76.43  
261.2   	-77.63  
261.6   	-78.28  
262     	-78.59  
262.4   	-78.71  
262.8   	-78.69  
263.2   	-78.58  
263.6   	-78.41  
264     	-78.19  
264.4   	-77.92  
264.8   	-77.62  
265.2   	-77.28  
265.6   	-76.9   
266     	-76.5   
266.4   	-76.04  
266.8   	-75.37  
267.2   	-73.57  
267.6   	-65.25  
268     	-28.03  
268.4   	43.41   
268.8   	34.83   
269.2   	18.48   
269.6   	0.6109  
270     	-17     
270.4   	-35.65  
270.8   	-52.93  
271.2   	-64.6   
271.6   	-71.16  
272     	-74.73  
272.4   	-76.68  
272.8   	-77.75  
273.2   	-78.32  
273.6   	-78.59  
274     	-78.68  
274.4   	-78.65  
274.8   	-78.53  
275.2   	-78.35  
275.6   	-78.12  
276     	-77.85  
276.4   	-77.54  
276.8   	-77.21  
277.2   	-76.84  
277.6   	-76.45  
278     	-76.02  
278.4   	-75.44  
278.8   	-74.15  
279.2   	-68.64  
279.6   	-43.53  
280     	40.95   
280.4   	38.32   
280.8   	23.02   
281.2   	5.236   
281.6   	-12.37  
282     	-30.71  
282.4   	-48.81  
282.8   	-62.12  
283.2   	-69.78  
283.6   	-73.97  
284     	-76.25  
284.4   	-77.5   
284.8   	-78.18  
285.2   	-78.53  
285.6   	-78.67  
286     	-78.69  
286.4   	-78.6   
286.8   	-78.44  
287.2   	-78.23  
287.6   	-77.98  
288     	-77.7   
288.4   	-77.4   
288.8   	-77.06  
289.2   	-76.71  
289.6   	-76.32  
290     	-75.9   
290.4   	-75.36  
290.8   	-74.26  
291.2   	-69.73  
291.6   	-48.51  
292     	37.73   
292.4   	39.74   
292.8   	25.04   
293.2   	7.356   
293.6   	-10.29  
294     	-28.5   
294.4   	-46.88  
294.8   	-60.95  
295.2   	-69.18  
295.6   	-73.69  
296     	-76.15  
296.4   	-77.51  
296.8   	-78.25  
297.2   	-78.64  
297.6   	-78.82  
298     	-78.85  
298.4   	-78.79  
298.8   	-78.64  
299.2   	-78.45  
299.6   	-78.22  
300     	-77.95  
300.4   	-77.65  
300.8   	-77.31  
301.2   	-76.95  
301.6   	-76.55  
302     	-76.13  
302.4   	-75.59  
302.8   	-74.38  
303.2   	-69.18  
303.6   	-45.46  
304     	39.99   
304.4   	38.85   
304.8   	23.75   
305.2   	6.001   
305.6   	-11.62  
306     	-29.93  
306.4   	-48.15  
306.8   	-61.74  
307.2   	-69.61  
307.6   	-73.93  
308     	-76.28  
308.4   	-77.58  
308.8   	-78.29  
309.2   	-78.66  
309.6   	-78.83  
310     	-78.86  
310.4   	-78.78  
310.8   	-78.64  
311.2   	-78.44  
311.6   	-78.19  
312     	-77.91  
312.4   	-77.59  
312.8   	-77.23  
313.2   	-76.84  
313.6   	-76.4   
314     	-75.86  
314.4   	-74.84  
314.8   	-70.89  
315.2   	-52.53  
315.6   	32.37   
316     	40.89   
316.4   	26.89   
316.8   	9.341   
317.2   	-8.366  
317.6   	-26.43  
318     	-44.99  
318.4   	-59.72  
318.8   	-68.49  
319.2   	-73.31  
319.6   	-75.94  
320     	-77.38  
320.4   	-78.16  
320.8   	-78.57  
321.2   	-78.75  
321.6   	-78.78  
322     	-78.71  
322.4   	-78.56  
322.8   	-78.37  
323.2   	-78.15  
323.6   	-77.89  
324     	-77.61  
324.4   	-77.3   
324.8   	-76.96  
325.2   	-76.61  
325.6   	-76.23  
326     	-75.83  
326.4   	-75.29  
326.8   	-74.04  
327.2   	-68.53  
327.6   	-43.19  
328     	41.19   
328.4   	38.28   
328.8   	22.93   
329.2   	5.131   
329.6   	-12.49  
330     	-30.89  
330.4   	-49.03  
330.8   	-62.32  
331.2   	-69.97  
331.6   	-74.16  
332     	-76.45  
332.4   	-77.72  
332.8   	-78.42  
333.2   	-78.78  
333.6   	-78.94  
334     	-78.96  
334.4   	-78.89  
334.8   	-78.76  
335.2   	-78.57  
335.6   	-78.35  
336     	-78.11  
336.4   	-77.84  
336.8   	-77.55  
337.2   	-77.25  
337.6   	-76.92  
338     	-76.57  
338.4   	-76.17  
338.8   	-75.71  
339.2   	-74.92  
339.6   	-72.01  
340     	-57.93  
340.4   	14.25   
340.8   	42.5    
341.2   	29.81   
341.6   	12.54   
342     	-5.262  
342.4   	-23.12  
342.8   	-41.86  
343.2   	-57.6   
343.6   	-67.31  
344     	-72.66  
344.4   	-75.57  
344.8   	-77.16  
345.2   	-78.03  
345.6   	-78.49  
346     	-78.7   
346.4   	-78.75  
346.8   	-78.68  
347.2   	-78.54  
347.6   	-78.34  
348     	-78.09  
348.4   	-77.81  
348.8   	-77.51  
349.2   	-77.18  
349.6   	-76.82  
350     	-76.44  
350.4   	-76.02  
350.8   	-75.5   
351.2   	-74.41  
351.6   	-69.86  
352     	-48.7   
352.4   	37.52   
352.8   	39.79   
353.2   	25.12   
353.6   	7.444   
354     	-10.21  
354.4   	-28.41  
354.8   	-46.81  
355.2   	-60.91  
355.6   	-69.16  
356     	-73.68  
356.4   	-76.15  
356.8   	-77.52  
357.2   	-78.26  
357.6   	-78.65  
358     	-78.82  
358.4   	-78.84  
358.8   	-78.76  
359.2   	-78.6   
359.6   	-78.4   
360     	-78.15  
360.4   	-77.88  
360.8   	-77.58  
361.2   	-77.25  
361.6   	-76.91  
362     	-76.53  
362.4   	-76.13  
362.8   	-75.69  
363.2   	-75.09  
363.6   	-73.48  
364     	-65.84  
364.4   	-31.16  
364.8   	43.36   
365.2   	35.47   
365.6   	19.25   
366     	1.372   
366.4   	-16.24  
366.8   	-34.87  
367.2   	-52.34  
367.6   	-64.29  
368     	-71.04  
368.4   	-74.73  
368.8   	-76.74  
369.2   	-77.86  
369.6   	-78.47  
370     	-78.79  
370.4   	-78.9   
370.8   	-78.9   
371.2   	-78.8   
371.6   	-78.65  
372     	-78.44  
372.4   	-78.18  
372.8   	-77.88  
373.2   	-77.56  
373.6   	-77.22  
374     	-76.86  
374.4   	-76.49  
374.8   	-76.1   
375.2   	-75.66  
375.6   	-74.93  
376     	-72.37  
376.4   	-59.95  
376.8   	1.991   
377.2   	42.97   
377.6   	31.03   
378     	13.93   
378.4   	-3.906  
378.8   	-21.69  
379.2   	-40.47  
379.6   	-56.63  
380     	-66.79  
380.4   	-72.41  
380.8   	-75.47  
381.2   	-77.16  
381.6   	-78.09  
382     	-78.58  
382.4   	-78.81  
382.8   	-78.86  
383.2   	-78.8   
383.6   	-78.66  
384     	-78.48  
384.4   	-78.25  
384.8   	-77.99  
385.2   	-77.71  
385.6   	-77.39  
386     	-77.03  
386.4   	-76.65  
386.8   	-76.21  
387.2   	-75.69  
387.6   	-74.63  
388     	-70.21  
388.4   	-49.73  
388.8   	36.47   
389.2   	40.1    
389.6   	25.6    
390     	7.945   
390.4   	-9.728  
390.8   	-27.89  
391.2   	-46.34  
391.6   	-60.6   
392     	-68.98  
392.4   	-73.57  
392.8   	-76.08  
393.2   	-77.46  
393.6   	-78.22  
394     	-78.62  
394.4   	-78.79  
394.8   	-78.82  
395.2   	-78.75  
395.6   	-78.61  
396     	-78.43  
396.4   	-78.2   
396.8   	-77.93  
397.2   	-77.64  
397.6   	-77.32  
398     	-77     
398.4   	-76.66  
398.8   	-76.31  
399.2   	-75.95  
399.6   	-75.56  
400     	-75.12  
400.4   	-74.43  
400.8   	-72.08  
401.2   	-60.28  
401.6   	-0.649  
402     	43.12   
402.4   	31.32   
402.8   	14.25   
403.2   	-3.59   
403.6   	-21.35  
404     	-40.13  
404.4   	-56.38  
404.8   	-66.63  
405.2   	-72.31  
405.6   	-75.41  
406     	-77.11  
406.4   	-78.03  
406.8   	-78.51  
407.2   	-78.74  
407.6   	-78.8   
408     	-78.74  
408.4   	-78.61  
408.8   	-78.42  
409.2   	-78.18  
409.6   	-77.9   
410     	-77.58  
410.4   	-77.23  
410.8   	-76.86  
411.2   	-76.48  
411.6   	-76.05  
412     	-75.51  
412.4   	-74.25  
412.8   	-68.74  
413.2   	-43.7   
413.6   	40.89   
414     	38.37   
414.4   	23.09   
414.8   	5.305   
415.2   	-12.31  
415.6   	-30.68  
416     	-48.81  
416.4   	-62.15  
416.8   	-69.85  
417.2   	-74.06  
417.6   	-76.37  
418     	-77.64  
418.4   	-78.32  
418.8   	-78.67  
419.2   	-78.81  
419.6   	-78.82  
420     	-78.74  
420.4   	-78.6   
420.8   	-78.41  
421.2   	-78.18  
421.6   	-77.93  
422     	-77.64  
422.4   	-77.32  
422.8   	-76.99  
423.2   	-76.62  
423.6   	-76.21  
424     	-75.75  
424.4   	-75.03  
424.8   	-72.74  
425.2   	-61.73  
425.6   	-9.155  
426     	43.29   
426.4   	32.15   
426.8   	15.24   
427.2   	-2.602  
427.6   	-20.3   
428     	-39.03  
428.4   	-55.53  
428.8   	-66.12  
429.2   	-72.01  
429.6   	-75.22  
430     	-76.99  
430.4   	-77.95  
430.8   	-78.47  
431.2   	-78.73  
431.6   	-78.82  
432     	-78.8   
432.4   	-78.69  
432.8   	-78.53  
433.2   	-78.33  
433.6   	-78.09  
434     	-77.82  
434.4   	-77.51  
434.8   	-77.17  
435.2   	-76.82  
435.6   	-76.45  
436     	-76.06  
436.4   	-75.64  
436.8   	-75.08  
437.2   	-73.65  
437.6   	-66.94  
438     	-36.34  
438.4   	42.91   
438.8   	36.6    
439.2   	20.67   
439.6   	2.808   
440     	-14.8   
440.4   	-33.34  
440.8   	-51.1   
441.2   	-63.55  
441.6   	-70.63  
442     	-74.49  
442.4   	-76.6   
442.8   	-77.77  
443.2   	-78.41  
443.6   	-78.74  
444     	-78.88  
444.4   	-78.89  
444.8   	-78.82  
445.2   	-78.68  
445.6   	-78.48  
446     	-78.24  
446.4   	-77.98  
446.8   	-77.7   
447.2   	-77.4   
447.6   	-77.09  
448     	-76.77  
448.4   	-76.41  
448.8   	-76.02  
449.2   	-75.58  
449.6   	-74.91  
450     	-72.85  
450.4   	-62.83  
450.8   	-15.69  
451.2   	43.52   
451.6   	33      
452     	16.23   
452.4   	-1.642  
452.8   	-19.32  
453.2   	-38.07  
453.6   	-54.85  
454     	-65.76  
454.4   	-71.84  
454.8   	-75.16  
455.2   	-76.98  
455.6   	-77.98  
456     	-78.53  
456.4   	-78.79  
456.8   	-78.88  
457.2   	-78.85  
457.6   	-78.74  
458     	-78.57  
458.4   	-78.36  
458.8   	-78.12  
459.2   	-77.86  
459.6   	-77.56  
460     	-77.24  
460.4   	-76.89  
460.8   	-76.51  
461.2   	-76.09  
461.6   	-75.61  
462     	-74.75  
462.4   	-71.43  
462.8   	-55.51  
463.2   	24.67   
463.6   	41.76   
464     	28.39   
464.4   	10.97   
464.8   	-6.767  
465.2   	-24.7   
465.6   	-43.36  
466     	-58.64  
466.4   	-67.91  
466.8   	-73.01  
467.2   	-75.8   
467.6   	-77.33  
468     	-78.18  
468.4   	-78.63  
468.8   	-78.84  
469.2   	-78.9   
469.6   	-78.85  
470     	-78.72  
470.4   	-78.54  
470.8   	-78.31  
471.2   	-78.03  
471.6   	-77.73  
472     	-77.41  
472.4   	-77.05  
472.8   	-76.67  
473.2   	-76.24  
473.6   	-75.72  
474     	-74.69  
474.4   	-70.4   
474.8   	-50.47  
475.2   	35.61   
475.6   	40.32   
476     	25.94   
476.4   	8.312   
476.8   	-9.377  
477.2   	-27.53  
477.6   	-46.03  
478     	-60.43  
478.4   	-68.92  
478.8   	-73.57  
479.2   	-76.12  
479.6   	-77.51  
480     	-78.26  
480.4   	-78.64  
480.8   	-78.79  
481.2   	-78.78  
481.6   	-78.68  
482     	-78.51  
482.4   	-78.29  
482.8   	-78.03  
483.2   	-77.74  
483.6   	-77.43  
484     	-77.08  
484.4   	-76.71  
484.8   	-76.29  
485.2   	-75.78  
485.6   	-74.78  
486     	-70.85  
486.4   	-52.51  
486.8   	32.37   
487.2   	40.88   
487.6   	26.88   
488     	9.33    
488.4   	-8.373  
488.8   	-26.43  
489.2   	-44.98  
489.6   	-59.71  
490     	-68.48  
490.4   	-73.3   
490.8   	-75.93  
491.2   	-77.38  
491.6   	-78.17  
492     	-78.59  
492.4   	-78.77  
492.8   	-78.81  
493.2   	-78.76  
493.6   	-78.64  
494     	-78.47  
494.4   	-78.27  
494.8   	-78.04  
495.2   	-77.79  
495.6   	-77.51  
496     	-77.22  
496.4   	-76.9   
496.8   	-76.56  
497.2   	-76.21  
497.6   	-75.83  
498     	-75.43  
498.4   	-74.87  
498.8   	-73.33  
499.2   	-65.9   
499.6   	-31.75  
500     	43.4    
500.4   	35.63   
500.8   	19.42   
501.2   	1.543   
501.6   	-16.07  
502     	-34.7   
502.4   	-52.2   
502.8   	-64.2   
503.2   	-70.97  
503.6   	-74.66  
504     	-76.67  
504.4   	-77.77  
504.8   	-78.36  
505.2   	-78.65  
505.6   	-78.75  
506     	-78.73  
506.4   	-78.63  
506.8   	-78.46  
507.2   	-78.26  
507.6   	-78.02  
508     	-77.74  
508.4   	-77.43  
508.8   	-77.08  
509.2   	-76.69  
509.6   	-76.29  
510     	-75.84  
510.4   	-75.26  
510.8   	-73.91  
511.2   	-67.83  
511.6   	-40.16  
512     	42.15   
512.4   	37.5    
512.8   	21.87   
513.2   	4.04    
513.6   	-13.57  
514     	-32.04  
514.4   	-50     
514.8   	-62.89  
515.2   	-70.25  
515.6   	-74.28  
516     	-76.48  
516.4   	-77.69  
516.8   	-78.35  
517.2   	-78.69  
517.6   	-78.83  
518     	-78.83  
518.4   	-78.74  
518.8   	-78.57  
519.2   	-78.34  
519.6   	-78.07  
520     	-77.76  
520.4   	-77.42  
520.8   	-77.05  
521.2   	-76.65  
521.6   	-76.21  
522     	-75.62  
522.4   	-74.24  
522.8   	-68.09  
523.2   	-40.61  
523.6   	41.96   
524     	37.57   
524.4   	22      
524.8   	4.177   
525.2   	-13.43  
525.6   	-31.89  
526     	-49.87  
526.4   	-62.81  
526.8   	-70.22  
527.2   	-74.27  
527.6   	-76.49  
528     	-77.71  
528.4   	-78.39  
528.8   	-78.73  
529.2   	-78.87  
529.6   	-78.88  
530     	-78.8   
530.4   	-78.65  
530.8   	-78.44  
531.2   	-78.2   
531.6   	-77.93  
532     	-77.64  
532.4   	-77.33  
532.8   	-77     
533.2   	-76.65  
533.6   	-76.28  
534     	-75.88  
534.4   	-75.39  
534.8   	-74.37  
535.2   	-69.98  
535.6   	-49.35  
536     	36.99   
536.4   	40.03   
536.8   	25.45   
537.2   	7.78    
537.6   	-9.897  
538     	-28.1   
538.4   	-46.56  
538.8   	-60.78  
539.2   	-69.11  
539.6   	-73.69  
540     	-76.19  
540.4   	-77.58  
540.8   	-78.34  
541.2   	-78.73  
541.6   	-78.89  
542     	-78.91  
542.4   	-78.83  
542.8   	-78.69  
543.2   	-78.49  
543.6   	-78.25  
544     	-77.97  
544.4   	-77.66  
544.8   	-77.33  
545.2   	-76.97  
545.6   	-76.59  
546     	-76.17  
546.4   	-75.64  
546.8   	-74.6   
547.2   	-70.27  
547.6   	-50.12  
548     	36.06   
548.4   	40.22   
548.8   	25.78   
549.2   	8.139   
549.6   	-9.541  
550     	-27.7   
550.4   	-46.18  
550.8   	-60.52  
551.2   	-68.96  
551.6   	-73.59  
552     	-76.12  
552.4   	-77.52  
552.8   	-78.28  
553.2   	-78.69  
553.6   	-78.87  
554     	-78.9   
554.4   	-78.85  
554.8   	-78.72  
555.2   	-78.54  
555.6   	-78.32  
556     	-78.06  
556.4   	-77.77  
556.8   	-77.45  
557.2   	-77.12  
557.6   	-76.76  
558     	-76.39  
558.4   	-76.01  
558.8   	-75.58  
559.2   	-74.93  
559.6   	-72.79  
560     	-62.35  
560.4   	-12.92  
560.8   	43.42   
561.2   	32.62   
561.6   	15.78   
562     	-2.082  
562.4   	-19.77  
562.8   	-38.53  
563.2   	-55.2   
563.6   	-65.97  
564     	-71.97  
564.4   	-75.25  
564.8   	-77.05  
565.2   	-78.04  
565.6   	-78.57  
566     	-78.84  
566.4   	-78.94  
566.8   	-78.92  
567.2   	-78.83  
567.6   	-78.69  
568     	-78.5   
568.4   	-78.29  
568.8   	-78.03  
569.2   	-77.75  
569.6   	-77.44  
570     	-77.11  
570.4   	-76.76  
570.8   	-76.38  
571.2   	-75.96  
571.6   	-75.48  
572     	-74.65  
572.4   	-71.41  
572.8   	-55.65  
573.2   	24.24   
573.6   	41.84   
574     	28.48   
574.4   	11.07   
574.8   	-6.674  
575.2   	-24.6   
575.6   	-43.27  
576     	-58.57  
576.4   	-67.86  
576.8   	-72.98  
577.2   	-75.77  
577.6   	-77.29  
578     	-78.13  
578.4   	-78.57  
578.8   	-78.77  
579.2   	-78.82  
579.6   	-78.76  
580     	-78.62  
580.4   	-78.42  
580.8   	-78.19  
581.2   	-77.92  
581.6   	-77.61  
582     	-77.27  
582.4   	-76.9   
582.8   	-76.5   
583.2   	-76.05  
583.6   	-75.48  
584     	-74.18  
584.4   	-68.4   
584.8   	-42.26  
585.2   	41.48   
585.6   	38.01   
586     	22.58   
586.4   	4.778   
586.8   	-12.84  
587.2   	-31.24  
587.6   	-49.3   
588     	-62.45  
588.4   	-69.99  
588.8   	-74.1   
589.2   	-76.35  
589.6   	-77.58  
590     	-78.26  
590.4   	-78.6   
590.8   	-78.74  
591.2   	-78.74  
591.6   	-78.64  
592     	-78.47  
592.4   	-78.24  
592.8   	-77.97  
593.2   	-77.66  
593.6   	-77.31  
594     	-76.9   
594.4   	-76.44  
594.8   	-75.83  
595.2   	-74.52  
595.6   	-69.03  
596     	-44.51  
596.4   	40.37   
596.8   	38.52   
597.2   	23.34   
597.6   	5.585   
598     	-12.01  
598.4   	-30.33  
598.8   	-48.46  
599.2   	-61.89  
599.6   	-69.66  
600     	-73.91  
600.4   	-76.22  
600.8   	-77.5   
601.2   	-78.19  
601.6   	-78.54  
602     	-78.67  
602.4   	-78.67  
602.8   	-78.56  
603.2   	-78.38  
603.6   	-78.16  
604     	-77.89  
604.4   	-77.6   
604.8   	-77.28  
605.2   	-76.93  
605.6   	-76.55  
606     	-76.15  
606.4   	-75.72  
606.8   	-75.18  
607.2   	-74.16  
607.6   	-70.1   
608     	-50.7   
608.4   	35.29   
608.8   	40.41   
609.2   	26.06   
609.6   	8.437   
610     	-9.244  
610.4   	-27.36  
610.8   	-45.84  
611.2   	-60.27  
611.6   	-68.77  
612     	-73.43  
612.4   	-75.97  
612.8   	-77.37  
613.2   	-78.13  
613.6   	-78.52  
614     	-78.68  
614.4   	-78.69  
614.8   	-78.61  
615.2   	-78.46  
615.6   	-78.26  
616     	-78.02  
616.4   	-77.75  
616.8   	-77.45  
617.2   	-77.12  
617.6   	-76.76  
618     	-76.37  
618.4   	-75.94  
618.8   	-75.41  
619.2   	-74.29  
619.6   	-69.6   
620     	-47.82  
620.4   	38.3    
620.8   	39.52   
621.2   	24.72   
621.6   	7.023   
622     	-10.61  
622.4   	-28.83  
622.8   	-47.17  
623.2   	-61.13  
623.6   	-69.28  
624     	-73.75  
624.4   	-76.19  
624.8   	-77.54  
625.2   	-78.29  
625.6   	-78.68  
626     	-78.87  
626.4   	-78.9   
626.8   	-78.84  
627.2   	-78.69  
627.6   	-78.5   
628     	-78.26  
628.4   	-78     
628.8   	-77.71  
629.2   	-77.4   
629.6   	-77.08  
630     	-76.73  
630.4   	-76.36  
630.8   	-75.95  
631.2   	-75.44  
631.6   	-74.34  
632     	-69.56  
632.4   	-47.38  
632.8   	38.71   
633.2   	39.42   
633.6   	24.55   
634     	6.832   
634.4   	-10.8   
634.8   	-29.05  
635.2   	-47.38  
635.6   	-61.27  
636     	-69.37  
636.4   	-73.82  
636.8   	-76.25  
637.2   	-77.59  
637.6   	-78.33  
638     	-78.72  
638.4   	-78.89  
638.8   	-78.93  
639.2   	-78.86  
639.6   	-78.71  
640     	-78.51  
640.4   	-78.27  
640.8   	-77.98  
641.2   	-77.66  
641.6   	-77.32  
642     	-76.95  
642.4   	-76.56  
642.8   	-76.14  
643.2   	-75.61  
643.6   	-74.49  
644     	-69.61  
644.4   	-47.23  
644.8   	38.76   
645.2   	39.34   
645.6   	24.46   
646     	6.75    
646.4   	-10.88  
646.8   	-29.12  
647.2   	-47.42  
647.6   	-61.28  
648     	-69.36  
648.4   	-73.79  
648.8   	-76.2   
649.2   	-77.53  
649.6   	-78.26  
650     	-78.64  
650.4   	-78.81  
650.8   	-78.83  
651.2   	-78.75  
651.6   	-78.61  
652     	-78.43  
652.4   	-78.21  
652.8   	-77.95  
653.2   	-77.67  
653.6   	-77.36  
654     	-77.02  
654.4   	-76.67  
654.8   	-76.3   
655.2   	-75.9   
655.6   	-75.42  
656     	-74.48  
656.4   	-70.68  
656.8   	-52.53  
657.2   	32.52   
657.6   	40.96   
658     	26.93   
658.4   	9.372   
658.8   	-8.344  
659.2   	-26.41  
659.6   	-44.99  
660     	-59.73  
660.4   	-68.51  
660.8   	-73.32  
661.2   	-75.94  
661.6   	-77.39  
662     	-78.18  
662.4   	-78.59  
662.8   	-78.77  
663.2   	-78.8   
663.6   	-78.73  
664     	-78.58  
664.4   	-78.36  
664.8   	-78.11  
665.2   	-77.81  
665.6   	-77.49  
666     	-77.13  
666.4   	-76.74  
666.8   	-76.31  
667.2   	-75.78  
667.6   	-74.87  
668     	-71.64  
668.4   	-56.3   
668.8   	21.46   
669.2   	41.94   
669.6   	28.81   
670     	11.45   
670.4   	-6.297  
670.8   	-24.18  
671.2   	-42.83  
671.6   	-58.23  
672     	-67.62  
672.4   	-72.78  
672.8   	-75.59  
673.2   	-77.11  
673.6   	-77.93  
674     	-78.34  
674.4   	-78.5   
674.8   	-78.51  
675.2   	-78.41  
675.6   	-78.24  
676     	-78     
676.4   	-77.71  
676.8   	-77.37  
677.2   	-77     
677.6   	-76.59  
678     	-76.13  
678.4   	-75.53  
678.8   	-74.35  
679.2   	-69.74  
679.6   	-48.48  
680     	37.51   
680.4   	39.63   
680.8   	24.97   
681.2   	7.301   
681.6   	-10.32  
682     	-28.47  
682.4   	-46.79  
682.8   	-60.81  
683.2   	-69.03  
683.6   	-73.53  
684     	-75.97  
684.4   	-77.31  
684.8   	-78.03  
685.2   	-78.39  
685.6   	-78.52  
686     	-78.5   
686.4   	-78.39  
686.8   	-78.21  
687.2   	-77.98  
687.6   	-77.7   
688     	-77.39  
688.4   	-77.05  
688.8   	-76.68  
689.2   	-76.28  
689.6   	-75.82  
690     	-75.14  
690.4   	-73.41  
690.8   	-65.59  
691.2   	-30.25  
691.6   	43.3    
692     	35.22   
692.4   	18.97   
692.8   	1.107   
693.2   	-16.48  
693.6   	-35.06  
694     	-52.43  
694.4   	-64.28  
694.8   	-70.96  
695.2   	-74.6   
695.6   	-76.58  
696     	-77.67  
696.4   	-78.25  
696.8   	-78.54  
697.2   	-78.65  
697.6   	-78.63  
698     	-78.53  
698.4   	-78.37  
698.8   	-78.16  
699.2   	-77.92  
699.6   	-77.65  
700     	-77.35  
700.4   	-77.03  
700.8   	-76.69  
701.2   	-76.33  
701.6   	-75.94  
702     	-75.5   
702.4   	-74.8   
702.8   	-72.77  
703.2   	-63.04  
703.6   	-17.27  
704     	43.53   
704.4   	33.2    
704.8   	16.46   
705.2   	-1.404  
705.6   	-19.06  
706     	-37.79  
706.4   	-54.62  
706.8   	-65.61  
707.2   	-71.74  
707.6   	-75.08  
708     	-76.92  
708.4   	-77.93  
708.8   	-78.48  
709.2   	-78.76  
709.6   	-78.86  
710     	-78.83  
710.4   	-78.71  
710.8   	-78.53  
711.2   	-78.3   
711.6   	-78.03  
712     	-77.74  
712.4   	-77.42  
712.8   	-77.08  
713.2   	-76.73  
713.6   	-76.35  
714     	-75.95  
714.4   	-75.45  
714.8   	-74.37  
715.2   	-69.72  
715.6   	-48.1   
716     	38.11   
716.4   	39.63   
716.8   	24.87   
717.2   	7.167   
717.6   	-10.48  
718     	-28.71  
718.4   	-47.08  
718.8   	-61.09  
719.2   	-69.27  
719.6   	-73.75  
720     	-76.19  
720.4   	-77.54  
720.8   	-78.28  
721.2   	-78.66  
721.6   	-78.83  
722     	-78.86  
722.4   	-78.79  
722.8   	-78.67  
723.2   	-78.49  
723.6   	-78.28  
724     	-78.03  
724.4   	-77.75  
724.8   	-77.45  
725.2   	-77.13  
725.6   	-76.78  
726     	-76.4   
726.4   	-76     
726.8   	-75.54  
727.2   	-74.82  
727.6   	-72.4   
728     	-60.54  
728.4   	-1.845  
728.8   	43.12   
729.2   	31.42   
729.6   	14.38   
730     	-3.464  
730.4   	-21.22  
730.8   	-40     
731.2   	-56.28  
731.6   	-66.58  
732     	-72.29  
732.4   	-75.42  
732.8   	-77.13  
733.2   	-78.07  
733.6   	-78.57  
734     	-78.82  
734.4   	-78.9   
734.8   	-78.87  
735.2   	-78.77  
735.6   	-78.61  
736     	-78.39  
736.4   	-78.13  
736.8   	-77.84  
737.2   	-77.52  
737.6   	-77.18  
738     	-76.82  
738.4   	-76.44  
738.8   	-76.05  
739.2   	-75.6   
739.6   	-74.86  
740     	-72.18  
740.4   	-59.17  
740.8   	6.892   
741.2   	42.81   
741.6   	30.55   
742     	13.39   
742.4   	-4.441  
742.8   	-22.26  
743.2   	-41.05  
743.6   	-57.07  
744     	-67.06  
744.4   	-72.58  
744.8   	-75.59  
745.2   	-77.24  
745.6   	-78.16  
746     	-78.66  
746.4   	-78.91  
746.8   	-79.01  
747.2   	-78.99  
747.6   	-78.88  
748     	-78.7   
748.4   	-78.46  
748.8   	-78.17  
749.2   	-77.84  
749.6   	-77.47  
750     	-77.08  
750.4   	-76.66  
750.8   	-76.19  
751.2   	-75.55  
751.6   	-73.76  
752     	-65.34  
752.4   	-27.97  
752.8   	43.45   
753.2   	34.85   
753.6   	18.5    
754     	0.6179  
754.4   	-17.01  
754.8   	-35.68  
755.2   	-52.98  
755.6   	-64.65  
756     	-71.22  
756.4   	-74.79  
756.8   	-76.74  
757.2   	-77.81  
757.6   	-78.38  
758     	-78.67  
758.4   	-78.77  
758.8   	-78.76  
759.2   	-78.65  
759.6   	-78.49  
760     	-78.28  
760.4   	-78.03  
760.8   	-77.74  
761.2   	-77.42  
761.6   	-77.09  
762     	-76.75  
762.4   	-76.38  
762.8   	-76     
763.2   	-75.57  
763.6   	-75.01  
764     	-73.57  
764.4   	-66.79  
764.8   	-35.84  
765.2   	42.96   
765.6   	36.47   
766     	20.51   
766.4   	2.646   
766.8   	-14.95  
767.2   	-33.5   
767.6   	-51.22  
768     	-63.62  
768.4   	-70.66  
768.8   	-74.5   
769.2   	-76.59  
769.6   	-77.74  
770     	-78.37  
770.4   	-78.68  
770.8   	-78.81  
771.2   	-78.81  
771.6   	-78.72  
772     	-78.57  
772.4   	-78.37  
772.8   	-78.14  
773.2   	-77.88  
773.6   	-77.58  
774     	-77.25  
774.4   	-76.89  
774.8   	-76.52  
775.2   	-76.11  
775.6   	-75.64  
776     	-74.85  
776.4   	-72.06  
776.8   	-58.58  
777.2   	10.33   
777.6   	42.65   
778     	30.2    
778.4   	12.99   
778.8   	-4.831  
779.2   	-22.67  
779.6   	-41.43  
780     	-57.33  
780.4   	-67.18  
780.8   	-72.63  
781.2   	-75.61  
781.6   	-77.24  
782     	-78.15  
782.4   	-78.63  
782.8   	-78.86  
783.2   	-78.92  
783.6   	-78.88  
784     	-78.74  
784.4   	-78.55  
784.8   	-78.32  
785.2   	-78.05  
785.6   	-77.75  
786     	-77.42  
786.4   	-77.07  
786.8   	-76.7   
787.2   	-76.3   
787.6   	-75.86  
788     	-75.23  
788.4   	-73.34  
788.8   	-64.36  
789.2   	-23.62  
789.6   	43.58   
790     	34.15   
790.4   	17.62   
790.8   	-0.2674 
791.2   	-17.92  
791.6   	-36.63  
792     	-53.74  
792.4   	-65.11  
792.8   	-71.47  
793.2   	-74.94  
793.6   	-76.85  
794     	-77.89  
794.4   	-78.46  
794.8   	-78.75  
795.2   	-78.86  
795.6   	-78.85  
796     	-78.76  
796.4   	-78.6   
796.8   	-78.39  
797.2   	-78.15  
797.6   	-77.89  
798     	-77.6   
798.4   	-77.29  
798.8   	-76.96  
799.2   	-76.62  
799.6   	-76.28  
800     	-75.92  
800.4   	-75.53  
800.8   	-74.99  
801.2   	-73.53  
801.6   	-66.58  
802     	-34.81  
802.4   	43.1    
802.8   	36.26   
803.2   	20.22   
803.6   	2.349   
804     	-15.26  
804.4   	-33.84  
804.8   	-51.52  
805.2   	-63.83  
805.6   	-70.82  
806     	-74.64  
806.4   	-76.75  
806.8   	-77.92  
807.2   	-78.58  
807.6   	-78.94  
808     	-79.11  
808.4   	-79.15  
808.8   	-79.1   
809.2   	-78.99  
809.6   	-78.84  
810     	-78.65  
810.4   	-78.44  
810.8   	-78.2   
811.2   	-77.94  
811.6   	-77.64  
812     	-77.32  
812.4   	-76.99  
812.8   	-76.64  
813.2   	-76.29  
813.6   	-75.92  
814     	-75.51  
814.4   	-74.95  
814.8   	-73.23  
815.2   	-64.76  
815.6   	-25.79  
816     	43.69   
816.4   	34.59   
816.8   	18.12   
817.2   	0.2168  
817.6   	-17.45  
818     	-36.18  
818.4   	-53.44  
818.8   	-64.98  
819.2   	-71.45  
819.6   	-74.98  
820     	-76.92  
820.4   	-77.99  
820.8   	-78.59  
821.2   	-78.91  
821.6   	-79.04  
822     	-79.06  
822.4   	-78.98  
822.8   	-78.84  
823.2   	-78.65  
823.6   	-78.41  
824     	-78.15  
824.4   	-77.84  
824.8   	-77.49  
825.2   	-77.11  
825.6   	-76.7   
826     	-76.21  
826.4   	-75.42  
826.8   	-72.61  
827.2   	-59.38  
827.6   	6.065   
828     	42.78   
828.4   	30.61   
828.8   	13.47   
829.2   	-4.353  
829.6   	-22.15  
830     	-40.9   
830.4   	-56.91  
830.8   	-66.9   
831.2   	-72.43  
831.6   	-75.43  
832     	-77.06  
832.4   	-77.96  
832.8   	-78.42  
833.2   	-78.64  
833.6   	-78.69  
834     	-78.64  
834.4   	-78.51  
834.8   	-78.33  
835.2   	-78.09  
835.6   	-77.8   
836     	-77.48  
836.4   	-77.14  
836.8   	-76.77  
837.2   	-76.38  
837.6   	-75.96  
838     	-75.46  
838.4   	-74.57  
838.8   	-71.38  
839.2   	-55.98  
839.6   	22.68   
840     	41.88   
840.4   	28.65   
840.8   	11.27   
841.2   	-6.474  
841.6   	-24.37  
842     	-43.03  
842.4   	-58.4   
842.8   	-67.75  
843.2   	-72.91  
843.6   	-75.72  
844     	-77.27  
844.4   	-78.12  
844.8   	-78.56  
845.2   	-78.76  
845.6   	-78.81  
846     	-78.76  
846.4   	-78.63  
846.8   	-78.45  
847.2   	-78.23  
847.6   	-77.98  
848     	-77.7   
848.4   	-77.39  
848.8   	-77.07  
849.2   	-76.71  
849.6   	-76.33  
850     	-75.93  
850.4   	-75.47  
850.8   	-74.64  
851.2   	-71.61  
851.6   	-56.88  
852     	19.17   
852.4   	42.2    
852.8   	29.2    
853.2   	11.86   
853.6   	-5.918  
854     	-23.81  
854.4   	-42.52  
854.8   	-58.08  
855.2   	-67.59  
855.6   	-72.85  
856     	-75.71  
856.4   	-77.29  
856.8   	-78.17  
857.2   	-78.63  
857.6   	-78.84  
858     	-78.89  
858.4   	-78.83  
858.8   	-78.68  
859.2   	-78.49  
859.6   	-78.24  
860     	-77.97  
860.4   	-77.68  
860.8   	-77.37  
861.2   	-77.05  
861.6   	-76.71  
862     	-76.35  
862.4   	-75.98  
862.8   	-75.55  
863.2   	-74.93  
863.6   	-73     
864     	-63.69  
864.4   	-20.49  
864.8   	43.61   
865.2   	33.69   
865.6   	17.05   
866     	-0.839  
866.4   	-18.5   
866.8   	-37.22  
867.2   	-54.19  
867.6   	-65.36  
868     	-71.6   
868.4   	-75     
868.8   	-76.86  
869.2   	-77.88  
869.6   	-78.42  
870     	-78.68  
870.4   	-78.77  
870.8   	-78.74  
871.2   	-78.64  
871.6   	-78.47  
872     	-78.26  
872.4   	-78     
872.8   	-77.71  
873.2   	-77.4   
873.6   	-77.06  
874     	-76.7   
874.4   	-76.32  
874.8   	-75.91  
875.2   	-75.4   
875.6   	-74.29  
876     	-69.6   
876.4   	-47.73  
876.8   	38.4    
877.2   	39.51   
877.6   	24.7    
878     	6.991   
878.4   	-10.65  
878.8   	-28.89  
879.2   	-47.24  
879.6   	-61.19  
880     	-69.33  
880.4   	-73.8   
880.8   	-76.25  
881.2   	-77.6   
881.6   	-78.35  
882     	-78.75  
882.4   	-78.92  
882.8   	-78.95  
883.2   	-78.88  
883.6   	-78.73  
884     	-78.53  
884.4   	-78.28  
884.8   	-77.98  
885.2   	-77.65  
885.6   	-77.31  
886     	-76.93  
886.4   	-76.54  
886.8   	-76.11  
887.2   	-75.57  
887.6   	-74.3   
888     	-68.65  
888.4   	-43.1   
888.8   	41.18   
889.2   	38.23   
889.6   	22.89   
890     	5.091   
890.4   	-12.53  
890.8   	-30.93  
891.2   	-49.04  
891.6   	-62.31  
892     	-69.95  
892.4   	-74.13  
892.8   	-76.41  
893.2   	-77.67  
893.6   	-78.35  
894     	-78.7   
894.4   	-78.84  
894.8   	-78.85  
895.2   	-78.77  
895.6   	-78.63  
896     	-78.43  
896.4   	-78.2   
896.8   	-77.94  
897.2   	-77.64  
897.6   	-77.3   
898     	-76.94  
898.4   	-76.55  
898.8   	-76.1   
899.2   	-75.54  
899.6   	-74.27  
900     	-68.61  
900.4   	-43.02  
900.8   	41.22   
901.2   	38.22   
901.6   	22.86   
902     	5.065   
902.4   	-12.55  
902.8   	-30.94  
903.2   	-49.05  
903.6   	-62.31  
904     	-69.93  
904.4   	-74.1   
904.8   	-76.39  
905.2   	-77.65  
905.6   	-78.34  
906     	-78.7   
906.4   	-78.86  
906.8   	-78.89  
907.2   	-78.83  
907.6   	-78.71  
908     	-78.53  
908.4   	-78.32  
908.8   	-78.08  
909.2   	-77.8   
909.6   	-77.51  
910     	-77.2   
910.4   	-76.86  
910.8   	-76.51  
911.2   	-76.13  
911.6   	-75.73  
912     	-75.27  
912.4   	-74.35  
912.8   	-70.5   
913.2   	-51.95  
913.6   	33.6    
914     	40.83   
914.4   	26.68   
914.8   	9.09    
915.2   	-8.631  
915.6   	-26.74  
916     	-45.34  
916.4   	-60.01  
916.8   	-68.71  
917.2   	-73.48  
917.6   	-76.08  
918     	-77.5   
918.4   	-78.29  
918.8   	-78.7   
919.2   	-78.9   
919.6   	-78.96  
920     	-78.92  
920.4   	-78.82  
920.8   	-78.66  
921.2   	-78.47  
921.6   	-78.25  
922     	-78.01  
922.4   	-77.74  
922.8   	-77.46  
923.2   	-77.17  
923.6   	-76.87  
924     	-76.56  
924.4   	-76.24  
924.8   	-75.91  
925.2   	-75.57  
925.6   	-75.2   
926     	-74.77  
926.4   	-73.85  
926.8   	-69.56  
927.2   	-48.78  
927.6   	37.71   
928     	39.94   
928.4   	25.24   
928.8   	7.531   
929.2   	-10.15  
929.6   	-28.39  
930     	-46.85  
930.4   	-61     
930.8   	-69.27  
931.2   	-73.8   
931.6   	-76.27  
932     	-77.63  
932.4   	-78.38  
932.8   	-78.78  
933.2   	-78.95  
933.6   	-78.98  
934     	-78.91  
934.4   	-78.77  
934.8   	-78.59  
935.2   	-78.37  
935.6   	-78.12  
936     	-77.84  
936.4   	-77.54  
936.8   	-77.21  
937.2   	-76.87  
937.6   	-76.5   
938     	-76.08  
938.4   	-75.52  
938.8   	-74.11  
939.2   	-67.66  
939.6   	-38.72  
940     	42.5    
940.4   	37.17   
940.8   	21.43   
941.2   	3.579   
941.6   	-14.03  
942     	-32.53  
942.4   	-50.41  
942.8   	-63.12  
943.2   	-70.36  
943.6   	-74.31  
944     	-76.47  
944.4   	-77.66  
944.8   	-78.3   
945.2   	-78.63  
945.6   	-78.75  
946     	-78.74  
946.4   	-78.64  
946.8   	-78.48  
947.2   	-78.28  
947.6   	-78.04  
948     	-77.75  
948.4   	-77.44  
948.8   	-77.1   
949.2   	-76.72  
949.6   	-76.3   
950     	-75.8   
950.4   	-74.98  
950.8   	-72.29  
951.2   	-59.43  
951.6   	5.082   
952     	42.81   
952.4   	30.68   
952.8   	13.55   
953.2   	-4.267  
953.6   	-22.05  
954     	-40.79  
954.4   	-56.83  
954.8   	-66.85  
955.2   	-72.4   
955.6   	-75.43  
956     	-77.08  
956.4   	-77.99  
956.8   	-78.47  
957.2   	-78.71  
957.6   	-78.78  
958     	-78.75  
958.4   	-78.64  
958.8   	-78.48  
959.2   	-78.25  
959.6   	-77.99  
960     	-77.69  
960.4   	-77.36  
960.8   	-77     
961.2   	-76.61  
961.6   	-76.17  
962     	-75.58  
962.4   	-74.22  
962.8   	-68.25  
963.2   	-41.42  
963.6   	41.76   
964     	37.79   
964.4   	22.29   
964.8   	4.473   
965.2   	-13.14  
965.6   	-31.57  
966     	-49.59  
966.4   	-62.64  
966.8   	-70.11  
967.2   	-74.19  
967.6   	-76.42  
968     	-77.64  
968.4   	-78.31  
968.8   	-78.66  
969.2   	-78.79  
969.6   	-78.8   
970     	-78.7   
970.4   	-78.53  
970.8   	-78.31  
971.2   	-78.04  
971.6   	-77.73  
972     	-77.4   
972.4   	-77.03  
972.8   	-76.63  
973.2   	-76.17  
973.6   	-75.54  
974     	-74     
974.4   	-67.07  
974.8   	-36.28  
975.2   	42.77   
975.6   	36.51   
976     	20.6    
976.4   	2.752   
976.8   	-14.84  
977.2   	-33.36  
977.6   	-51.07  
978     	-63.5   
978.4   	-70.56  
978.8   	-74.41  
979.2   	-76.5   
979.6   	-77.65  
980     	-78.27  
980.4   	-78.58  
980.8   	-78.69  
981.2   	-78.67  
981.6   	-78.56  
982     	-78.39  
982.4   	-78.18  
982.8   	-77.92  
983.2   	-77.63  
983.6   	-77.3   
984     	-76.95  
984.4   	-76.57  
984.8   	-76.17  
985.2   	-75.74  
985.6   	-75.16  
986     	-73.79  
986.4   	-67.6   
986.8   	-39.36  
987.2   	42.33   
987.6   	37.3    
988     	21.6    
988.4   	3.763   
988.8   	-13.85  
989.2   	-32.34  
989.6   	-50.25  
990     	-63.04  
990.4   	-70.34  
990.8   	-74.33  
991.2   	-76.51  
991.6   	-77.72  
992     	-78.38  
992.4   	-78.73  
992.8   	-78.88  
993.2   	-78.91  
993.6   	-78.85  
994     	-78.72  
994.4   	-78.53  
994.8   	-78.3   
995.2   	-78.04  
995.6   	-77.74  
996     	-77.41  
996.4   	-77.05  
996.8   	-76.67  
997.2   	-76.24  
997.6   	-75.73  
998     	-74.78  
998.4   	-71     
998.8   	-53.18  
999.2   	31.2    
999.6   	41.11   
