
SWEPT_VAR_1 = 45.0    // Syn: Source PP \ NetStim \ PARAMETER \ interval (ms)

t	s.v( 0.05 )
ms	mV
0       	-64.65  
0.4     	-65.51  
0.8     	-66.35  
1.2     	-67.15  
1.6     	-67.92  
2       	-68.66  
2.4     	-69.37  
2.8     	-70.05  
3.2     	-70.69  
3.6     	-71.3   
4       	-71.87  
4.4     	-72.41  
4.8     	-72.93  
5.2     	-73.41  
5.6     	-73.87  
6       	-74.29  
6.4     	-74.69  
6.8     	-75.07  
7.2     	-75.42  
7.6     	-75.74  
8       	-76.03  
8.4     	-76.3   
8.8     	-76.53  
9.2     	-76.71  
9.6     	-76.65  
10      	-76     
10.4    	-72.89  
10.8    	-58.67  
11.2    	11.83   
11.6    	42.81   
12      	30.23   
12.4    	12.97   
12.8    	-4.906  
13.2    	-22.88  
13.6    	-41.84  
14      	-57.83  
14.4    	-67.71  
14.8    	-73.21  
15.2    	-76.27  
15.6    	-78.03  
16      	-79.09  
16.4    	-79.76  
16.8    	-80.2   
17.2    	-80.5   
17.6    	-80.71  
18      	-80.87  
18.4    	-80.99  
18.8    	-81.07  
19.2    	-81.13  
19.6    	-81.17  
20      	-81.19  
20.4    	-81.19  
20.8    	-81.19  
21.2    	-81.18  
21.6    	-81.16  
22      	-81.13  
22.4    	-81.1   
22.8    	-81.05  
23.2    	-80.98  
23.6    	-80.81  
24      	-80.3   
24.4    	-78.93  
24.8    	-73.85  
25.2    	-54.29  
25.6    	29.96   
26      	41.39   
26.4    	27.7    
26.8    	10.22   
27.2    	-7.558  
27.6    	-25.68  
28      	-44.43  
28.4    	-59.51  
28.8    	-68.6   
29.2    	-73.67  
29.6    	-76.51  
30      	-78.15  
30.4    	-79.13  
30.8    	-79.75  
31.2    	-80.16  
31.6    	-80.43  
32      	-80.61  
32.4    	-80.74  
32.8    	-80.82  
33.2    	-80.87  
33.6    	-80.91  
34      	-80.92  
34.4    	-80.92  
34.8    	-80.86  
35.2    	-80.58  
35.6    	-79.85  
36      	-77.59  
36.4    	-68.94  
36.8    	-36.62  
37.2    	42.66   
37.6    	36.66   
38      	20.84   
38.4    	2.984   
38.8    	-14.7   
39.2    	-33.36  
39.6    	-51.23  
40      	-63.79  
40.4    	-71     
40.8    	-75.01  
41.2    	-77.28  
41.6    	-78.61  
42      	-79.44  
42.4    	-79.97  
42.8    	-80.32  
43.2    	-80.57  
43.6    	-80.75  
44      	-80.87  
44.4    	-80.96  
44.8    	-81.01  
45.2    	-81.04  
45.6    	-81.06  
46      	-81.06  
46.4    	-81.02  
46.8    	-80.81  
47.2    	-80.22  
47.6    	-78.56  
48      	-72.32  
48.4    	-48.84  
48.8    	37.54   
49.2    	39.78   
49.6    	25.19   
50      	7.52    
50.4    	-10.19  
50.8    	-28.52  
51.2    	-47.03  
51.6    	-61.2   
52      	-69.54  
52.4    	-74.19  
52.8    	-76.79  
53.2    	-78.3   
53.6    	-79.2   
54      	-79.75  
54.4    	-80.1   
54.8    	-80.33  
55.2    	-80.47  
55.6    	-80.56  
56      	-80.6   
56.4    	-80.61  
56.8    	-80.59  
57.2    	-80.5   
57.6    	-80.22  
58      	-79.51  
58.4    	-77.29  
58.8    	-68.7   
59.2    	-36.4   
59.6    	42.56   
60      	36.52   
60.4    	20.68   
60.8    	2.838   
61.2    	-14.83  
61.6    	-33.49  
62      	-51.32  
62.4    	-63.83  
62.8    	-71     
63.2    	-74.98  
63.6    	-77.23  
64      	-78.55  
64.4    	-79.36  
64.8    	-79.87  
65.2    	-80.21  
65.6    	-80.43  
66      	-80.58  
66.4    	-80.68  
66.8    	-80.74  
67.2    	-80.78  
67.6    	-80.8   
68      	-80.81  
68.4    	-80.82  
68.8    	-80.81  
69.2    	-80.79  
69.6    	-80.77  
70      	-80.74  
70.4    	-80.71  
70.8    	-80.68  
71.2    	-80.63  
71.6    	-80.58  
72      	-80.52  
72.4    	-80.46  
72.8    	-80.4   
73.2    	-80.33  
73.6    	-80.25  
74      	-80.16  
74.4    	-80.08  
74.8    	-79.99  
75.2    	-79.91  
75.6    	-79.79  
76      	-79.47  
76.4    	-78.54  
76.8    	-75.11  
77.2    	-61.16  
77.6    	0.156   
78      	43.18   
78.4    	31.43   
78.8    	14.38   
79.2    	-3.501  
79.6    	-21.37  
80      	-40.27  
80.4    	-56.63  
80.8    	-66.96  
81.2    	-72.76  
81.6    	-75.98  
82      	-77.83  
82.4    	-78.93  
82.8    	-79.62  
83.2    	-80.06  
83.6    	-80.37  
84      	-80.57  
84.4    	-80.7   
84.8    	-80.79  
85.2    	-80.84  
85.6    	-80.86  
86      	-80.84  
86.4    	-80.66  
86.8    	-80.14  
87.2    	-78.73  
87.6    	-73.51  
88      	-53.67  
88.4    	30.5    
88.8    	41.01   
89.2    	27.29   
89.6    	9.798   
90      	-7.96   
90.4    	-26.11  
90.8    	-44.81  
91.2    	-59.74  
91.6    	-68.72  
92      	-73.72  
92.4    	-76.53  
92.8    	-78.14  
93.2    	-79.12  
93.6    	-79.73  
94      	-80.14  
94.4    	-80.41  
94.8    	-80.6   
95.2    	-80.73  
95.6    	-80.82  
96      	-80.88  
96.4    	-80.92  
96.8    	-80.95  
97.2    	-80.96  
97.6    	-80.96  
98      	-80.94  
98.4    	-80.89  
98.8    	-80.7   
99.2    	-80.13  
99.6    	-78.56  
100     	-72.6   
100.4   	-49.95  
100.8   	36.56   
101.2   	40.15   
101.6   	25.71   
102     	8.067   
102.4   	-9.662  
102.8   	-27.95  
103.2   	-46.53  
103.6   	-60.88  
104     	-69.36  
104.4   	-74.08  
104.8   	-76.73  
105.2   	-78.26  
105.6   	-79.19  
106     	-79.77  
106.4   	-80.15  
106.8   	-80.4   
107.2   	-80.57  
107.6   	-80.68  
108     	-80.75  
108.4   	-80.78  
108.8   	-80.79  
109.2   	-80.73  
109.6   	-80.44  
110     	-79.7   
110.4   	-77.45  
110.8   	-68.8   
111.2   	-36.53  
111.6   	42.54   
112     	36.55   
112.4   	20.73   
112.8   	2.882   
113.2   	-14.79  
113.6   	-33.46  
114     	-51.29  
114.4   	-63.81  
114.8   	-70.99  
115.2   	-74.98  
115.6   	-77.24  
116     	-78.56  
116.4   	-79.37  
116.8   	-79.89  
117.2   	-80.23  
117.6   	-80.47  
118     	-80.64  
118.4   	-80.75  
118.8   	-80.83  
119.2   	-80.88  
119.6   	-80.92  
120     	-80.93  
120.4   	-80.94  
120.8   	-80.92  
121.2   	-80.9   
121.6   	-80.83  
122     	-80.56  
122.4   	-79.85  
122.8   	-77.68  
123.2   	-69.31  
123.6   	-37.84  
124     	42.59   
124.4   	37.02   
124.8   	21.28   
125.2   	3.424   
125.6   	-14.26  
126     	-32.91  
126.4   	-50.86  
126.8   	-63.57  
127.2   	-70.87  
127.6   	-74.93  
128     	-77.22  
128.4   	-78.55  
128.8   	-79.37  
129.2   	-79.89  
129.6   	-80.23  
130     	-80.46  
130.4   	-80.62  
130.8   	-80.74  
131.2   	-80.82  
131.6   	-80.87  
132     	-80.91  
132.4   	-80.93  
132.8   	-80.94  
133.2   	-80.95  
133.6   	-80.93  
134     	-80.82  
134.4   	-80.43  
134.8   	-79.42  
135.2   	-75.96  
135.6   	-62.57  
136     	-7.668  
136.4   	43.22   
136.8   	32.1    
137.2   	15.2    
137.6   	-2.659  
138     	-20.46  
138.4   	-39.32  
138.8   	-55.87  
139.2   	-66.49  
139.6   	-72.46  
140     	-75.78  
140.4   	-77.67  
140.8   	-78.79  
141.2   	-79.48  
141.6   	-79.91  
142     	-80.2   
142.4   	-80.39  
142.8   	-80.51  
143.2   	-80.6   
143.6   	-80.65  
144     	-80.67  
144.4   	-80.68  
144.8   	-80.67  
145.2   	-80.65  
145.6   	-80.62  
146     	-80.53  
146.4   	-80.23  
146.8   	-79.45  
147.2   	-76.97  
147.6   	-67.27  
148     	-30.24  
148.4   	43.34   
148.8   	35.38   
149.2   	19.17   
149.6   	1.286   
150     	-16.41  
150.4   	-35.18  
150.8   	-52.71  
151.2   	-64.67  
151.6   	-71.48  
152     	-75.26  
152.4   	-77.4   
152.8   	-78.65  
153.2   	-79.42  
153.6   	-79.9   
154     	-80.22  
154.4   	-80.43  
154.8   	-80.57  
155.2   	-80.66  
155.6   	-80.71  
156     	-80.74  
156.4   	-80.75  
156.8   	-80.74  
157.2   	-80.71  
157.6   	-80.62  
158     	-80.3   
158.4   	-79.49  
158.8   	-76.85  
159.2   	-66.59  
159.6   	-27.47  
160     	43.41   
160.4   	34.84   
160.8   	18.52   
161.2   	0.6274  
161.6   	-17.09  
162     	-35.89  
162.4   	-53.28  
162.8   	-65.01  
163.2   	-71.66  
163.6   	-75.35  
164     	-77.44  
164.4   	-78.67  
164.8   	-79.42  
165.2   	-79.89  
165.6   	-80.2   
166     	-80.41  
166.4   	-80.54  
166.8   	-80.63  
167.2   	-80.69  
167.6   	-80.73  
168     	-80.74  
168.4   	-80.73  
168.8   	-80.63  
169.2   	-80.25  
169.6   	-79.31  
170     	-76.09  
170.4   	-63.61  
170.8   	-13.98  
171.2   	43.26   
171.6   	32.73   
172     	15.97   
172.4   	-1.897  
172.8   	-19.68  
173.2   	-38.54  
173.6   	-55.31  
174     	-66.2   
174.4   	-72.33  
174.8   	-75.75  
175.2   	-77.7   
175.6   	-78.86  
176     	-79.59  
176.4   	-80.05  
176.8   	-80.37  
177.2   	-80.58  
177.6   	-80.73  
178     	-80.83  
178.4   	-80.9   
178.8   	-80.94  
179.2   	-80.97  
179.6   	-80.99  
180     	-81     
180.4   	-81     
180.8   	-81     
181.2   	-80.99  
181.6   	-80.97  
182     	-80.94  
182.4   	-80.83  
182.8   	-80.45  
183.2   	-79.47  
183.6   	-76.13  
184     	-63.13  
184.4   	-10.37  
184.8   	43.37   
185.2   	32.46   
185.6   	15.61   
186     	-2.265  
186.4   	-20.05  
186.8   	-38.92  
187.2   	-55.6   
187.6   	-66.36  
188     	-72.42  
188.4   	-75.8   
188.8   	-77.73  
189.2   	-78.87  
189.6   	-79.58  
190     	-80.03  
190.4   	-80.33  
190.8   	-80.53  
191.2   	-80.67  
191.6   	-80.75  
192     	-80.81  
192.4   	-80.84  
192.8   	-80.85  
193.2   	-80.86  
193.6   	-80.86  
194     	-80.85  
194.4   	-80.83  
194.8   	-80.8   
195.2   	-80.75  
195.6   	-80.61  
196     	-80.13  
196.4   	-78.86  
196.8   	-74.1   
197.2   	-55.63  
197.6   	26.2    
198     	41.7    
198.4   	28.32   
198.8   	10.9    
199.2   	-6.883  
199.6   	-24.94  
200     	-43.72  
200.4   	-59.01  
200.8   	-68.31  
201.2   	-73.5   
201.6   	-76.4   
202     	-78.08  
202.4   	-79.08  
202.8   	-79.72  
203.2   	-80.13  
203.6   	-80.4   
204     	-80.59  
204.4   	-80.7   
204.8   	-80.78  
205.2   	-80.82  
205.6   	-80.84  
206     	-80.84  
206.4   	-80.83  
206.8   	-80.81  
207.2   	-80.78  
207.6   	-80.74  
208     	-80.7   
208.4   	-80.65  
208.8   	-80.61  
209.2   	-80.56  
209.6   	-80.5   
210     	-80.4   
210.4   	-80.08  
210.8   	-79.22  
211.2   	-76.26  
211.6   	-64.54  
212     	-17.91  
212.4   	43.61   
212.8   	33.48   
213.2   	16.8    
213.6   	-1.1    
214     	-18.86  
214.4   	-37.73  
214.8   	-54.73  
215.2   	-65.87  
215.6   	-72.16  
216     	-75.66  
216.4   	-77.65  
216.8   	-78.84  
217.2   	-79.57  
217.6   	-80.04  
218     	-80.33  
218.4   	-80.53  
218.8   	-80.66  
219.2   	-80.74  
219.6   	-80.8   
220     	-80.83  
220.4   	-80.85  
220.8   	-80.85  
221.2   	-80.83  
221.6   	-80.8   
222     	-80.7   
222.4   	-80.37  
222.8   	-79.53  
223.2   	-76.76  
223.6   	-66.01  
224     	-24.72  
224.4   	43.51   
224.8   	34.42   
225.2   	17.98   
225.6   	0.08283 
226     	-17.65  
226.4   	-36.49  
226.8   	-53.76  
227.2   	-65.29  
227.6   	-71.83  
228     	-75.46  
228.4   	-77.53  
228.8   	-78.74  
229.2   	-79.49  
229.6   	-79.96  
230     	-80.27  
230.4   	-80.47  
230.8   	-80.6   
231.2   	-80.69  
231.6   	-80.75  
232     	-80.79  
232.4   	-80.82  
232.8   	-80.83  
233.2   	-80.83  
233.6   	-80.82  
234     	-80.8   
234.4   	-80.78  
234.8   	-80.75  
235.2   	-80.72  
235.6   	-80.68  
236     	-80.65  
236.4   	-80.61  
236.8   	-80.57  
237.2   	-80.53  
237.6   	-80.49  
238     	-80.45  
238.4   	-80.39  
238.8   	-80.34  
239.2   	-80.27  
239.6   	-80.2   
240     	-80.13  
240.4   	-80.07  
240.8   	-80.01  
241.2   	-79.97  
241.6   	-79.92  
242     	-79.87  
242.4   	-79.83  
242.8   	-79.79  
243.2   	-79.76  
243.6   	-79.72  
244     	-79.69  
244.4   	-79.67  
244.8   	-79.65  
245.2   	-79.63  
245.6   	-79.62  
246     	-79.61  
246.4   	-79.58  
246.8   	-79.54  
247.2   	-79.41  
247.6   	-78.99  
248     	-77.69  
248.4   	-72.43  
248.8   	-51.26  
249.2   	35.24   
249.6   	40.66   
250     	26.38   
250.4   	8.752   
250.8   	-9.005  
251.2   	-27.25  
251.6   	-45.93  
252     	-60.52  
252.4   	-69.18  
252.8   	-73.99  
253.2   	-76.69  
253.6   	-78.26  
254     	-79.2   
254.4   	-79.8   
254.8   	-80.2   
255.2   	-80.47  
255.6   	-80.66  
256     	-80.79  
256.4   	-80.88  
256.8   	-80.94  
257.2   	-80.99  
257.6   	-81.01  
258     	-81.03  
258.4   	-81.04  
258.8   	-81.04  
259.2   	-81.04  
259.6   	-81.02  
260     	-80.99  
260.4   	-80.95  
260.8   	-80.91  
261.2   	-80.85  
261.6   	-80.74  
262     	-80.38  
262.4   	-79.44  
262.8   	-76.24  
263.2   	-63.74  
263.6   	-13.56  
264     	43.49   
264.4   	32.88   
264.8   	16.09   
265.2   	-1.788  
265.6   	-19.55  
266     	-38.41  
266.4   	-55.21  
266.8   	-66.12  
267.2   	-72.27  
267.6   	-75.68  
268     	-77.62  
268.4   	-78.76  
268.8   	-79.46  
269.2   	-79.9   
269.6   	-80.18  
270     	-80.37  
270.4   	-80.49  
270.8   	-80.56  
271.2   	-80.6   
271.6   	-80.61  
272     	-80.6   
272.4   	-80.58  
272.8   	-80.55  
273.2   	-80.5   
273.6   	-80.36  
274     	-79.96  
274.4   	-78.86  
274.8   	-74.86  
275.2   	-59.12  
275.6   	11.29   
276     	42.57   
276.4   	30.17   
276.8   	12.98   
277.2   	-4.865  
277.6   	-22.81  
278     	-41.68  
278.4   	-57.62  
278.8   	-67.51  
279.2   	-73.04  
279.6   	-76.12  
280     	-77.88  
280.4   	-78.93  
280.8   	-79.57  
281.2   	-79.97  
281.6   	-80.22  
282     	-80.37  
282.4   	-80.46  
282.8   	-80.51  
283.2   	-80.53  
283.6   	-80.53  
284     	-80.51  
284.4   	-80.43  
284.8   	-80.13  
285.2   	-79.38  
285.6   	-76.98  
286     	-67.6   
286.4   	-32.08  
286.8   	43.05   
287.2   	35.61   
287.6   	19.51   
288     	1.641   
288.4   	-16.05  
288.8   	-34.78  
289.2   	-52.37  
289.6   	-64.46  
290     	-71.36  
290.4   	-75.19  
290.8   	-77.37  
291.2   	-78.65  
291.6   	-79.43  
292     	-79.94  
292.4   	-80.27  
292.8   	-80.49  
293.2   	-80.64  
293.6   	-80.73  
294     	-80.79  
294.4   	-80.82  
294.8   	-80.84  
295.2   	-80.83  
295.6   	-80.82  
296     	-80.8   
296.4   	-80.76  
296.8   	-80.68  
297.2   	-80.44  
297.6   	-79.79  
298     	-77.89  
298.4   	-70.47  
298.8   	-42.45  
299.2   	41.45   
299.6   	38.14   
300     	22.78   
300.4   	4.977   
300.8   	-12.71  
301.2   	-31.25  
301.6   	-49.46  
302     	-62.73  
302.4   	-70.41  
302.8   	-74.67  
303.2   	-77.07  
303.6   	-78.47  
304     	-79.32  
304.4   	-79.86  
304.8   	-80.21  
305.2   	-80.44  
305.6   	-80.59  
306     	-80.7   
306.4   	-80.77  
306.8   	-80.81  
307.2   	-80.84  
307.6   	-80.86  
308     	-80.87  
308.4   	-80.87  
308.8   	-80.86  
309.2   	-80.85  
309.6   	-80.82  
310     	-80.79  
310.4   	-80.75  
310.8   	-80.72  
311.2   	-80.68  
311.6   	-80.59  
312     	-80.28  
312.4   	-79.46  
312.8   	-76.72  
313.2   	-66     
313.6   	-24.41  
314     	43.66   
314.4   	34.48   
314.8   	18.01   
315.2   	0.1051  
315.6   	-17.63  
316     	-36.46  
316.4   	-53.75  
316.8   	-65.29  
317.2   	-71.82  
317.6   	-75.46  
318     	-77.52  
318.4   	-78.74  
318.8   	-79.49  
319.2   	-79.96  
319.6   	-80.26  
320     	-80.46  
320.4   	-80.59  
320.8   	-80.68  
321.2   	-80.72  
321.6   	-80.73  
322     	-80.7   
322.4   	-80.53  
322.8   	-80.04  
323.2   	-78.76  
323.6   	-74.03  
324     	-55.84  
324.4   	24.61   
324.8   	41.56   
325.2   	28.3    
325.6   	10.92   
326     	-6.846  
326.4   	-24.89  
326.8   	-43.65  
327.2   	-58.95  
327.6   	-68.26  
328     	-73.47  
328.4   	-76.37  
328.8   	-78.05  
329.2   	-79.05  
329.6   	-79.68  
330     	-80.09  
330.4   	-80.36  
330.8   	-80.54  
331.2   	-80.65  
331.6   	-80.72  
332     	-80.76  
332.4   	-80.76  
332.8   	-80.7   
333.2   	-80.47  
333.6   	-79.85  
334     	-78.12  
334.4   	-71.48  
334.8   	-46.51  
335.2   	39.07   
335.6   	39.01   
336     	24.12   
336.4   	6.408   
336.8   	-11.26  
337.2   	-29.65  
337.6   	-48.01  
338     	-61.79  
338.4   	-69.85  
338.8   	-74.34  
339.2   	-76.86  
339.6   	-78.32  
340     	-79.21  
340.4   	-79.77  
340.8   	-80.13  
341.2   	-80.37  
341.6   	-80.53  
342     	-80.63  
342.4   	-80.68  
342.8   	-80.71  
343.2   	-80.72  
343.6   	-80.72  
344     	-80.7   
344.4   	-80.68  
344.8   	-80.65  
345.2   	-80.61  
345.6   	-80.57  
346     	-80.52  
346.4   	-80.46  
346.8   	-80.39  
347.2   	-80.32  
347.6   	-80.22  
348     	-79.99  
348.4   	-79.37  
348.8   	-77.46  
349.2   	-69.86  
349.6   	-40.59  
350     	42.14   
350.4   	37.76   
350.8   	22.21   
351.2   	4.371   
351.6   	-13.32  
352     	-31.91  
352.4   	-50.04  
352.8   	-63.08  
353.2   	-70.6   
353.6   	-74.77  
354     	-77.11  
354.4   	-78.48  
354.8   	-79.31  
355.2   	-79.83  
355.6   	-80.16  
356     	-80.38  
356.4   	-80.51  
356.8   	-80.6   
357.2   	-80.66  
357.6   	-80.69  
358     	-80.7   
358.4   	-80.7   
358.8   	-80.68  
359.2   	-80.66  
359.6   	-80.64  
360     	-80.61  
360.4   	-80.58  
360.8   	-80.54  
361.2   	-80.51  
361.6   	-80.46  
362     	-80.39  
362.4   	-80.2   
362.8   	-79.64  
363.2   	-77.96  
363.6   	-71.36  
364     	-45.97  
364.4   	39.88   
364.8   	39.1    
365.2   	24.08   
365.6   	6.335   
366     	-11.35  
366.4   	-29.77  
366.8   	-48.15  
367.2   	-61.91  
367.6   	-69.94  
368     	-74.41  
368.4   	-76.92  
368.8   	-78.38  
369.2   	-79.27  
369.6   	-79.83  
370     	-80.2   
370.4   	-80.45  
370.8   	-80.63  
371.2   	-80.74  
371.6   	-80.81  
372     	-80.85  
372.4   	-80.88  
372.8   	-80.88  
373.2   	-80.88  
373.6   	-80.88  
374     	-80.86  
374.4   	-80.83  
374.8   	-80.79  
375.2   	-80.74  
375.6   	-80.67  
376     	-80.59  
376.4   	-80.5   
376.8   	-80.38  
377.2   	-80.06  
377.6   	-79.24  
378     	-76.5   
378.4   	-65.64  
378.8   	-23.06  
379.2   	43.67   
379.6   	34.26   
380     	17.74   
380.4   	-0.165  
380.8   	-17.9   
381.2   	-36.75  
381.6   	-53.96  
382     	-65.41  
382.4   	-71.88  
382.8   	-75.47  
383.2   	-77.51  
383.6   	-78.71  
384     	-79.45  
384.4   	-79.91  
384.8   	-80.21  
385.2   	-80.41  
385.6   	-80.55  
386     	-80.64  
386.4   	-80.7   
386.8   	-80.74  
387.2   	-80.76  
387.6   	-80.77  
388     	-80.77  
388.4   	-80.76  
388.8   	-80.73  
389.2   	-80.7   
389.6   	-80.67  
390     	-80.61  
390.4   	-80.56  
390.8   	-80.49  
391.2   	-80.41  
391.6   	-80.29  
392     	-80.01  
392.4   	-79.26  
392.8   	-76.8   
393.2   	-67.02  
393.6   	-29.13  
394     	43.54   
394.4   	35.28   
394.8   	19.01   
395.2   	1.108   
395.6   	-16.59  
396     	-35.37  
396.4   	-52.87  
396.8   	-64.76  
397.2   	-71.52  
397.6   	-75.27  
398     	-77.4   
398.4   	-78.64  
398.8   	-79.4   
399.2   	-79.87  
399.6   	-80.18  
400     	-80.39  
400.4   	-80.53  
400.8   	-80.63  
401.2   	-80.69  
401.6   	-80.73  
402     	-80.75  
402.4   	-80.75  
402.8   	-80.75  
403.2   	-80.73  
403.6   	-80.7   
404     	-80.67  
404.4   	-80.62  
404.8   	-80.56  
405.2   	-80.5   
405.6   	-80.43  
406     	-80.27  
406.4   	-79.81  
406.8   	-78.55  
407.2   	-73.74  
407.6   	-54.84  
408     	28.52   
408.4   	41.55   
408.8   	27.97   
409.2   	10.51   
409.6   	-7.274  
410     	-25.37  
410.4   	-44.13  
410.8   	-59.29  
411.2   	-68.46  
411.6   	-73.56  
412     	-76.4   
412.4   	-78.02  
412.8   	-78.98  
413.2   	-79.57  
413.6   	-79.93  
414     	-80.17  
414.4   	-80.31  
414.8   	-80.4   
415.2   	-80.45  
415.6   	-80.46  
416     	-80.38  
416.4   	-80.06  
416.8   	-79.26  
417.2   	-76.63  
417.6   	-66.43  
418     	-27.82  
418.4   	43.13   
418.8   	34.7    
419.2   	18.41   
419.6   	0.5338  
420     	-17.17  
420.4   	-35.95  
420.8   	-53.29  
421.2   	-64.99  
421.6   	-71.63  
422     	-75.32  
422.4   	-77.41  
422.8   	-78.63  
423.2   	-79.37  
423.6   	-79.84  
424     	-80.15  
424.4   	-80.35  
424.8   	-80.48  
425.2   	-80.56  
425.6   	-80.61  
426     	-80.63  
426.4   	-80.64  
426.8   	-80.63  
427.2   	-80.62  
427.6   	-80.58  
428     	-80.54  
428.4   	-80.48  
428.8   	-80.42  
429.2   	-80.31  
429.6   	-80     
430     	-79.18  
430.4   	-76.4   
430.8   	-65.4   
431.2   	-22.21  
431.6   	43.61   
432     	34.08   
432.4   	17.54   
432.8   	-0.3677 
433.2   	-18.11  
433.6   	-36.97  
434     	-54.14  
434.4   	-65.52  
434.8   	-71.94  
435.2   	-75.51  
435.6   	-77.54  
436     	-78.73  
436.4   	-79.45  
436.8   	-79.91  
437.2   	-80.21  
437.6   	-80.41  
438     	-80.54  
438.4   	-80.62  
438.8   	-80.67  
439.2   	-80.7   
439.6   	-80.7   
440     	-80.67  
440.4   	-80.63  
440.8   	-80.53  
441.2   	-80.21  
441.6   	-79.42  
442     	-76.9   
442.4   	-67.05  
442.8   	-29.46  
443.2   	43.33   
443.6   	35.2    
444     	18.96   
444.4   	1.076   
444.8   	-16.63  
445.2   	-35.4   
445.6   	-52.88  
446     	-64.77  
446.4   	-71.53  
446.8   	-75.28  
447.2   	-77.41  
447.6   	-78.66  
448     	-79.42  
448.4   	-79.91  
448.8   	-80.22  
449.2   	-80.42  
449.6   	-80.55  
450     	-80.63  
450.4   	-80.68  
450.8   	-80.7   
451.2   	-80.7   
451.6   	-80.69  
452     	-80.67  
452.4   	-80.64  
452.8   	-80.59  
453.2   	-80.53  
453.6   	-80.47  
454     	-80.4   
454.4   	-80.26  
454.8   	-79.84  
455.2   	-78.71  
455.6   	-74.51  
456     	-57.87  
456.4   	17.83   
456.8   	42.34   
457.2   	29.52   
457.6   	12.23   
458     	-5.599  
458.4   	-23.59  
458.8   	-42.45  
459.2   	-58.17  
459.6   	-67.85  
460     	-73.26  
460.4   	-76.28  
460.8   	-78.02  
461.2   	-79.06  
461.6   	-79.72  
462     	-80.15  
462.4   	-80.44  
462.8   	-80.64  
463.2   	-80.79  
463.6   	-80.89  
464     	-80.97  
464.4   	-81.03  
464.8   	-81.07  
465.2   	-81.11  
465.6   	-81.14  
466     	-81.17  
466.4   	-81.18  
466.8   	-81.18  
467.2   	-81.18  
467.6   	-81.16  
468     	-81.12  
468.4   	-81.08  
468.8   	-81.04  
469.2   	-80.98  
469.6   	-80.92  
470     	-80.85  
470.4   	-80.79  
470.8   	-80.73  
471.2   	-80.66  
471.6   	-80.6   
472     	-80.54  
472.4   	-80.49  
472.8   	-80.43  
473.2   	-80.39  
473.6   	-80.34  
474     	-80.3   
474.4   	-80.27  
474.8   	-80.25  
475.2   	-80.22  
475.6   	-80.2   
476     	-80.17  
476.4   	-80.15  
476.8   	-80.12  
477.2   	-80.1   
477.6   	-80.07  
478     	-80.05  
478.4   	-80.03  
478.8   	-80.01  
479.2   	-79.99  
479.6   	-79.98  
480     	-79.97  
480.4   	-79.96  
480.8   	-79.95  
481.2   	-79.94  
481.6   	-79.93  
482     	-79.91  
482.4   	-79.88  
482.8   	-79.79  
483.2   	-79.46  
483.6   	-78.48  
484     	-74.83  
484.4   	-60.02  
484.8   	6.842   
485.2   	42.96   
485.6   	30.78   
486     	13.63   
486.4   	-4.231  
486.8   	-22.13  
487.2   	-41.03  
487.6   	-57.17  
488     	-67.27  
488.4   	-72.92  
488.8   	-76.06  
489.2   	-77.85  
489.6   	-78.92  
490     	-79.58  
490.4   	-80.01  
490.8   	-80.29  
491.2   	-80.47  
491.6   	-80.59  
492     	-80.67  
492.4   	-80.72  
492.8   	-80.74  
493.2   	-80.75  
493.6   	-80.75  
494     	-80.73  
494.4   	-80.71  
494.8   	-80.68  
495.2   	-80.64  
495.6   	-80.6   
496     	-80.55  
496.4   	-80.5   
496.8   	-80.44  
497.2   	-80.38  
497.6   	-80.32  
498     	-80.26  
498.4   	-80.19  
498.8   	-80.11  
499.2   	-80.02  
499.6   	-79.92  
500     	-79.81  
500.4   	-79.7   
500.8   	-79.58  
501.2   	-79.46  
501.6   	-79.35  
502     	-79.23  
502.4   	-78.97  
502.8   	-78.24  
503.2   	-75.57  
503.6   	-64.43  
504     	-18.54  
504.4   	43.7    
504.8   	33.59   
505.2   	16.91   
505.6   	-0.9936 
506     	-18.75  
506.4   	-37.62  
506.8   	-54.65  
507.2   	-65.82  
507.6   	-72.11  
508     	-75.6   
508.4   	-77.59  
508.8   	-78.76  
509.2   	-79.47  
509.6   	-79.93  
510     	-80.23  
510.4   	-80.43  
510.8   	-80.57  
511.2   	-80.67  
511.6   	-80.73  
512     	-80.78  
512.4   	-80.81  
512.8   	-80.83  
513.2   	-80.83  
513.6   	-80.83  
514     	-80.82  
514.4   	-80.79  
514.8   	-80.75  
515.2   	-80.7   
515.6   	-80.65  
516     	-80.59  
516.4   	-80.53  
516.8   	-80.46  
517.2   	-80.37  
517.6   	-80.28  
518     	-80.17  
518.4   	-79.96  
518.8   	-79.43  
519.2   	-77.82  
519.6   	-71.44  
520     	-46.6   
520.4   	39.51   
520.8   	39.29   
521.2   	24.34   
521.6   	6.599   
522     	-11.09  
522.4   	-29.48  
522.8   	-47.9   
523.2   	-61.75  
523.6   	-69.86  
524     	-74.36  
524.4   	-76.9   
524.8   	-78.37  
525.2   	-79.27  
525.6   	-79.84  
526     	-80.22  
526.4   	-80.46  
526.8   	-80.63  
527.2   	-80.72  
527.6   	-80.77  
528     	-80.79  
528.4   	-80.79  
528.8   	-80.76  
529.2   	-80.67  
529.6   	-80.4   
530     	-79.68  
530.4   	-77.5   
530.8   	-69.07  
531.2   	-37.43  
531.6   	42.5    
532     	36.82   
532.4   	21.06   
532.8   	3.209   
533.2   	-14.47  
533.6   	-33.12  
534     	-51.03  
534.4   	-63.67  
534.8   	-70.92  
535.2   	-74.95  
535.6   	-77.23  
536     	-78.56  
536.4   	-79.38  
536.8   	-79.9   
537.2   	-80.23  
537.6   	-80.46  
538     	-80.61  
538.4   	-80.72  
538.8   	-80.79  
539.2   	-80.84  
539.6   	-80.87  
540     	-80.87  
540.4   	-80.86  
540.8   	-80.82  
541.2   	-80.74  
541.6   	-80.45  
542     	-79.72  
542.4   	-77.48  
542.8   	-68.79  
543.2   	-36.06  
543.6   	42.8    
544     	36.58   
544.4   	20.7    
544.8   	2.843   
545.2   	-14.83  
545.6   	-33.51  
546     	-51.35  
546.4   	-63.86  
546.8   	-71.03  
547.2   	-75.01  
547.6   	-77.26  
548     	-78.57  
548.4   	-79.36  
548.8   	-79.87  
549.2   	-80.2   
549.6   	-80.42  
550     	-80.57  
550.4   	-80.67  
550.8   	-80.74  
551.2   	-80.79  
551.6   	-80.82  
552     	-80.83  
552.4   	-80.83  
552.8   	-80.83  
553.2   	-80.82  
553.6   	-80.81  
554     	-80.78  
554.4   	-80.68  
554.8   	-80.32  
555.2   	-79.39  
555.6   	-76.21  
556     	-63.78  
556.4   	-14.06  
556.8   	43.45   
557.2   	32.9    
557.6   	16.13   
558     	-1.75   
558.4   	-19.51  
558.8   	-38.37  
559.2   	-55.18  
559.6   	-66.11  
560     	-72.27  
560.4   	-75.69  
560.8   	-77.64  
561.2   	-78.79  
561.6   	-79.5   
562     	-79.95  
562.4   	-80.25  
562.8   	-80.44  
563.2   	-80.57  
563.6   	-80.65  
564     	-80.7   
564.4   	-80.73  
564.8   	-80.74  
565.2   	-80.74  
565.6   	-80.7   
566     	-80.58  
566.4   	-80.19  
566.8   	-79.16  
567.2   	-75.54  
567.6   	-61.41  
568     	-1.657  
568.4   	42.99   
568.8   	31.42   
569.2   	14.43   
569.6   	-3.433  
570     	-21.29  
570.4   	-40.16  
570.8   	-56.51  
571.2   	-66.86  
571.6   	-72.67  
572     	-75.91  
572.4   	-77.75  
572.8   	-78.84  
573.2   	-79.51  
573.6   	-79.94  
574     	-80.22  
574.4   	-80.39  
574.8   	-80.51  
575.2   	-80.58  
575.6   	-80.61  
576     	-80.62  
576.4   	-80.61  
576.8   	-80.58  
577.2   	-80.54  
577.6   	-80.47  
578     	-80.26  
578.4   	-79.7   
578.8   	-78.1   
579.2   	-71.89  
579.6   	-48.08  
580     	38.18   
580.4   	39.57   
580.8   	24.86   
581.2   	7.167   
581.6   	-10.53  
582     	-28.89  
582.4   	-47.36  
582.8   	-61.41  
583.2   	-69.67  
583.6   	-74.26  
584     	-76.84  
584.4   	-78.34  
584.8   	-79.26  
585.2   	-79.83  
585.6   	-80.21  
586     	-80.46  
586.4   	-80.64  
586.8   	-80.76  
587.2   	-80.84  
587.6   	-80.89  
588     	-80.92  
588.4   	-80.93  
588.8   	-80.87  
589.2   	-80.58  
589.6   	-79.84  
590     	-77.6   
590.4   	-69.02  
590.8   	-37.03  
591.2   	42.55   
591.6   	36.72   
592     	20.93   
592.4   	3.085   
592.8   	-14.59  
593.2   	-33.25  
593.6   	-51.13  
594     	-63.72  
594.4   	-70.94  
594.8   	-74.96  
595.2   	-77.22  
595.6   	-78.55  
596     	-79.35  
596.4   	-79.86  
596.8   	-80.19  
597.2   	-80.41  
597.6   	-80.55  
598     	-80.65  
598.4   	-80.71  
598.8   	-80.75  
599.2   	-80.77  
599.6   	-80.77  
600     	-80.76  
600.4   	-80.73  
600.8   	-80.68  
601.2   	-80.64  
601.6   	-80.58  
602     	-80.52  
602.4   	-80.44  
602.8   	-80.27  
603.2   	-79.8   
603.6   	-78.51  
604     	-73.59  
604.4   	-54.3   
604.8   	29.81   
605.2   	41.39   
605.6   	27.71   
606     	10.22   
606.4   	-7.551  
606.8   	-25.67  
607.2   	-44.41  
607.6   	-59.49  
608     	-68.58  
608.4   	-73.64  
608.8   	-76.47  
609.2   	-78.08  
609.6   	-79.04  
610     	-79.63  
610.4   	-80     
610.8   	-80.24  
611.2   	-80.38  
611.6   	-80.47  
612     	-80.52  
612.4   	-80.54  
612.8   	-80.54  
613.2   	-80.53  
613.6   	-80.5   
614     	-80.47  
614.4   	-80.42  
614.8   	-80.37  
615.2   	-80.29  
615.6   	-80.09  
616     	-79.52  
616.4   	-77.83  
616.8   	-71.18  
617.2   	-45.58  
617.6   	40.02   
618     	38.94   
618.4   	23.9    
618.8   	6.144   
619.2   	-11.54  
619.6   	-29.97  
620     	-48.32  
620.4   	-62     
620.8   	-69.98  
621.2   	-74.41  
621.6   	-76.9   
622     	-78.34  
622.4   	-79.2   
622.8   	-79.74  
623.2   	-80.09  
623.6   	-80.31  
624     	-80.46  
624.4   	-80.56  
624.8   	-80.63  
625.2   	-80.66  
625.6   	-80.67  
626     	-80.67  
626.4   	-80.65  
626.8   	-80.63  
627.2   	-80.58  
627.6   	-80.52  
628     	-80.42  
628.4   	-80.16  
628.8   	-79.46  
629.2   	-77.28  
629.6   	-68.69  
630     	-35.95  
630.4   	42.88   
630.8   	36.59   
631.2   	20.7    
631.6   	2.834   
632     	-14.84  
632.4   	-33.52  
632.8   	-51.36  
633.2   	-63.87  
633.6   	-71.04  
634     	-75.01  
634.4   	-77.25  
634.8   	-78.56  
635.2   	-79.36  
635.6   	-79.87  
636     	-80.2   
636.4   	-80.41  
636.8   	-80.56  
637.2   	-80.65  
637.6   	-80.71  
638     	-80.75  
638.4   	-80.78  
638.8   	-80.79  
639.2   	-80.78  
639.6   	-80.76  
640     	-80.73  
640.4   	-80.69  
640.8   	-80.64  
641.2   	-80.57  
641.6   	-80.49  
642     	-80.39  
642.4   	-80.16  
642.8   	-79.55  
643.2   	-77.7   
643.6   	-70.41  
644     	-42.47  
644.4   	41.54   
644.8   	38.21   
645.2   	22.83   
645.6   	5.02    
646     	-12.67  
646.4   	-31.21  
646.8   	-49.43  
647.2   	-62.7   
647.6   	-70.38  
648     	-74.65  
648.4   	-77.05  
648.8   	-78.45  
649.2   	-79.3   
649.6   	-79.84  
650     	-80.19  
650.4   	-80.43  
650.8   	-80.58  
651.2   	-80.69  
651.6   	-80.76  
652     	-80.8   
652.4   	-80.78  
652.8   	-80.58  
653.2   	-80.01  
653.6   	-78.46  
654     	-72.57  
654.4   	-50.38  
654.8   	35.61   
655.2   	40.09   
655.6   	25.78   
656     	8.166   
656.4   	-9.558  
656.8   	-27.83  
657.2   	-46.39  
657.6   	-60.77  
658     	-69.28  
658.4   	-74.02  
658.8   	-76.67  
659.2   	-78.21  
659.6   	-79.13  
660     	-79.71  
660.4   	-80.09  
660.8   	-80.34  
661.2   	-80.5   
661.6   	-80.61  
662     	-80.67  
662.4   	-80.71  
662.8   	-80.72  
663.2   	-80.7   
663.6   	-80.67  
664     	-80.62  
664.4   	-80.49  
664.8   	-80.08  
665.2   	-79.02  
665.6   	-75.19  
666     	-60.22  
666.4   	5.211   
666.8   	42.79   
667.2   	30.77   
667.6   	13.66   
668     	-4.189  
668.4   	-22.09  
668.8   	-40.97  
669.2   	-57.1   
669.6   	-67.21  
670     	-72.88  
670.4   	-76.03  
670.8   	-77.83  
671.2   	-78.9   
671.6   	-79.56  
672     	-79.98  
672.4   	-80.25  
672.8   	-80.43  
673.2   	-80.55  
673.6   	-80.62  
674     	-80.66  
674.4   	-80.68  
674.8   	-80.67  
675.2   	-80.6   
675.6   	-80.35  
676     	-79.71  
676.4   	-77.86  
676.8   	-70.67  
677.2   	-43.61  
677.6   	40.78   
678     	38.31   
678.4   	23.09   
678.8   	5.311   
679.2   	-12.37  
679.6   	-30.87  
680     	-49.11  
680.4   	-62.49  
680.8   	-70.26  
681.2   	-74.57  
681.6   	-77     
682     	-78.41  
682.4   	-79.26  
682.8   	-79.79  
683.2   	-80.14  
683.6   	-80.36  
684     	-80.5   
684.4   	-80.6   
684.8   	-80.66  
685.2   	-80.69  
685.6   	-80.71  
686     	-80.72  
686.4   	-80.71  
686.8   	-80.7   
687.2   	-80.69  
687.6   	-80.66  
688     	-80.63  
688.4   	-80.57  
688.8   	-80.42  
689.2   	-79.98  
689.6   	-78.77  
690     	-74.24  
690.4   	-56.5   
690.8   	23.31   
691.2   	41.94   
691.6   	28.75   
692     	11.38   
692.4   	-6.402  
692.8   	-24.41  
693.2   	-43.19  
693.6   	-58.64  
694     	-68.08  
694.4   	-73.35  
694.8   	-76.29  
695.2   	-77.98  
695.6   	-78.98  
696     	-79.61  
696.4   	-80.01  
696.8   	-80.27  
697.2   	-80.45  
697.6   	-80.57  
698     	-80.65  
698.4   	-80.7   
698.8   	-80.73  
699.2   	-80.75  
699.6   	-80.76  
700     	-80.75  
700.4   	-80.74  
700.8   	-80.71  
701.2   	-80.62  
701.6   	-80.31  
702     	-79.52  
702.4   	-76.96  
702.8   	-66.99  
703.2   	-28.89  
703.6   	43.45   
704     	35.17   
704.4   	18.89   
704.8   	1.003   
705.2   	-16.7   
705.6   	-35.48  
706     	-52.95  
706.4   	-64.81  
706.8   	-71.54  
707.2   	-75.28  
707.6   	-77.4   
708     	-78.64  
708.4   	-79.4   
708.8   	-79.87  
709.2   	-80.17  
709.6   	-80.35  
710     	-80.46  
710.4   	-80.51  
710.8   	-80.52  
711.2   	-80.52  
711.6   	-80.49  
712     	-80.46  
712.4   	-80.41  
712.8   	-80.34  
713.2   	-80.15  
713.6   	-79.63  
714     	-78.17  
714.4   	-72.52  
714.8   	-50.63  
715.2   	35.67   
715.6   	40.31   
716     	25.99   
716.4   	8.363   
716.8   	-9.377  
717.2   	-27.65  
717.6   	-46.27  
718     	-60.72  
718.4   	-69.27  
718.8   	-74.03  
719.2   	-76.7   
719.6   	-78.24  
720     	-79.17  
720.4   	-79.75  
720.8   	-80.12  
721.2   	-80.37  
721.6   	-80.54  
722     	-80.66  
722.4   	-80.74  
722.8   	-80.78  
723.2   	-80.81  
723.6   	-80.81  
724     	-80.79  
724.4   	-80.76  
724.8   	-80.73  
725.2   	-80.68  
725.6   	-80.64  
726     	-80.58  
726.4   	-80.51  
726.8   	-80.44  
727.2   	-80.36  
727.6   	-80.23  
728     	-79.89  
728.4   	-78.98  
728.8   	-75.77  
729.2   	-62.94  
729.6   	-9.801  
730     	43.39   
730.4   	32.41   
730.8   	15.54   
731.2   	-2.333  
731.6   	-20.12  
732     	-38.99  
732.4   	-55.66  
732.8   	-66.39  
733.2   	-72.44  
733.6   	-75.8   
734     	-77.72  
734.4   	-78.86  
734.8   	-79.55  
735.2   	-79.98  
735.6   	-80.26  
736     	-80.45  
736.4   	-80.56  
736.8   	-80.64  
737.2   	-80.68  
737.6   	-80.69  
738     	-80.68  
738.4   	-80.61  
738.8   	-80.3   
739.2   	-79.54  
739.6   	-77.18  
740     	-68.03  
740.4   	-33.61  
740.8   	42.89   
741.2   	35.91   
741.6   	19.9    
742     	2.04    
742.4   	-15.63  
742.8   	-34.32  
743.2   	-51.98  
743.6   	-64.22  
744     	-71.22  
744.4   	-75.1   
744.8   	-77.3   
745.2   	-78.59  
745.6   	-79.38  
746     	-79.88  
746.4   	-80.21  
746.8   	-80.43  
747.2   	-80.58  
747.6   	-80.68  
748     	-80.75  
748.4   	-80.8   
748.8   	-80.82  
749.2   	-80.82  
749.6   	-80.81  
750     	-80.78  
750.4   	-80.74  
750.8   	-80.67  
751.2   	-80.53  
751.6   	-80.1   
752     	-78.96  
752.4   	-74.84  
752.8   	-58.68  
753.2   	13.94   
753.6   	42.5    
754     	29.94   
754.4   	12.71   
754.8   	-5.128  
755.2   	-23.08  
755.6   	-41.95  
756     	-57.81  
756.4   	-67.63  
756.8   	-73.12  
757.2   	-76.17  
757.6   	-77.93  
758     	-78.97  
758.4   	-79.62  
758.8   	-80.02  
759.2   	-80.28  
759.6   	-80.46  
760     	-80.57  
760.4   	-80.63  
760.8   	-80.67  
761.2   	-80.69  
761.6   	-80.7   
762     	-80.69  
762.4   	-80.66  
762.8   	-80.62  
763.2   	-80.57  
763.6   	-80.52  
764     	-80.47  
764.4   	-80.42  
764.8   	-80.37  
765.2   	-80.32  
765.6   	-80.27  
766     	-80.23  
766.4   	-80.18  
766.8   	-80.09  
767.2   	-79.76  
767.6   	-78.85  
768     	-75.6   
768.4   	-62.54  
768.8   	-7.68   
769.2   	43.37   
769.6   	32.2    
770     	15.28   
770.4   	-2.595  
770.8   	-20.41  
771.2   	-39.3   
771.6   	-55.9   
772     	-66.54  
772.4   	-72.53  
772.8   	-75.86  
773.2   	-77.76  
773.6   	-78.89  
774     	-79.58  
774.4   	-80.02  
774.8   	-80.31  
775.2   	-80.5   
775.6   	-80.62  
776     	-80.7   
776.4   	-80.74  
776.8   	-80.76  
777.2   	-80.76  
777.6   	-80.74  
778     	-80.7   
778.4   	-80.64  
778.8   	-80.5   
779.2   	-80.07  
779.6   	-78.93  
780     	-74.76  
780.4   	-58.47  
780.8   	14.71   
781.2   	42.41   
781.6   	29.8    
782     	12.56   
782.4   	-5.268  
782.8   	-23.23  
783.2   	-42.09  
783.6   	-57.91  
784     	-67.69  
784.4   	-73.16  
784.8   	-76.21  
785.2   	-77.96  
785.6   	-79     
786     	-79.65  
786.4   	-80.06  
786.8   	-80.34  
787.2   	-80.52  
787.6   	-80.64  
788     	-80.73  
788.4   	-80.78  
788.8   	-80.81  
789.2   	-80.82  
789.6   	-80.81  
790     	-80.76  
790.4   	-80.53  
790.8   	-79.9   
791.2   	-78.08  
791.6   	-71.08  
792     	-44.74  
792.4   	40.32   
792.8   	38.64   
793.2   	23.53   
793.6   	5.768   
794     	-11.92  
794.4   	-30.38  
794.8   	-48.68  
795.2   	-62.22  
795.6   	-70.11  
796     	-74.49  
796.4   	-76.96  
796.8   	-78.39  
797.2   	-79.27  
797.6   	-79.82  
798     	-80.18  
798.4   	-80.43  
798.8   	-80.6   
799.2   	-80.72  
799.6   	-80.81  
800     	-80.88  
800.4   	-80.93  
800.8   	-80.96  
801.2   	-80.98  
801.6   	-80.98  
802     	-80.99  
802.4   	-80.98  
802.8   	-80.97  
803.2   	-80.95  
803.6   	-80.94  
804     	-80.92  
804.4   	-80.91  
804.8   	-80.9   
805.2   	-80.89  
805.6   	-80.88  
806     	-80.88  
806.4   	-80.87  
806.8   	-80.87  
807.2   	-80.86  
807.6   	-80.84  
808     	-80.82  
808.4   	-80.73  
808.8   	-80.37  
809.2   	-79.4   
809.6   	-76.05  
810     	-62.91  
810.4   	-9      
810.8   	43.41   
811.2   	32.37   
811.6   	15.48   
812     	-2.395  
812.4   	-20.19  
812.8   	-39.07  
813.2   	-55.71  
813.6   	-66.43  
814     	-72.46  
814.4   	-75.83  
814.8   	-77.75  
815.2   	-78.89  
815.6   	-79.6   
816     	-80.07  
816.4   	-80.38  
816.8   	-80.6   
817.2   	-80.76  
817.6   	-80.87  
818     	-80.96  
818.4   	-81.02  
818.8   	-81.06  
819.2   	-81.09  
819.6   	-81.1   
820     	-81.11  
820.4   	-81.11  
820.8   	-81.1   
821.2   	-81.07  
821.6   	-81.04  
822     	-80.93  
822.4   	-80.57  
822.8   	-79.65  
823.2   	-76.61  
823.6   	-64.84  
824     	-18.86  
824.4   	43.59   
824.8   	33.6    
825.2   	16.96   
825.6   	-0.9405 
826     	-18.7   
826.4   	-37.57  
826.8   	-54.6   
827.2   	-65.79  
827.6   	-72.12  
828     	-75.64  
828.4   	-77.64  
828.8   	-78.83  
829.2   	-79.57  
829.6   	-80.04  
830     	-80.35  
830.4   	-80.56  
830.8   	-80.7   
831.2   	-80.79  
831.6   	-80.86  
832     	-80.9   
832.4   	-80.91  
832.8   	-80.92  
833.2   	-80.91  
833.6   	-80.89  
834     	-80.87  
834.4   	-80.84  
834.8   	-80.8   
835.2   	-80.74  
835.6   	-80.65  
836     	-80.38  
836.4   	-79.67  
836.8   	-77.49  
837.2   	-68.95  
837.6   	-36.57  
838     	42.86   
838.4   	36.78   
838.8   	20.93   
839.2   	3.063   
839.6   	-14.61  
840     	-33.27  
840.4   	-51.15  
840.8   	-63.74  
841.2   	-70.95  
841.6   	-74.96  
842     	-77.21  
842.4   	-78.53  
842.8   	-79.33  
843.2   	-79.83  
843.6   	-80.16  
844     	-80.37  
844.4   	-80.51  
844.8   	-80.6   
845.2   	-80.65  
845.6   	-80.67  
846     	-80.67  
846.4   	-80.65  
846.8   	-80.55  
847.2   	-80.23  
847.6   	-79.4   
848     	-76.69  
848.4   	-66.17  
848.8   	-25.92  
849.2   	43.39   
849.6   	34.53   
850     	18.14   
850.4   	0.2533  
850.8   	-17.47  
851.2   	-36.29  
851.6   	-53.59  
852     	-65.18  
852.4   	-71.76  
852.8   	-75.41  
853.2   	-77.47  
853.6   	-78.68  
854     	-79.42  
854.4   	-79.88  
854.8   	-80.19  
855.2   	-80.39  
855.6   	-80.53  
856     	-80.62  
856.4   	-80.68  
856.8   	-80.7   
857.2   	-80.71  
857.6   	-80.7   
858     	-80.67  
858.4   	-80.63  
858.8   	-80.58  
859.2   	-80.53  
859.6   	-80.48  
860     	-80.42  
860.4   	-80.36  
860.8   	-80.29  
861.2   	-80.21  
861.6   	-80.1   
862     	-79.81  
862.4   	-78.98  
862.8   	-76.12  
863.2   	-64.63  
863.6   	-18.65  
864     	43.63   
864.4   	33.58   
864.8   	16.92   
865.2   	-0.9781 
865.6   	-18.73  
866     	-37.6   
866.4   	-54.62  
866.8   	-65.79  
867.2   	-72.09  
867.6   	-75.57  
868     	-77.54  
868.4   	-78.7   
868.8   	-79.4   
869.2   	-79.84  
869.6   	-80.13  
870     	-80.31  
870.4   	-80.42  
870.8   	-80.5   
871.2   	-80.54  
871.6   	-80.55  
872     	-80.53  
872.4   	-80.49  
872.8   	-80.44  
873.2   	-80.38  
873.6   	-80.31  
874     	-80.24  
874.4   	-80.11  
874.8   	-79.73  
875.2   	-78.71  
875.6   	-74.98  
876     	-60.06  
876.4   	6.228   
876.8   	42.84   
877.2   	30.73   
877.6   	13.61   
878     	-4.251  
878.4   	-22.16  
878.8   	-41.05  
879.2   	-57.17  
879.6   	-67.27  
880     	-72.92  
880.4   	-76.06  
880.8   	-77.86  
881.2   	-78.93  
881.6   	-79.59  
882     	-80.02  
882.4   	-80.3   
882.8   	-80.5   
883.2   	-80.63  
883.6   	-80.73  
884     	-80.79  
884.4   	-80.82  
884.8   	-80.84  
885.2   	-80.84  
885.6   	-80.84  
886     	-80.84  
886.4   	-80.82  
886.8   	-80.79  
887.2   	-80.74  
887.6   	-80.67  
888     	-80.6   
888.4   	-80.51  
888.8   	-80.41  
889.2   	-80.29  
889.6   	-80.03  
890     	-79.37  
890.4   	-77.27  
890.8   	-68.92  
891.2   	-36.83  
891.6   	42.87   
892     	36.86   
892.4   	21.02   
892.8   	3.153   
893.2   	-14.53  
893.6   	-33.18  
894     	-51.09  
894.4   	-63.71  
894.8   	-70.94  
895.2   	-74.96  
895.6   	-77.23  
896     	-78.56  
896.4   	-79.37  
896.8   	-79.89  
897.2   	-80.22  
897.6   	-80.44  
898     	-80.59  
898.4   	-80.7   
898.8   	-80.76  
899.2   	-80.81  
899.6   	-80.83  
900     	-80.83  
900.4   	-80.83  
900.8   	-80.81  
901.2   	-80.79  
901.6   	-80.76  
902     	-80.73  
902.4   	-80.7   
902.8   	-80.66  
903.2   	-80.62  
903.6   	-80.59  
904     	-80.55  
904.4   	-80.52  
904.8   	-80.48  
905.2   	-80.45  
905.6   	-80.41  
906     	-80.38  
906.4   	-80.34  
906.8   	-80.3   
907.2   	-80.26  
907.6   	-80.22  
908     	-80.16  
908.4   	-80.11  
908.8   	-80.05  
909.2   	-80     
909.6   	-79.94  
910     	-79.82  
910.4   	-79.43  
910.8   	-78.3   
911.2   	-73.93  
911.6   	-56.35  
912     	23.93   
912.4   	41.99   
912.8   	28.74   
913.2   	11.34   
913.6   	-6.45   
914     	-24.47  
914.4   	-43.27  
914.8   	-58.72  
915.2   	-68.15  
915.6   	-73.41  
916     	-76.35  
916.4   	-78.04  
916.8   	-79.06  
917.2   	-79.7   
917.6   	-80.11  
918     	-80.39  
918.4   	-80.57  
918.8   	-80.69  
919.2   	-80.75  
919.6   	-80.78  
920     	-80.77  
920.4   	-80.75  
920.8   	-80.72  
921.2   	-80.68  
921.6   	-80.62  
922     	-80.55  
922.4   	-80.4   
922.8   	-79.94  
923.2   	-78.7   
923.6   	-74.02  
924     	-55.78  
924.4   	25.55   
924.8   	41.71   
925.2   	28.37   
925.6   	10.96   
926     	-6.816  
926.4   	-24.87  
926.8   	-43.63  
927.2   	-58.95  
927.6   	-68.26  
928     	-73.46  
928.4   	-76.37  
928.8   	-78.04  
929.2   	-79.04  
929.6   	-79.65  
930     	-80.04  
930.4   	-80.27  
930.8   	-80.42  
931.2   	-80.49  
931.6   	-80.53  
932     	-80.53  
932.4   	-80.52  
932.8   	-80.49  
933.2   	-80.44  
933.6   	-80.39  
934     	-80.31  
934.4   	-80.08  
934.8   	-79.48  
935.2   	-77.68  
935.6   	-70.56  
936     	-43.38  
936.4   	41.02   
936.8   	38.33   
937.2   	23.06   
937.6   	5.276   
938     	-12.41  
938.4   	-30.9   
938.8   	-49.14  
939.2   	-62.5   
939.6   	-70.25  
940     	-74.53  
940.4   	-76.94  
940.8   	-78.32  
941.2   	-79.15  
941.6   	-79.67  
942     	-79.99  
942.4   	-80.19  
942.8   	-80.32  
943.2   	-80.39  
943.6   	-80.43  
944     	-80.45  
944.4   	-80.45  
944.8   	-80.43  
945.2   	-80.4   
945.6   	-80.35  
946     	-80.31  
946.4   	-80.25  
946.8   	-80.2   
947.2   	-80.14  
947.6   	-80.08  
948     	-80     
948.4   	-79.85  
948.8   	-79.42  
949.2   	-78.16  
949.6   	-73.27  
950     	-53.78  
950.4   	30.93   
950.8   	41.28   
951.2   	27.48   
951.6   	9.966   
952     	-7.809  
952.4   	-25.96  
952.8   	-44.7   
953.2   	-59.7   
953.6   	-68.71  
954     	-73.73  
954.4   	-76.54  
954.8   	-78.16  
955.2   	-79.14  
955.6   	-79.76  
956     	-80.16  
956.4   	-80.44  
956.8   	-80.62  
957.2   	-80.75  
957.6   	-80.83  
958     	-80.88  
958.4   	-80.91  
958.8   	-80.93  
959.2   	-80.93  
959.6   	-80.92  
960     	-80.9   
960.4   	-80.87  
960.8   	-80.84  
961.2   	-80.81  
961.6   	-80.72  
962     	-80.42  
962.4   	-79.62  
962.8   	-77.04  
963.2   	-67.01  
963.6   	-28.7   
964     	43.5    
964.4   	35.17   
964.8   	18.89   
965.2   	0.9948  
965.6   	-16.71  
966     	-35.49  
966.4   	-52.95  
966.8   	-64.81  
967.2   	-71.54  
967.6   	-75.28  
968     	-77.39  
968.4   	-78.62  
968.8   	-79.36  
969.2   	-79.83  
969.6   	-80.13  
970     	-80.33  
970.4   	-80.46  
970.8   	-80.55  
971.2   	-80.6   
971.6   	-80.63  
972     	-80.64  
972.4   	-80.64  
972.8   	-80.62  
973.2   	-80.59  
973.6   	-80.54  
974     	-80.48  
974.4   	-80.42  
974.8   	-80.35  
975.2   	-80.26  
975.6   	-80.13  
976     	-79.79  
976.4   	-78.87  
976.8   	-75.61  
977.2   	-62.56  
977.6   	-7.909  
978     	43.33   
978.4   	32.19   
978.8   	15.28   
979.2   	-2.591  
979.6   	-20.4   
980     	-39.28  
980.4   	-55.87  
980.8   	-66.51  
981.2   	-72.49  
981.6   	-75.81  
982     	-77.7   
982.4   	-78.82  
982.8   	-79.5   
983.2   	-79.94  
983.6   	-80.22  
984     	-80.41  
984.4   	-80.53  
984.8   	-80.62  
985.2   	-80.67  
985.6   	-80.7   
986     	-80.71  
986.4   	-80.71  
986.8   	-80.69  
987.2   	-80.66  
987.6   	-80.62  
988     	-80.57  
988.4   	-80.51  
988.8   	-80.45  
989.2   	-80.38  
989.6   	-80.31  
990     	-80.24  
990.4   	-80.17  
990.8   	-80.09  
991.2   	-79.93  
991.6   	-79.46  
992     	-78.08  
992.4   	-72.65  
992.8   	-51.22  
993.2   	35.25   
993.6   	40.61   
994     	26.34   
994.4   	8.719   
994.8   	-9.034  
995.2   	-27.29  
995.6   	-45.94  
996     	-60.52  
996.4   	-69.17  
996.8   	-73.98  
997.2   	-76.67  
997.6   	-78.22  
998     	-79.15  
998.4   	-79.72  
998.8   	-80.09  
999.2   	-80.33  
999.6   	-80.48  
