
SWEPT_VAR_1 = 15.0    // Syn: Source PP \ NetStim \ PARAMETER \ interval (ms)

t	s.v( 0.05 )
ms	mV
0       	-64.65  
0.4     	-65.51  
0.8     	-66.35  
1.2     	-67.15  
1.6     	-67.92  
2       	-68.66  
2.4     	-69.37  
2.8     	-70.05  
3.2     	-70.69  
3.6     	-71.3   
4       	-71.86  
4.4     	-72.37  
4.8     	-72.85  
5.2     	-73.3   
5.6     	-73.71  
6       	-74.1   
6.4     	-74.45  
6.8     	-74.71  
7.2     	-74.69  
7.6     	-73.82  
8       	-68.87  
8.4     	-45.68  
8.8     	40.22   
9.2     	39.11   
9.6     	23.94   
10      	6.126   
10.4    	-11.59  
10.8    	-30.06  
11.2    	-48.51  
11.6    	-62.22  
12      	-70.15  
12.4    	-74.52  
12.8    	-76.96  
13.2    	-78.36  
13.6    	-79.2   
14      	-79.72  
14.4    	-80.05  
14.8    	-80.25  
15.2    	-80.37  
15.6    	-80.4   
16      	-80.31  
16.4    	-79.98  
16.8    	-79.23  
17.2    	-76.88  
17.6    	-67.85  
18      	-34.22  
18.4    	42.44   
18.8    	35.76   
19.2    	19.81   
19.6    	1.99    
20      	-15.65  
20.4    	-34.28  
20.8    	-51.88  
21.2    	-64.08  
21.6    	-71.07  
22      	-74.94  
22.4    	-77.11  
22.8    	-78.37  
23.2    	-79.12  
23.6    	-79.57  
24      	-79.84  
24.4    	-80     
24.8    	-80.06  
25.2    	-80.06  
25.6    	-80.01  
26      	-79.92  
26.4    	-79.8   
26.8    	-79.66  
27.2    	-79.49  
27.6    	-79.3   
28      	-79.05  
28.4    	-78.74  
28.8    	-78.37  
29.2    	-77.95  
29.6    	-77.54  
30      	-77.16  
30.4    	-76.84  
30.8    	-76.56  
31.2    	-76.31  
31.6    	-76.09  
32      	-75.88  
32.4    	-75.69  
32.8    	-75.52  
33.2    	-75.36  
33.6    	-75.21  
34      	-75.07  
34.4    	-74.93  
34.8    	-74.8   
35.2    	-74.67  
35.6    	-74.55  
36      	-74.43  
36.4    	-74.31  
36.8    	-74.19  
37.2    	-74.07  
37.6    	-73.94  
38      	-73.81  
38.4    	-73.68  
38.8    	-73.55  
39.2    	-73.42  
39.6    	-73.3   
40      	-73.18  
40.4    	-73.05  
40.8    	-72.9   
41.2    	-72.59  
41.6    	-70.88  
42      	-60.89  
42.4    	-7.32   
42.8    	43.54   
43.2    	32.09   
43.6    	15.07   
44      	-2.833  
44.4    	-20.63  
44.8    	-39.54  
45.2    	-56.13  
45.6    	-66.67  
46      	-72.53  
46.4    	-75.76  
46.8    	-77.57  
47.2    	-78.62  
47.6    	-79.24  
48      	-79.61  
48.4    	-79.82  
48.8    	-79.93  
49.2    	-79.96  
49.6    	-79.93  
50      	-79.87  
50.4    	-79.77  
50.8    	-79.65  
51.2    	-79.49  
51.6    	-79.31  
52      	-79.1   
52.4    	-78.88  
52.8    	-78.65  
53.2    	-78.41  
53.6    	-78.17  
54      	-77.93  
54.4    	-77.7   
54.8    	-77.48  
55.2    	-77.26  
55.6    	-77.05  
56      	-76.85  
56.4    	-76.65  
56.8    	-76.46  
57.2    	-76.27  
57.6    	-76.08  
58      	-75.88  
58.4    	-75.67  
58.8    	-75.45  
59.2    	-75.23  
59.6    	-75.02  
60      	-74.8   
60.4    	-74.58  
60.8    	-74.35  
61.2    	-74.09  
61.6    	-73.8   
62      	-73.3   
62.4    	-70.99  
62.8    	-58.41  
63.2    	10.44   
63.6    	42.9    
64      	30.34   
64.4    	13.08   
64.8    	-4.789  
65.2    	-22.7   
65.6    	-41.6   
66      	-57.6   
66.4    	-67.48  
66.8    	-72.95  
67.2    	-75.95  
67.6    	-77.64  
68      	-78.61  
68.4    	-79.18  
68.8    	-79.5   
69.2    	-79.67  
69.6    	-79.74  
70      	-79.75  
70.4    	-79.72  
70.8    	-79.64  
71.2    	-79.53  
71.6    	-79.38  
72      	-79.22  
72.4    	-79.04  
72.8    	-78.85  
73.2    	-78.65  
73.6    	-78.44  
74      	-78.23  
74.4    	-78.02  
74.8    	-77.81  
75.2    	-77.61  
75.6    	-77.41  
76      	-77.21  
76.4    	-77.02  
76.8    	-76.83  
77.2    	-76.64  
77.6    	-76.45  
78      	-76.26  
78.4    	-76.08  
78.8    	-75.91  
79.2    	-75.74  
79.6    	-75.58  
80      	-75.42  
80.4    	-75.26  
80.8    	-75.1   
81.2    	-74.95  
81.6    	-74.8   
82      	-74.67  
82.4    	-74.54  
82.8    	-74.42  
83.2    	-74.3   
83.6    	-74.18  
84      	-74.07  
84.4    	-73.95  
84.8    	-73.83  
85.2    	-73.71  
85.6    	-73.59  
86      	-73.48  
86.4    	-73.35  
86.8    	-73.2   
87.2    	-72.98  
87.6    	-72.07  
88      	-66.6   
88.4    	-38.97  
88.8    	42.8    
89.2    	37.38   
89.6    	21.56   
90      	3.652   
90.4    	-14.02  
90.8    	-32.64  
91.2    	-50.7   
91.6    	-63.49  
92      	-70.76  
92.4    	-74.74  
92.8    	-76.96  
93.2    	-78.22  
93.6    	-78.95  
94      	-79.38  
94.4    	-79.62  
94.8    	-79.73  
95.2    	-79.76  
95.6    	-79.72  
96      	-79.63  
96.4    	-79.51  
96.8    	-79.37  
97.2    	-79.21  
97.6    	-79.04  
98      	-78.84  
98.4    	-78.63  
98.8    	-78.39  
99.2    	-78.14  
99.6    	-77.89  
100     	-77.62  
100.4   	-77.36  
100.8   	-77.09  
101.2   	-76.83  
101.6   	-76.57  
102     	-76.32  
102.4   	-76.08  
102.8   	-75.85  
103.2   	-75.63  
103.6   	-75.42  
104     	-75.23  
104.4   	-75.05  
104.8   	-74.89  
105.2   	-74.74  
105.6   	-74.6   
106     	-74.47  
106.4   	-74.35  
106.8   	-74.24  
107.2   	-74.13  
107.6   	-74.03  
108     	-73.93  
108.4   	-73.83  
108.8   	-73.74  
109.2   	-73.66  
109.6   	-73.59  
110     	-73.53  
110.4   	-73.47  
110.8   	-73.43  
111.2   	-73.38  
111.6   	-73.31  
112     	-73.23  
112.4   	-73.14  
112.8   	-73.03  
113.2   	-72.93  
113.6   	-72.82  
114     	-72.69  
114.4   	-72.3   
114.8   	-69.87  
115.2   	-55.99  
115.6   	22.03   
116     	42.25   
116.4   	28.94   
116.8   	11.5    
117.2   	-6.321  
117.6   	-24.31  
118     	-43.17  
118.4   	-58.71  
118.8   	-68.13  
119.2   	-73.34  
119.6   	-76.21  
120     	-77.84  
120.4   	-78.78  
120.8   	-79.35  
121.2   	-79.68  
121.6   	-79.88  
122     	-79.98  
122.4   	-80.01  
122.8   	-79.98  
123.2   	-79.92  
123.6   	-79.83  
124     	-79.71  
124.4   	-79.57  
124.8   	-79.41  
125.2   	-79.25  
125.6   	-79.06  
126     	-78.87  
126.4   	-78.65  
126.8   	-78.43  
127.2   	-78.2   
127.6   	-77.96  
128     	-77.71  
128.4   	-77.46  
128.8   	-77.21  
129.2   	-76.97  
129.6   	-76.74  
130     	-76.51  
130.4   	-76.3   
130.8   	-76.08  
131.2   	-75.86  
131.6   	-75.65  
132     	-75.44  
132.4   	-75.24  
132.8   	-75.06  
133.2   	-74.89  
133.6   	-74.74  
134     	-74.6   
134.4   	-74.47  
134.8   	-74.35  
135.2   	-74.24  
135.6   	-74.14  
136     	-74.04  
136.4   	-73.95  
136.8   	-73.84  
137.2   	-73.73  
137.6   	-73.62  
138     	-73.49  
138.4   	-73.35  
138.8   	-73.14  
139.2   	-72.21  
139.6   	-66.68  
140     	-38.97  
140.4   	42.8    
140.8   	37.38   
141.2   	21.56   
141.6   	3.654   
142     	-14.02  
142.4   	-32.65  
142.8   	-50.71  
143.2   	-63.51  
143.6   	-70.79  
144     	-74.79  
144.4   	-77.01  
144.8   	-78.29  
145.2   	-79.04  
145.6   	-79.49  
146     	-79.76  
146.4   	-79.9   
146.8   	-79.97  
147.2   	-79.99  
147.6   	-79.96  
148     	-79.9   
148.4   	-79.82  
148.8   	-79.71  
149.2   	-79.59  
149.6   	-79.46  
150     	-79.31  
150.4   	-79.14  
150.8   	-78.98  
151.2   	-78.8   
151.6   	-78.63  
152     	-78.44  
152.4   	-78.25  
152.8   	-78.05  
153.2   	-77.83  
153.6   	-77.6   
154     	-77.37  
154.4   	-77.13  
154.8   	-76.89  
155.2   	-76.65  
155.6   	-76.42  
156     	-76.21  
156.4   	-76.01  
156.8   	-75.83  
157.2   	-75.67  
157.6   	-75.53  
158     	-75.41  
158.4   	-75.3   
158.8   	-75.21  
159.2   	-75.13  
159.6   	-75.06  
160     	-74.99  
160.4   	-74.92  
160.8   	-74.85  
161.2   	-74.78  
161.6   	-74.7   
162     	-74.61  
162.4   	-74.52  
162.8   	-74.43  
163.2   	-74.32  
163.6   	-74.2   
164     	-74.05  
164.4   	-73.88  
164.8   	-73.66  
165.2   	-73.38  
165.6   	-72.82  
166     	-69.94  
166.4   	-54.28  
166.8   	28.48   
167.2   	41.7    
167.6   	27.95   
168     	10.42   
168.4   	-7.368  
168.8   	-25.45  
169.2   	-44.24  
169.6   	-59.42  
170     	-68.52  
170.4   	-73.54  
170.8   	-76.31  
171.2   	-77.87  
171.6   	-78.78  
172     	-79.31  
172.4   	-79.62  
172.8   	-79.78  
173.2   	-79.84  
173.6   	-79.84  
174     	-79.79  
174.4   	-79.71  
174.8   	-79.6   
175.2   	-79.47  
175.6   	-79.33  
176     	-79.17  
176.4   	-79.01  
176.8   	-78.83  
177.2   	-78.63  
177.6   	-78.42  
178     	-78.2   
178.4   	-77.97  
178.8   	-77.74  
179.2   	-77.5   
179.6   	-77.26  
180     	-77.02  
180.4   	-76.8   
180.8   	-76.58  
181.2   	-76.38  
181.6   	-76.19  
182     	-76     
182.4   	-75.81  
182.8   	-75.62  
183.2   	-75.41  
183.6   	-75.2   
184     	-74.98  
184.4   	-74.75  
184.8   	-74.5   
185.2   	-74.23  
185.6   	-73.93  
186     	-73.58  
186.4   	-72.79  
186.8   	-68.51  
187.2   	-46.66  
187.6   	39.55   
188     	39.39   
188.4   	24.33   
188.8   	6.551   
189.2   	-11.13  
189.6   	-29.48  
190     	-47.91  
190.4   	-61.76  
190.8   	-69.79  
191.2   	-74.2   
191.6   	-76.63  
192     	-78     
192.4   	-78.77  
192.8   	-79.21  
193.2   	-79.45  
193.6   	-79.56  
194     	-79.58  
194.4   	-79.54  
194.8   	-79.46  
195.2   	-79.34  
195.6   	-79.18  
196     	-79     
196.4   	-78.79  
196.8   	-78.56  
197.2   	-78.32  
197.6   	-78.05  
198     	-77.78  
198.4   	-77.5   
198.8   	-77.21  
199.2   	-76.94  
199.6   	-76.67  
200     	-76.41  
200.4   	-76.16  
200.8   	-75.92  
201.2   	-75.69  
201.6   	-75.45  
202     	-75.21  
202.4   	-74.98  
202.8   	-74.74  
203.2   	-74.51  
203.6   	-74.27  
204     	-74.03  
204.4   	-73.73  
204.8   	-72.86  
205.2   	-67.93  
205.6   	-43.53  
206     	41.36   
206.4   	38.53   
206.8   	23.13   
207.2   	5.294   
207.6   	-12.39  
208     	-30.88  
208.4   	-49.17  
208.8   	-62.56  
209.2   	-70.26  
209.6   	-74.49  
210     	-76.83  
210.4   	-78.17  
210.8   	-78.94  
211.2   	-79.39  
211.6   	-79.64  
212     	-79.77  
212.4   	-79.81  
212.8   	-79.78  
213.2   	-79.71  
213.6   	-79.59  
214     	-79.44  
214.4   	-79.25  
214.8   	-79.04  
215.2   	-78.82  
215.6   	-78.59  
216     	-78.36  
216.4   	-78.13  
216.8   	-77.9   
217.2   	-77.67  
217.6   	-77.44  
218     	-77.21  
218.4   	-76.99  
218.8   	-76.76  
219.2   	-76.54  
219.6   	-76.33  
220     	-76.13  
220.4   	-75.94  
220.8   	-75.76  
221.2   	-75.59  
221.6   	-75.43  
222     	-75.28  
222.4   	-75.15  
222.8   	-75.02  
223.2   	-74.91  
223.6   	-74.81  
224     	-74.71  
224.4   	-74.62  
224.8   	-74.52  
225.2   	-74.43  
225.6   	-74.33  
226     	-74.22  
226.4   	-74.11  
226.8   	-73.99  
227.2   	-73.86  
227.6   	-73.74  
228     	-73.61  
228.4   	-73.47  
228.8   	-73.32  
229.2   	-73.17  
229.6   	-73     
230     	-72.81  
230.4   	-72.35  
230.8   	-69.66  
231.2   	-54.55  
231.6   	27.46   
232     	41.8    
232.4   	28.11   
232.8   	10.6    
233.2   	-7.196  
233.6   	-25.25  
234     	-44.05  
234.4   	-59.29  
234.8   	-68.43  
235.2   	-73.46  
235.6   	-76.23  
236     	-77.79  
236.4   	-78.69  
236.8   	-79.21  
237.2   	-79.5   
237.6   	-79.65  
238     	-79.71  
238.4   	-79.7   
238.8   	-79.64  
239.2   	-79.54  
239.6   	-79.4   
240     	-79.24  
240.4   	-79.07  
240.8   	-78.88  
241.2   	-78.69  
241.6   	-78.49  
242     	-78.3   
242.4   	-78.1   
242.8   	-77.88  
243.2   	-77.66  
243.6   	-77.43  
244     	-77.19  
244.4   	-76.94  
244.8   	-76.67  
245.2   	-76.4   
245.6   	-76.14  
246     	-75.89  
246.4   	-75.64  
246.8   	-75.42  
247.2   	-75.21  
247.6   	-75.01  
248     	-74.8   
248.4   	-74.57  
248.8   	-74.33  
249.2   	-74.09  
249.6   	-73.84  
250     	-73.58  
250.4   	-73.07  
250.8   	-70.46  
251.2   	-56.26  
251.6   	21.48   
252     	42.27   
252.4   	29.03   
252.8   	11.61   
253.2   	-6.204  
253.6   	-24.19  
254     	-43.03  
254.4   	-58.58  
254.8   	-68.04  
255.2   	-73.26  
255.6   	-76.14  
256     	-77.76  
256.4   	-78.69  
256.8   	-79.23  
257.2   	-79.54  
257.6   	-79.7   
258     	-79.78  
258.4   	-79.78  
258.8   	-79.72  
259.2   	-79.63  
259.6   	-79.51  
260     	-79.36  
260.4   	-79.19  
260.8   	-79     
261.2   	-78.81  
261.6   	-78.61  
262     	-78.41  
262.4   	-78.19  
262.8   	-77.97  
263.2   	-77.75  
263.6   	-77.51  
264     	-77.26  
264.4   	-76.99  
264.8   	-76.7   
265.2   	-76.4   
265.6   	-76.1   
266     	-75.82  
266.4   	-75.56  
266.8   	-75.33  
267.2   	-75.13  
267.6   	-74.96  
268     	-74.81  
268.4   	-74.67  
268.8   	-74.55  
269.2   	-74.43  
269.6   	-74.31  
270     	-74.2   
270.4   	-74.09  
270.8   	-73.97  
271.2   	-73.84  
271.6   	-73.7   
272     	-73.57  
272.4   	-73.42  
272.8   	-73.28  
273.2   	-73.13  
273.6   	-72.98  
274     	-72.77  
274.4   	-71.87  
274.8   	-66.34  
275.2   	-38.21  
275.6   	42.95   
276     	37.19   
276.4   	21.3    
276.8   	3.388   
277.2   	-14.29  
277.6   	-32.94  
278     	-50.96  
278.4   	-63.67  
278.8   	-70.88  
279.2   	-74.84  
279.6   	-77.03  
280     	-78.28  
280.4   	-79.01  
280.8   	-79.42  
281.2   	-79.66  
281.6   	-79.77  
282     	-79.81  
282.4   	-79.8   
282.8   	-79.74  
283.2   	-79.66  
283.6   	-79.55  
284     	-79.42  
284.4   	-79.27  
284.8   	-79.1   
285.2   	-78.91  
285.6   	-78.71  
286     	-78.5   
286.4   	-78.28  
286.8   	-78.05  
287.2   	-77.81  
287.6   	-77.56  
288     	-77.31  
288.4   	-77.05  
288.8   	-76.79  
289.2   	-76.52  
289.6   	-76.26  
290     	-76     
290.4   	-75.75  
290.8   	-75.52  
291.2   	-75.32  
291.6   	-75.13  
292     	-74.96  
292.4   	-74.81  
292.8   	-74.68  
293.2   	-74.56  
293.6   	-74.45  
294     	-74.36  
294.4   	-74.27  
294.8   	-74.17  
295.2   	-74.08  
295.6   	-73.99  
296     	-73.88  
296.4   	-73.77  
296.8   	-73.64  
297.2   	-73.49  
297.6   	-73.32  
298     	-73.13  
298.4   	-72.79  
298.8   	-71.19  
299.2   	-61.89  
299.6   	-13.43  
300     	43.71   
300.4   	32.8    
300.8   	15.9    
301.2   	-2.009  
301.6   	-19.76  
302     	-38.65  
302.4   	-55.46  
302.8   	-66.27  
303.2   	-72.3   
303.6   	-75.62  
304     	-77.48  
304.4   	-78.55  
304.8   	-79.18  
305.2   	-79.54  
305.6   	-79.75  
306     	-79.85  
306.4   	-79.87  
306.8   	-79.83  
307.2   	-79.74  
307.6   	-79.63  
308     	-79.49  
308.4   	-79.34  
308.8   	-79.17  
309.2   	-78.99  
309.6   	-78.8   
310     	-78.6   
310.4   	-78.37  
310.8   	-78.13  
311.2   	-77.86  
311.6   	-77.57  
312     	-77.26  
312.4   	-76.93  
312.8   	-76.6   
313.2   	-76.29  
313.6   	-76     
314     	-75.76  
314.4   	-75.54  
314.8   	-75.36  
315.2   	-75.2   
315.6   	-75.06  
316     	-74.92  
316.4   	-74.79  
316.8   	-74.68  
317.2   	-74.57  
317.6   	-74.46  
318     	-74.34  
318.4   	-74.24  
318.8   	-74.14  
319.2   	-74.04  
319.6   	-73.95  
320     	-73.86  
320.4   	-73.76  
320.8   	-73.66  
321.2   	-73.56  
321.6   	-73.45  
322     	-73.34  
322.4   	-73.21  
322.8   	-73.07  
323.2   	-72.92  
323.6   	-72.75  
324     	-72.55  
324.4   	-72.06  
324.8   	-69.04  
325.2   	-52.15  
325.6   	33.23   
326     	41.11   
326.4   	26.91   
326.8   	9.281   
327.2   	-8.488  
327.6   	-26.65  
328     	-45.38  
328.4   	-60.17  
328.8   	-68.92  
329.2   	-73.73  
329.6   	-76.37  
330     	-77.87  
330.4   	-78.73  
330.8   	-79.23  
331.2   	-79.52  
331.6   	-79.67  
332     	-79.71  
332.4   	-79.69  
332.8   	-79.62  
333.2   	-79.5   
333.6   	-79.35  
334     	-79.15  
334.4   	-78.92  
334.8   	-78.68  
335.2   	-78.41  
335.6   	-78.13  
336     	-77.84  
336.4   	-77.55  
336.8   	-77.24  
337.2   	-76.92  
337.6   	-76.59  
338     	-76.25  
338.4   	-75.91  
338.8   	-75.58  
339.2   	-75.25  
339.6   	-74.92  
340     	-74.52  
340.4   	-73.34  
340.8   	-67.14  
341.2   	-37.98  
341.6   	42.88   
342     	37.11   
342.4   	21.26   
342.8   	3.373   
343.2   	-14.29  
343.6   	-32.9   
344     	-50.87  
344.4   	-63.55  
344.8   	-70.77  
345.2   	-74.73  
345.6   	-76.94  
346     	-78.2   
346.4   	-78.93  
346.8   	-79.35  
347.2   	-79.57  
347.6   	-79.67  
348     	-79.7   
348.4   	-79.66  
348.8   	-79.56  
349.2   	-79.43  
349.6   	-79.26  
350     	-79.06  
350.4   	-78.84  
350.8   	-78.6   
351.2   	-78.36  
351.6   	-78.1   
352     	-77.85  
352.4   	-77.61  
352.8   	-77.37  
353.2   	-77.15  
353.6   	-76.93  
354     	-76.71  
354.4   	-76.5   
354.8   	-76.3   
355.2   	-76.11  
355.6   	-75.93  
356     	-75.75  
356.4   	-75.57  
356.8   	-75.4   
357.2   	-75.22  
357.6   	-75.05  
358     	-74.87  
358.4   	-74.69  
358.8   	-74.51  
359.2   	-74.34  
359.6   	-74.17  
360     	-74.02  
360.4   	-73.88  
360.8   	-73.76  
361.2   	-73.65  
361.6   	-73.54  
362     	-73.45  
362.4   	-73.35  
362.8   	-73.25  
363.2   	-73.15  
363.6   	-73.03  
364     	-72.63  
364.4   	-70.17  
364.8   	-56.38  
365.2   	20.57   
365.6   	42.36   
366     	29.15   
366.4   	11.74   
366.8   	-6.09   
367.2   	-24.07  
367.6   	-42.93  
368     	-58.54  
368.4   	-68.02  
368.8   	-73.25  
369.2   	-76.12  
369.6   	-77.74  
370     	-78.67  
370.4   	-79.21  
370.8   	-79.53  
371.2   	-79.7   
371.6   	-79.77  
372     	-79.77  
372.4   	-79.72  
372.8   	-79.62  
373.2   	-79.5   
373.6   	-79.35  
374     	-79.18  
374.4   	-79     
374.8   	-78.81  
375.2   	-78.61  
375.6   	-78.4   
376     	-78.17  
376.4   	-77.92  
376.8   	-77.67  
377.2   	-77.41  
377.6   	-77.16  
378     	-76.9   
378.4   	-76.65  
378.8   	-76.4   
379.2   	-76.16  
379.6   	-75.92  
380     	-75.7   
380.4   	-75.49  
380.8   	-75.29  
381.2   	-75.11  
381.6   	-74.93  
382     	-74.77  
382.4   	-74.61  
382.8   	-74.47  
383.2   	-74.34  
383.6   	-74.22  
384     	-74.11  
384.4   	-74.01  
384.8   	-73.92  
385.2   	-73.83  
385.6   	-73.75  
386     	-73.68  
386.4   	-73.6   
386.8   	-73.52  
387.2   	-73.43  
387.6   	-73.34  
388     	-73.24  
388.4   	-73.15  
388.8   	-73.07  
389.2   	-72.99  
389.6   	-72.92  
390     	-72.85  
390.4   	-72.77  
390.8   	-72.7   
391.2   	-72.62  
391.6   	-72.44  
392     	-71.4   
392.4   	-64.87  
392.8   	-31.48  
393.2   	43.69   
393.6   	35.67   
394     	19.36   
394.4   	1.424   
394.8   	-16.26  
395.2   	-35.02  
395.6   	-52.66  
396     	-64.67  
396.4   	-71.43  
396.8   	-75.15  
397.2   	-77.22  
397.6   	-78.42  
398     	-79.12  
398.4   	-79.52  
398.8   	-79.75  
399.2   	-79.86  
399.6   	-79.88  
400     	-79.86  
400.4   	-79.78  
400.8   	-79.68  
401.2   	-79.54  
401.6   	-79.39  
402     	-79.23  
402.4   	-79.05  
402.8   	-78.85  
403.2   	-78.63  
403.6   	-78.4   
404     	-78.15  
404.4   	-77.89  
404.8   	-77.63  
405.2   	-77.34  
405.6   	-77.04  
406     	-76.74  
406.4   	-76.45  
406.8   	-76.18  
407.2   	-75.93  
407.6   	-75.71  
408     	-75.5   
408.4   	-75.31  
408.8   	-75.12  
409.2   	-74.95  
409.6   	-74.78  
410     	-74.61  
410.4   	-74.44  
410.8   	-74.29  
411.2   	-74.13  
411.6   	-73.99  
412     	-73.85  
412.4   	-73.72  
412.8   	-73.59  
413.2   	-73.46  
413.6   	-73.33  
414     	-73.18  
414.4   	-72.69  
414.8   	-69.76  
415.2   	-53.77  
415.6   	29.82   
416     	41.56   
416.4   	27.7    
416.8   	10.14   
417.2   	-7.644  
417.6   	-25.74  
418     	-44.51  
418.4   	-59.59  
418.8   	-68.6   
419.2   	-73.56  
419.6   	-76.29  
420     	-77.82  
420.4   	-78.7   
420.8   	-79.21  
421.2   	-79.5   
421.6   	-79.65  
422     	-79.7   
422.4   	-79.7   
422.8   	-79.65  
423.2   	-79.57  
423.6   	-79.45  
424     	-79.29  
424.4   	-79.12  
424.8   	-78.93  
425.2   	-78.74  
425.6   	-78.54  
426     	-78.35  
426.4   	-78.15  
426.8   	-77.96  
427.2   	-77.77  
427.6   	-77.58  
428     	-77.38  
428.4   	-77.18  
428.8   	-76.96  
429.2   	-76.74  
429.6   	-76.52  
430     	-76.29  
430.4   	-76.06  
430.8   	-75.84  
431.2   	-75.62  
431.6   	-75.41  
432     	-75.21  
432.4   	-75.02  
432.8   	-74.83  
433.2   	-74.64  
433.6   	-74.46  
434     	-74.28  
434.4   	-74.1   
434.8   	-73.92  
435.2   	-73.73  
435.6   	-73.53  
436     	-73.31  
436.4   	-72.86  
436.8   	-70.44  
437.2   	-56.96  
437.6   	18.07   
438     	42.52   
438.4   	29.48   
438.8   	12.11   
439.2   	-5.735  
439.6   	-23.7   
440     	-42.59  
440.4   	-58.32  
440.8   	-67.91  
441.2   	-73.22  
441.6   	-76.14  
442     	-77.78  
442.4   	-78.74  
442.8   	-79.3   
443.2   	-79.62  
443.6   	-79.8   
444     	-79.87  
444.4   	-79.88  
444.8   	-79.83  
445.2   	-79.74  
445.6   	-79.62  
446     	-79.47  
446.4   	-79.28  
446.8   	-79.08  
447.2   	-78.86  
447.6   	-78.63  
448     	-78.39  
448.4   	-78.16  
448.8   	-77.95  
449.2   	-77.74  
449.6   	-77.55  
450     	-77.37  
450.4   	-77.18  
450.8   	-77     
451.2   	-76.83  
451.6   	-76.66  
452     	-76.5   
452.4   	-76.33  
452.8   	-76.17  
453.2   	-76.01  
453.6   	-75.85  
454     	-75.68  
454.4   	-75.51  
454.8   	-75.32  
455.2   	-75.13  
455.6   	-74.93  
456     	-74.72  
456.4   	-74.51  
456.8   	-74.3   
457.2   	-74.1   
457.6   	-73.91  
458     	-73.73  
458.4   	-73.54  
458.8   	-73.08  
459.2   	-70.53  
459.6   	-56.59  
460     	20.05   
460.4   	42.38   
460.8   	29.23   
461.2   	11.83   
461.6   	-5.996  
462     	-23.97  
462.4   	-42.83  
462.8   	-58.45  
463.2   	-67.97  
463.6   	-73.23  
464     	-76.12  
464.4   	-77.75  
464.8   	-78.7   
465.2   	-79.25  
465.6   	-79.58  
466     	-79.77  
466.4   	-79.87  
466.8   	-79.9   
467.2   	-79.88  
467.6   	-79.83  
468     	-79.74  
468.4   	-79.61  
468.8   	-79.46  
469.2   	-79.28  
469.6   	-79.09  
470     	-78.87  
470.4   	-78.64  
470.8   	-78.4   
471.2   	-78.15  
471.6   	-77.9   
472     	-77.65  
472.4   	-77.41  
472.8   	-77.18  
473.2   	-76.95  
473.6   	-76.73  
474     	-76.53  
474.4   	-76.34  
474.8   	-76.16  
475.2   	-76     
475.6   	-75.86  
476     	-75.72  
476.4   	-75.59  
476.8   	-75.47  
477.2   	-75.35  
477.6   	-75.23  
478     	-75.11  
478.4   	-75     
478.8   	-74.9   
479.2   	-74.8   
479.6   	-74.71  
480     	-74.63  
480.4   	-74.56  
480.8   	-74.49  
481.2   	-74.44  
481.6   	-74.39  
482     	-74.35  
482.4   	-74.31  
482.8   	-74.28  
483.2   	-74.26  
483.6   	-74.23  
484     	-74.2   
484.4   	-74.17  
484.8   	-74.14  
485.2   	-74.1   
485.6   	-74.06  
486     	-74.02  
486.4   	-73.97  
486.8   	-73.9   
487.2   	-73.83  
487.6   	-73.75  
488     	-73.67  
488.4   	-73.58  
488.8   	-73.51  
489.2   	-73.44  
489.6   	-73.38  
490     	-73.33  
490.4   	-73.27  
490.8   	-73.22  
491.2   	-73.16  
491.6   	-73.08  
492     	-72.88  
492.4   	-71.62  
492.8   	-64.05  
493.2   	-26.07  
493.6   	43.89   
494     	34.7    
494.4   	18.17   
494.8   	0.2239  
495.2   	-17.49  
495.6   	-36.34  
496     	-53.73  
496.4   	-65.31  
496.8   	-71.81  
497.2   	-75.38  
497.6   	-77.37  
498     	-78.52  
498.4   	-79.19  
498.8   	-79.57  
499.2   	-79.8   
499.6   	-79.91  
500     	-79.94  
500.4   	-79.92  
500.8   	-79.85  
501.2   	-79.74  
501.6   	-79.6   
502     	-79.44  
502.4   	-79.25  
502.8   	-79.02  
503.2   	-78.75  
503.6   	-78.43  
504     	-78.06  
504.4   	-77.64  
504.8   	-77.22  
505.2   	-76.81  
505.6   	-76.45  
506     	-76.12  
506.4   	-75.82  
506.8   	-75.53  
507.2   	-74.92  
507.6   	-72.1   
508     	-58.21  
508.4   	13.32   
508.8   	42.69   
509.2   	30.02   
509.6   	12.75   
510     	-5.095  
510.4   	-23.01  
510.8   	-41.88  
511.2   	-57.76  
511.6   	-67.56  
512     	-72.99  
512.4   	-75.99  
512.8   	-77.67  
513.2   	-78.64  
513.6   	-79.2   
514     	-79.53  
514.4   	-79.71  
514.8   	-79.79  
515.2   	-79.8   
515.6   	-79.75  
516     	-79.67  
516.4   	-79.55  
516.8   	-79.41  
517.2   	-79.26  
517.6   	-79.08  
518     	-78.89  
518.4   	-78.68  
518.8   	-78.48  
519.2   	-78.27  
519.6   	-78.07  
520     	-77.86  
520.4   	-77.66  
520.8   	-77.46  
521.2   	-77.26  
521.6   	-77.06  
522     	-76.86  
522.4   	-76.66  
522.8   	-76.46  
523.2   	-76.26  
523.6   	-76.06  
524     	-75.87  
524.4   	-75.68  
524.8   	-75.49  
525.2   	-75.32  
525.6   	-75.16  
526     	-75.01  
526.4   	-74.87  
526.8   	-74.75  
527.2   	-74.63  
527.6   	-74.52  
528     	-74.41  
528.4   	-74.31  
528.8   	-74.22  
529.2   	-74.13  
529.6   	-74.06  
530     	-73.98  
530.4   	-73.91  
530.8   	-73.85  
531.2   	-73.79  
531.6   	-73.74  
532     	-73.7   
532.4   	-73.66  
532.8   	-73.62  
533.2   	-73.57  
533.6   	-73.52  
534     	-73.45  
534.4   	-73.37  
534.8   	-73.29  
535.2   	-73.22  
535.6   	-73.16  
536     	-73.11  
536.4   	-73.07  
536.8   	-73.05  
537.2   	-73.02  
537.6   	-73     
538     	-72.97  
538.4   	-72.94  
538.8   	-72.91  
539.2   	-72.87  
539.6   	-72.84  
540     	-72.8   
540.4   	-72.77  
540.8   	-72.74  
541.2   	-72.69  
541.6   	-72.51  
542     	-71.2   
542.4   	-63.22  
542.8   	-22.18  
543.2   	43.92   
543.6   	34.06   
544     	17.39   
544.4   	-0.5589 
544.8   	-18.29  
545.2   	-37.18  
545.6   	-54.38  
546     	-65.68  
546.4   	-72     
546.8   	-75.47  
547.2   	-77.41  
547.6   	-78.53  
548     	-79.18  
548.4   	-79.56  
548.8   	-79.78  
549.2   	-79.9   
549.6   	-79.94  
550     	-79.94  
550.4   	-79.9   
550.8   	-79.83  
551.2   	-79.73  
551.6   	-79.61  
552     	-79.47  
552.4   	-79.32  
552.8   	-79.16  
553.2   	-78.99  
553.6   	-78.8   
554     	-78.61  
554.4   	-78.41  
554.8   	-78.22  
555.2   	-78.03  
555.6   	-77.84  
556     	-77.67  
556.4   	-77.5   
556.8   	-77.34  
557.2   	-77.18  
557.6   	-77.03  
558     	-76.86  
558.4   	-76.68  
558.8   	-76.48  
559.2   	-76.26  
559.6   	-76.04  
560     	-75.8   
560.4   	-75.57  
560.8   	-75.35  
561.2   	-75.14  
561.6   	-74.95  
562     	-74.79  
562.4   	-74.64  
562.8   	-74.51  
563.2   	-74.39  
563.6   	-74.27  
564     	-74.16  
564.4   	-74.05  
564.8   	-73.94  
565.2   	-73.83  
565.6   	-73.73  
566     	-73.62  
566.4   	-73.52  
566.8   	-73.42  
567.2   	-73.32  
567.6   	-73.21  
568     	-73.11  
568.4   	-73.01  
568.8   	-72.9   
569.2   	-72.77  
569.6   	-72.49  
570     	-70.79  
570.4   	-60.8   
570.8   	-6.939  
571.2   	43.53   
571.6   	32.05   
572     	15.02   
572.4   	-2.884  
572.8   	-20.68  
573.2   	-39.59  
573.6   	-56.16  
574     	-66.69  
574.4   	-72.53  
574.8   	-75.75  
575.2   	-77.56  
575.6   	-78.6   
576     	-79.23  
576.4   	-79.6   
576.8   	-79.81  
577.2   	-79.92  
577.6   	-79.96  
578     	-79.95  
578.4   	-79.9   
578.8   	-79.82  
579.2   	-79.71  
579.6   	-79.57  
580     	-79.41  
580.4   	-79.22  
580.8   	-79.02  
581.2   	-78.79  
581.6   	-78.54  
582     	-78.27  
582.4   	-78     
582.8   	-77.72  
583.2   	-77.44  
583.6   	-77.16  
584     	-76.89  
584.4   	-76.63  
584.8   	-76.37  
585.2   	-76.13  
585.6   	-75.89  
586     	-75.67  
586.4   	-75.44  
586.8   	-75.21  
587.2   	-74.98  
587.6   	-74.75  
588     	-74.52  
588.4   	-74.3   
588.8   	-74.07  
589.2   	-73.8   
589.6   	-73.13  
590     	-69.42  
590.4   	-50.33  
590.8   	36.15   
591.2   	40.51   
591.6   	26.01   
592     	8.321   
592.4   	-9.421  
592.8   	-27.67  
593.2   	-46.31  
593.6   	-60.77  
594     	-69.26  
594.4   	-73.93  
594.8   	-76.51  
595.2   	-77.97  
595.6   	-78.81  
596     	-79.3   
596.4   	-79.58  
596.8   	-79.72  
597.2   	-79.78  
597.6   	-79.77  
598     	-79.72  
598.4   	-79.64  
598.8   	-79.54  
599.2   	-79.42  
599.6   	-79.29  
600     	-79.15  
600.4   	-79     
600.8   	-78.85  
601.2   	-78.69  
601.6   	-78.52  
602     	-78.34  
602.4   	-78.15  
602.8   	-77.96  
603.2   	-77.76  
603.6   	-77.56  
604     	-77.33  
604.4   	-77.07  
604.8   	-76.76  
605.2   	-76.37  
605.6   	-75.87  
606     	-74.74  
606.4   	-69.49  
606.8   	-45.66  
607.2   	40.18   
607.6   	39.07   
608     	23.95   
608.4   	6.167   
608.8   	-11.51  
609.2   	-29.92  
609.6   	-48.3   
610     	-62     
610.4   	-69.95  
610.8   	-74.34  
611.2   	-76.78  
611.6   	-78.17  
612     	-78.99  
612.4   	-79.48  
612.8   	-79.77  
613.2   	-79.94  
613.6   	-80.03  
614     	-80.05  
614.4   	-80.03  
614.8   	-79.97  
615.2   	-79.89  
615.6   	-79.8   
616     	-79.69  
616.4   	-79.57  
616.8   	-79.44  
617.2   	-79.3   
617.6   	-79.15  
618     	-78.99  
618.4   	-78.82  
618.8   	-78.64  
619.2   	-78.44  
619.6   	-78.23  
620     	-78.01  
620.4   	-77.76  
620.8   	-77.45  
621.2   	-77.01  
621.6   	-76.23  
622     	-73.28  
622.4   	-59.75  
622.8   	5.87    
623.2   	43      
623.6   	30.82   
624     	13.67   
624.4   	-4.195  
624.8   	-22.07  
625.2   	-40.94  
625.6   	-57.08  
626     	-67.17  
626.4   	-72.78  
626.8   	-75.88  
627.2   	-77.62  
627.6   	-78.64  
628     	-79.23  
628.4   	-79.58  
628.8   	-79.78  
629.2   	-79.89  
629.6   	-79.92  
630     	-79.91  
630.4   	-79.85  
630.8   	-79.76  
631.2   	-79.62  
631.6   	-79.46  
632     	-79.29  
632.4   	-79.1   
632.8   	-78.92  
633.2   	-78.73  
633.6   	-78.53  
634     	-78.34  
634.4   	-78.14  
634.8   	-77.93  
635.2   	-77.71  
635.6   	-77.49  
636     	-77.25  
636.4   	-77     
636.8   	-76.71  
637.2   	-76.38  
637.6   	-76     
638     	-75.54  
638.4   	-74.7   
638.8   	-70.97  
639.2   	-53.05  
639.6   	31.94   
640     	41.24   
640.4   	27.26   
640.8   	9.687   
641.2   	-8.081  
641.6   	-26.22  
642     	-44.95  
642.4   	-59.86  
642.8   	-68.75  
643.2   	-73.66  
643.6   	-76.38  
644     	-77.93  
644.4   	-78.84  
644.8   	-79.38  
645.2   	-79.71  
645.6   	-79.9   
646     	-80     
646.4   	-80.04  
646.8   	-80.03  
647.2   	-79.97  
647.6   	-79.85  
648     	-79.7   
648.4   	-79.52  
648.8   	-79.32  
649.2   	-79.11  
649.6   	-78.89  
650     	-78.64  
650.4   	-78.35  
650.8   	-77.95  
651.2   	-77.4   
651.6   	-76.27  
652     	-71.53  
652.4   	-51.06  
652.8   	35.21   
653.2   	40.55   
653.6   	26.25   
654     	8.625   
654.4   	-9.11   
654.8   	-27.33  
655.2   	-45.95  
655.6   	-60.5   
656     	-69.1   
656.4   	-73.86  
656.8   	-76.51  
657.2   	-78.02  
657.6   	-78.9   
658     	-79.44  
658.4   	-79.75  
658.8   	-79.94  
659.2   	-80.03  
659.6   	-80.06  
660     	-80.03  
660.4   	-79.96  
660.8   	-79.85  
661.2   	-79.71  
661.6   	-79.54  
662     	-79.34  
662.4   	-79.11  
662.8   	-78.81  
663.2   	-78.4   
663.6   	-77.78  
664     	-76.18  
664.4   	-69.32  
664.8   	-41.31  
665.2   	41.84   
665.6   	37.84   
666     	22.35   
666.4   	4.52    
666.8   	-13.15  
667.2   	-31.69  
667.6   	-49.81  
668     	-62.89  
668.4   	-70.42  
668.8   	-74.57  
669.2   	-76.88  
669.6   	-78.21  
670     	-78.98  
670.4   	-79.43  
670.8   	-79.69  
671.2   	-79.83  
671.6   	-79.89  
672     	-79.88  
672.4   	-79.83  
672.8   	-79.75  
673.2   	-79.64  
673.6   	-79.5   
674     	-79.34  
674.4   	-79.17  
674.8   	-78.98  
675.2   	-78.8   
675.6   	-78.61  
676     	-78.42  
676.4   	-78.23  
676.8   	-78.04  
677.2   	-77.83  
677.6   	-77.61  
678     	-77.37  
678.4   	-77.1   
678.8   	-76.82  
679.2   	-76.54  
679.6   	-76.25  
680     	-75.95  
680.4   	-75.67  
680.8   	-75.39  
681.2   	-75.12  
681.6   	-74.86  
682     	-74.61  
682.4   	-74.36  
682.8   	-74.09  
683.2   	-73.59  
683.6   	-71.1   
684     	-57.8   
684.4   	14.35   
684.8   	42.71   
685.2   	29.93   
685.6   	12.62   
686     	-5.234  
686.4   	-23.16  
686.8   	-42.04  
687.2   	-57.89  
687.6   	-67.63  
688     	-73.01  
688.4   	-75.97  
688.8   	-77.63  
689.2   	-78.58  
689.6   	-79.12  
690     	-79.42  
690.4   	-79.56  
690.8   	-79.59  
691.2   	-79.55  
691.6   	-79.46  
692     	-79.33  
692.4   	-79.17  
692.8   	-78.98  
693.2   	-78.79  
693.6   	-78.58  
694     	-78.37  
694.4   	-78.16  
694.8   	-77.94  
695.2   	-77.73  
695.6   	-77.52  
696     	-77.3   
696.4   	-77.08  
696.8   	-76.86  
697.2   	-76.61  
697.6   	-76.35  
698     	-76.07  
698.4   	-75.76  
698.8   	-75.44  
699.2   	-75.1   
699.6   	-74.74  
700     	-74.27  
700.4   	-72.67  
700.8   	-64.19  
701.2   	-23.82  
701.6   	43.84   
702     	34.33   
702.4   	17.76   
702.8   	-0.1648 
703.2   	-17.87  
703.6   	-36.69  
704     	-53.93  
704.4   	-65.35  
704.8   	-71.75  
705.2   	-75.26  
705.6   	-77.21  
706     	-78.31  
706.4   	-78.96  
706.8   	-79.33  
707.2   	-79.53  
707.6   	-79.62  
708     	-79.63  
708.4   	-79.59  
708.8   	-79.5   
709.2   	-79.34  
709.6   	-79.15  
710     	-78.92  
710.4   	-78.66  
710.8   	-78.39  
711.2   	-78.1   
711.6   	-77.82  
712     	-77.54  
712.4   	-77.27  
712.8   	-77     
713.2   	-76.74  
713.6   	-76.49  
714     	-76.24  
714.4   	-76.01  
714.8   	-75.77  
715.2   	-75.54  
715.6   	-75.3   
716     	-75.06  
716.4   	-74.82  
716.8   	-74.56  
717.2   	-74.3   
717.6   	-74.02  
718     	-73.68  
718.4   	-72.83  
718.8   	-68.18  
719.2   	-44.86  
719.6   	40.7    
720     	38.88   
720.4   	23.63   
720.8   	5.811   
721.2   	-11.86  
721.6   	-30.3   
722     	-48.65  
722.4   	-62.22  
722.8   	-70.05  
723.2   	-74.36  
723.6   	-76.74  
724     	-78.1   
724.4   	-78.88  
724.8   	-79.34  
725.2   	-79.59  
725.6   	-79.72  
726     	-79.76  
726.4   	-79.75  
726.8   	-79.7   
727.2   	-79.61  
727.6   	-79.5   
728     	-79.37  
728.4   	-79.21  
728.8   	-79.04  
729.2   	-78.86  
729.6   	-78.68  
730     	-78.49  
730.4   	-78.3   
730.8   	-78.1   
731.2   	-77.9   
731.6   	-77.69  
732     	-77.47  
732.4   	-77.26  
732.8   	-77.05  
733.2   	-76.83  
733.6   	-76.62  
734     	-76.41  
734.4   	-76.2   
734.8   	-76.01  
735.2   	-75.81  
735.6   	-75.62  
736     	-75.43  
736.4   	-75.24  
736.8   	-75.05  
737.2   	-74.89  
737.6   	-74.73  
738     	-74.59  
738.4   	-74.45  
738.8   	-74.31  
739.2   	-74.18  
739.6   	-74.05  
740     	-73.92  
740.4   	-73.79  
740.8   	-73.65  
741.2   	-73.5   
741.6   	-73.35  
742     	-73.19  
742.4   	-73.01  
742.8   	-72.54  
743.2   	-69.77  
743.6   	-54.4   
744     	28.01   
744.4   	41.75   
744.8   	28.02   
745.2   	10.5    
745.6   	-7.294  
746     	-25.37  
746.4   	-44.17  
746.8   	-59.37  
747.2   	-68.49  
747.6   	-73.52  
748     	-76.29  
748.4   	-77.85  
748.8   	-78.75  
749.2   	-79.28  
749.6   	-79.58  
750     	-79.75  
750.4   	-79.82  
750.8   	-79.83  
751.2   	-79.78  
751.6   	-79.68  
752     	-79.52  
752.4   	-79.34  
752.8   	-79.14  
753.2   	-78.92  
753.6   	-78.68  
754     	-78.42  
754.4   	-78.14  
754.8   	-77.87  
755.2   	-77.61  
755.6   	-77.36  
756     	-77.12  
756.4   	-76.89  
756.8   	-76.67  
757.2   	-76.46  
757.6   	-76.25  
758     	-76.02  
758.4   	-75.79  
758.8   	-75.55  
759.2   	-75.31  
759.6   	-75.07  
760     	-74.84  
760.4   	-74.6   
760.8   	-74.37  
761.2   	-74.14  
761.6   	-73.9   
762     	-73.67  
762.4   	-73.42  
762.8   	-72.95  
763.2   	-70.59  
763.6   	-57.44  
764     	15.62   
764.4   	42.65   
764.8   	29.77   
765.2   	12.44   
765.6   	-5.412  
766     	-23.35  
766.4   	-42.23  
766.8   	-58.04  
767.2   	-67.72  
767.6   	-73.07  
768     	-76.01  
768.4   	-77.66  
768.8   	-78.61  
769.2   	-79.16  
769.6   	-79.49  
770     	-79.67  
770.4   	-79.75  
770.8   	-79.77  
771.2   	-79.75  
771.6   	-79.67  
772     	-79.56  
772.4   	-79.42  
772.8   	-79.25  
773.2   	-79.05  
773.6   	-78.82  
774     	-78.56  
774.4   	-78.26  
774.8   	-77.92  
775.2   	-77.53  
775.6   	-77.13  
776     	-76.73  
776.4   	-76.36  
776.8   	-76.03  
777.2   	-75.74  
777.6   	-75.45  
778     	-75.12  
778.4   	-74.22  
778.8   	-69.69  
779.2   	-48.19  
779.6   	38.33   
780     	39.79   
780.4   	24.99   
780.8   	7.259   
781.2   	-10.44  
781.6   	-28.74  
782     	-47.23  
782.4   	-61.3   
782.8   	-69.51  
783.2   	-74.02  
783.6   	-76.51  
784     	-77.92  
784.4   	-78.73  
784.8   	-79.19  
785.2   	-79.46  
785.6   	-79.59  
786     	-79.63  
786.4   	-79.61  
786.8   	-79.55  
787.2   	-79.46  
787.6   	-79.34  
788     	-79.21  
788.4   	-79.07  
788.8   	-78.91  
789.2   	-78.74  
789.6   	-78.56  
790     	-78.36  
790.4   	-78.15  
790.8   	-77.94  
791.2   	-77.72  
791.6   	-77.52  
792     	-77.32  
792.4   	-77.13  
792.8   	-76.95  
793.2   	-76.77  
793.6   	-76.59  
794     	-76.4   
794.4   	-76.22  
794.8   	-76.02  
795.2   	-75.83  
795.6   	-75.63  
796     	-75.43  
796.4   	-75.24  
796.8   	-75.06  
797.2   	-74.88  
797.6   	-74.71  
798     	-74.55  
798.4   	-74.38  
798.8   	-74.21  
799.2   	-74.03  
799.6   	-73.85  
800     	-73.66  
800.4   	-73.42  
800.8   	-72.58  
801.2   	-67.66  
801.6   	-42.97  
802     	41.62   
802.4   	38.4    
802.8   	22.93   
803.2   	5.079   
803.6   	-12.6   
804     	-31.12  
804.4   	-49.39  
804.8   	-62.7   
805.2   	-70.34  
805.6   	-74.53  
806     	-76.86  
806.4   	-78.18  
806.8   	-78.96  
807.2   	-79.42  
807.6   	-79.69  
808     	-79.83  
808.4   	-79.89  
808.8   	-79.9   
809.2   	-79.85  
809.6   	-79.76  
810     	-79.65  
810.4   	-79.51  
810.8   	-79.35  
811.2   	-79.17  
811.6   	-78.99  
812     	-78.8   
812.4   	-78.59  
812.8   	-78.37  
813.2   	-78.13  
813.6   	-77.88  
814     	-77.62  
814.4   	-77.34  
814.8   	-77.05  
815.2   	-76.77  
815.6   	-76.49  
816     	-76.22  
816.4   	-75.95  
816.8   	-75.7   
817.2   	-75.46  
817.6   	-75.23  
818     	-75.01  
818.4   	-74.82  
818.8   	-74.64  
819.2   	-74.48  
819.6   	-74.32  
820     	-74.17  
820.4   	-74.03  
820.8   	-73.89  
821.2   	-73.74  
821.6   	-73.53  
822     	-72.65  
822.4   	-67.44  
822.8   	-41.67  
823.2   	42.09   
823.6   	38.06   
824     	22.48   
824.4   	4.602   
824.8   	-13.08  
825.2   	-31.63  
825.6   	-49.84  
826     	-62.97  
826.4   	-70.48  
826.8   	-74.61  
827.2   	-76.89  
827.6   	-78.19  
828     	-78.94  
828.4   	-79.38  
828.8   	-79.63  
829.2   	-79.76  
829.6   	-79.81  
830     	-79.81  
830.4   	-79.77  
830.8   	-79.71  
831.2   	-79.62  
831.6   	-79.52  
832     	-79.4   
832.4   	-79.27  
832.8   	-79.13  
833.2   	-78.97  
833.6   	-78.79  
834     	-78.6   
834.4   	-78.39  
834.8   	-78.17  
835.2   	-77.94  
835.6   	-77.7   
836     	-77.44  
836.4   	-77.18  
836.8   	-76.92  
837.2   	-76.66  
837.6   	-76.41  
838     	-76.17  
838.4   	-75.94  
838.8   	-75.73  
839.2   	-75.52  
839.6   	-75.32  
840     	-75.13  
840.4   	-74.94  
840.8   	-74.76  
841.2   	-74.58  
841.6   	-74.42  
842     	-74.27  
842.4   	-74.12  
842.8   	-73.98  
843.2   	-73.84  
843.6   	-73.7   
844     	-73.56  
844.4   	-73.42  
844.8   	-73.28  
845.2   	-73.15  
845.6   	-73.01  
846     	-72.73  
846.4   	-71.19  
846.8   	-62.15  
847.2   	-15.23  
847.6   	43.77   
848     	33.04   
848.4   	16.19   
848.8   	-1.734  
849.2   	-19.48  
849.6   	-38.38  
850     	-55.27  
850.4   	-66.18  
850.8   	-72.26  
851.2   	-75.61  
851.6   	-77.5   
852     	-78.59  
852.4   	-79.24  
852.8   	-79.64  
853.2   	-79.87  
853.6   	-79.99  
854     	-80.04  
854.4   	-80.04  
854.8   	-80     
855.2   	-79.93  
855.6   	-79.82  
856     	-79.7   
856.4   	-79.55  
856.8   	-79.37  
857.2   	-79.18  
857.6   	-78.95  
858     	-78.7   
858.4   	-78.39  
858.8   	-78.04  
859.2   	-77.63  
859.6   	-77.19  
860     	-76.75  
860.4   	-76.34  
860.8   	-75.96  
861.2   	-75.46  
861.6   	-73.65  
862     	-64.74  
862.4   	-24.48  
862.8   	43.77   
863.2   	34.44   
863.6   	17.92   
864     	-0.004431
864.4   	-17.71  
864.8   	-36.53  
865.2   	-53.79  
865.6   	-65.27  
866     	-71.72  
866.4   	-75.27  
866.8   	-77.26  
867.2   	-78.4   
867.6   	-79.06  
868     	-79.44  
868.4   	-79.63  
868.8   	-79.72  
869.2   	-79.72  
869.6   	-79.68  
870     	-79.59  
870.4   	-79.48  
870.8   	-79.34  
871.2   	-79.18  
871.6   	-79     
872     	-78.82  
872.4   	-78.62  
872.8   	-78.42  
873.2   	-78.21  
873.6   	-77.99  
874     	-77.76  
874.4   	-77.51  
874.8   	-77.25  
875.2   	-76.98  
875.6   	-76.7   
876     	-76.42  
876.4   	-76.14  
876.8   	-75.86  
877.2   	-75.6   
877.6   	-75.35  
878     	-75.11  
878.4   	-74.88  
878.8   	-74.65  
879.2   	-74.42  
879.6   	-74.18  
880     	-73.93  
880.4   	-73.54  
880.8   	-71.93  
881.2   	-63.02  
881.6   	-18.74  
882     	43.82   
882.4   	33.55   
882.8   	16.81   
883.2   	-1.117  
883.6   	-18.84  
884     	-37.7   
884.4   	-54.71  
884.8   	-65.81  
885.2   	-72     
885.6   	-75.39  
886     	-77.28  
886.4   	-78.35  
886.8   	-78.98  
887.2   	-79.34  
887.6   	-79.52  
888     	-79.6   
888.4   	-79.6   
888.8   	-79.54  
889.2   	-79.44  
889.6   	-79.3   
890     	-79.13  
890.4   	-78.96  
890.8   	-78.77  
891.2   	-78.57  
891.6   	-78.36  
892     	-78.14  
892.4   	-77.91  
892.8   	-77.67  
893.2   	-77.43  
893.6   	-77.2   
894     	-76.97  
894.4   	-76.75  
894.8   	-76.53  
895.2   	-76.33  
895.6   	-76.13  
896     	-75.94  
896.4   	-75.77  
896.8   	-75.6   
897.2   	-75.44  
897.6   	-75.29  
898     	-75.15  
898.4   	-75     
898.8   	-74.86  
899.2   	-74.72  
899.6   	-74.59  
900     	-74.45  
900.4   	-74.3   
900.8   	-74.14  
901.2   	-73.99  
901.6   	-73.86  
902     	-73.72  
902.4   	-73.59  
902.8   	-73.46  
903.2   	-73.34  
903.6   	-73.21  
904     	-73.08  
904.4   	-72.92  
904.8   	-72.74  
905.2   	-72.42  
905.6   	-70.74  
906     	-60.81  
906.4   	-7.079  
906.8   	43.53   
907.2   	32.06   
907.6   	15.04   
908     	-2.867  
908.4   	-20.66  
908.8   	-39.58  
909.2   	-56.16  
909.6   	-66.68  
910     	-72.53  
910.4   	-75.74  
910.8   	-77.54  
911.2   	-78.58  
911.6   	-79.2   
912     	-79.55  
912.4   	-79.74  
912.8   	-79.83  
913.2   	-79.84  
913.6   	-79.8   
914     	-79.72  
914.4   	-79.62  
914.8   	-79.48  
915.2   	-79.32  
915.6   	-79.14  
916     	-78.93  
916.4   	-78.69  
916.8   	-78.42  
917.2   	-78.1   
917.6   	-77.72  
918     	-77.25  
918.4   	-76.6   
918.8   	-74.73  
919.2   	-66.15  
919.6   	-29.5   
920     	43.53   
920.4   	35.26   
920.8   	18.97   
921.2   	1.073   
921.6   	-16.6   
922     	-35.35  
922.4   	-52.84  
922.8   	-64.7   
923.2   	-71.42  
923.6   	-75.11  
924     	-77.18  
924.4   	-78.37  
924.8   	-79.06  
925.2   	-79.47  
925.6   	-79.7   
926     	-79.82  
926.4   	-79.86  
926.8   	-79.85  
927.2   	-79.8   
927.6   	-79.71  
928     	-79.6   
928.4   	-79.47  
928.8   	-79.31  
929.2   	-79.15  
929.6   	-78.98  
930     	-78.8   
930.4   	-78.63  
930.8   	-78.45  
931.2   	-78.27  
931.6   	-78.1   
932     	-77.92  
932.4   	-77.75  
932.8   	-77.58  
933.2   	-77.41  
933.6   	-77.26  
934     	-77.11  
934.4   	-76.97  
934.8   	-76.84  
935.2   	-76.71  
935.6   	-76.59  
936     	-76.47  
936.4   	-76.34  
936.8   	-76.2   
937.2   	-76.04  
937.6   	-75.86  
938     	-75.67  
938.4   	-75.46  
938.8   	-75.22  
939.2   	-74.93  
939.6   	-74.47  
940     	-72.98  
940.4   	-65.15  
940.8   	-28.44  
941.2   	43.77   
941.6   	35.13   
942     	18.74   
942.4   	0.8098  
942.8   	-16.88  
943.2   	-35.68  
943.6   	-53.16  
944     	-64.94  
944.4   	-71.57  
944.8   	-75.22  
945.2   	-77.26  
945.6   	-78.44  
946     	-79.13  
946.4   	-79.55  
946.8   	-79.79  
947.2   	-79.92  
947.6   	-79.99  
948     	-79.99  
948.4   	-79.94  
948.8   	-79.86  
949.2   	-79.74  
949.6   	-79.61  
950     	-79.47  
950.4   	-79.32  
950.8   	-79.15  
951.2   	-78.96  
951.6   	-78.76  
952     	-78.54  
952.4   	-78.3   
952.8   	-78.01  
953.2   	-77.63  
953.6   	-77.15  
954     	-76.35  
954.4   	-73.44  
954.8   	-60.13  
955.2   	3.536   
955.6   	43.04   
956     	31.02   
956.4   	13.9    
956.8   	-3.962  
957.2   	-21.82  
957.6   	-40.7   
958     	-56.91  
958.4   	-67.07  
958.8   	-72.73  
959.2   	-75.84  
959.6   	-77.6   
960     	-78.61  
960.4   	-79.2   
960.8   	-79.54  
961.2   	-79.71  
961.6   	-79.78  
962     	-79.78  
962.4   	-79.73  
962.8   	-79.65  
963.2   	-79.54  
963.6   	-79.4   
964     	-79.24  
964.4   	-79.06  
964.8   	-78.86  
965.2   	-78.66  
965.6   	-78.44  
966     	-78.22  
966.4   	-77.99  
966.8   	-77.75  
967.2   	-77.51  
967.6   	-77.27  
968     	-77.03  
968.4   	-76.78  
968.8   	-76.54  
969.2   	-76.3   
969.6   	-76.06  
970     	-75.82  
970.4   	-75.58  
970.8   	-75.32  
971.2   	-75.05  
971.6   	-74.77  
972     	-74.48  
972.4   	-74.17  
972.8   	-73.7   
973.2   	-71.58  
973.6   	-60.17  
974     	-0.4084 
974.4   	43.29   
974.8   	31.41   
975.2   	14.3    
975.6   	-3.585  
976     	-21.42  
976.4   	-40.32  
976.8   	-56.68  
977.2   	-66.96  
977.6   	-72.66  
978     	-75.8   
978.4   	-77.56  
978.8   	-78.58  
979.2   	-79.16  
979.6   	-79.5   
980     	-79.68  
980.4   	-79.76  
980.8   	-79.78  
981.2   	-79.75  
981.6   	-79.68  
982     	-79.58  
982.4   	-79.45  
982.8   	-79.3   
983.2   	-79.12  
983.6   	-78.91  
984     	-78.65  
984.4   	-78.33  
984.8   	-77.89  
985.2   	-77.27  
985.6   	-75.73  
986     	-68.94  
986.4   	-40.65  
986.8   	42.06   
987.2   	37.69   
987.6   	22.12   
988     	4.285   
988.4   	-13.38  
988.8   	-31.94  
989.2   	-50.03  
989.6   	-63.03  
990     	-70.51  
990.4   	-74.63  
990.8   	-76.92  
991.2   	-78.23  
991.6   	-79.01  
992     	-79.47  
992.4   	-79.74  
992.8   	-79.88  
993.2   	-79.94  
993.6   	-79.95  
994     	-79.91  
994.4   	-79.84  
994.8   	-79.74  
995.2   	-79.63  
995.6   	-79.5   
996     	-79.36  
996.4   	-79.21  
996.8   	-79.05  
997.2   	-78.89  
997.6   	-78.73  
998     	-78.56  
998.4   	-78.39  
998.8   	-78.2   
999.2   	-78     
999.6   	-77.79  
