
SWEPT_VAR_1 = 55.0    // Syn: Source PP \ NetStim \ PARAMETER \ interval (ms)

t	s.v( 0.05 )
ms	mV
0       	-64.65  
0.4     	-65.51  
0.8     	-66.35  
1.2     	-67.15  
1.6     	-67.92  
2       	-68.66  
2.4     	-69.37  
2.8     	-70.05  
3.2     	-70.7   
3.6     	-71.32  
4       	-71.9   
4.4     	-72.45  
4.8     	-72.96  
5.2     	-73.45  
5.6     	-73.9   
6       	-74.32  
6.4     	-74.71  
6.8     	-75.08  
7.2     	-75.41  
7.6     	-75.72  
8       	-76     
8.4     	-76.26  
8.8     	-76.51  
9.2     	-76.74  
9.6     	-76.96  
10      	-77.15  
10.4    	-77.33  
10.8    	-77.49  
11.2    	-77.65  
11.6    	-77.8   
12      	-77.94  
12.4    	-78.07  
12.8    	-78.19  
13.2    	-78.29  
13.6    	-78.37  
14      	-78.46  
14.4    	-78.53  
14.8    	-78.61  
15.2    	-78.67  
15.6    	-78.72  
16      	-78.77  
16.4    	-78.8   
16.8    	-78.8   
17.2    	-78.63  
17.6    	-77.97  
18      	-75.43  
18.4    	-64.71  
18.8    	-20.38  
19.2    	43.74   
19.6    	33.86   
20      	17.23   
20.4    	-0.6916 
20.8    	-18.46  
21.2    	-37.35  
21.6    	-54.49  
22      	-65.77  
22.4    	-72.13  
22.8    	-75.66  
23.2    	-77.68  
23.6    	-78.87  
24      	-79.61  
24.4    	-80.09  
24.8    	-80.41  
25.2    	-80.63  
25.6    	-80.77  
26      	-80.87  
26.4    	-80.94  
26.8    	-80.98  
27.2    	-81     
27.6    	-81.01  
28      	-81     
28.4    	-80.99  
28.8    	-80.96  
29.2    	-80.93  
29.6    	-80.89  
30      	-80.84  
30.4    	-80.78  
30.8    	-80.73  
31.2    	-80.67  
31.6    	-80.62  
32      	-80.56  
32.4    	-80.5   
32.8    	-80.43  
33.2    	-80.37  
33.6    	-80.32  
34      	-80.27  
34.4    	-80.23  
34.8    	-80.19  
35.2    	-80.16  
35.6    	-80.13  
36      	-80.1   
36.4    	-80.07  
36.8    	-80.04  
37.2    	-80.01  
37.6    	-79.95  
38      	-79.69  
38.4    	-78.9   
38.8    	-76.14  
39.2    	-65.03  
39.6    	-20.55  
40      	43.71   
40.4    	33.9    
40.8    	17.29   
41.2    	-0.6219 
41.6    	-18.38  
42      	-37.25  
42.4    	-54.38  
42.8    	-65.68  
43.2    	-72.06  
43.6    	-75.61  
44      	-77.64  
44.4    	-78.84  
44.8    	-79.59  
45.2    	-80.08  
45.6    	-80.41  
46      	-80.63  
46.4    	-80.79  
46.8    	-80.91  
47.2    	-81     
47.6    	-81.06  
48      	-81.11  
48.4    	-81.15  
48.8    	-81.19  
49.2    	-81.21  
49.6    	-81.23  
50      	-81.24  
50.4    	-81.25  
50.8    	-81.26  
51.2    	-81.27  
51.6    	-81.27  
52      	-81.26  
52.4    	-81.24  
52.8    	-81.21  
53.2    	-81.18  
53.6    	-81.14  
54      	-81.1   
54.4    	-81.05  
54.8    	-81     
55.2    	-80.95  
55.6    	-80.9   
56      	-80.86  
56.4    	-80.82  
56.8    	-80.79  
57.2    	-80.76  
57.6    	-80.73  
58      	-80.7   
58.4    	-80.68  
58.8    	-80.67  
59.2    	-80.65  
59.6    	-80.65  
60      	-80.64  
60.4    	-80.64  
60.8    	-80.64  
61.2    	-80.64  
61.6    	-80.63  
62      	-80.63  
62.4    	-80.62  
62.8    	-80.61  
63.2    	-80.61  
63.6    	-80.6   
64      	-80.6   
64.4    	-80.59  
64.8    	-80.59  
65.2    	-80.58  
65.6    	-80.57  
66      	-80.55  
66.4    	-80.53  
66.8    	-80.51  
67.2    	-80.49  
67.6    	-80.46  
68      	-80.43  
68.4    	-80.33  
68.8    	-79.94  
69.2    	-78.85  
69.6    	-74.82  
70      	-58.85  
70.4    	13.57   
70.8    	42.66   
71.2    	30.1    
71.6    	12.86   
72      	-4.99   
72.4    	-22.94  
72.8    	-41.83  
73.2    	-57.74  
73.6    	-67.61  
74      	-73.12  
74.4    	-76.2   
74.8    	-77.97  
75.2    	-79.04  
75.6    	-79.7   
76      	-80.13  
76.4    	-80.42  
76.8    	-80.62  
77.2    	-80.77  
77.6    	-80.87  
78      	-80.95  
78.4    	-81.01  
78.8    	-81.06  
79.2    	-81.09  
79.6    	-81.11  
80      	-81.1   
80.4    	-80.93  
80.8    	-80.39  
81.2    	-78.99  
81.6    	-73.8   
82      	-54.06  
82.4    	30.14   
82.8    	41.23   
83.2    	27.54   
83.6    	10.05   
84      	-7.718  
84.4    	-25.86  
84.8    	-44.6   
85.2    	-59.62  
85.6    	-68.67  
86      	-73.72  
86.4    	-76.55  
86.8    	-78.19  
87.2    	-79.18  
87.6    	-79.81  
88      	-80.22  
88.4    	-80.51  
88.8    	-80.72  
89.2    	-80.86  
89.6    	-80.97  
90      	-81.06  
90.4    	-81.12  
90.8    	-81.17  
91.2    	-81.21  
91.6    	-81.24  
92      	-81.26  
92.4    	-81.27  
92.8    	-81.28  
93.2    	-81.29  
93.6    	-81.3   
94      	-81.3   
94.4    	-81.31  
94.8    	-81.3   
95.2    	-81.29  
95.6    	-81.26  
96      	-81.23  
96.4    	-81.2   
96.8    	-81.15  
97.2    	-81.03  
97.6    	-80.62  
98      	-79.56  
98.4    	-75.9   
98.8    	-61.75  
99.2    	-2.154  
99.6    	43.22   
100     	31.66   
100.4   	14.66   
100.8   	-3.209  
101.2   	-21.06  
101.6   	-39.94  
102     	-56.36  
102.4   	-66.81  
102.8   	-72.68  
103.2   	-75.95  
103.6   	-77.82  
104     	-78.94  
104.4   	-79.63  
104.8   	-80.09  
105.2   	-80.39  
105.6   	-80.59  
106     	-80.74  
106.4   	-80.84  
106.8   	-80.92  
107.2   	-80.97  
107.6   	-81.01  
108     	-81.05  
108.4   	-81.06  
108.8   	-81.07  
109.2   	-81.05  
109.6   	-81.03  
110     	-80.99  
110.4   	-80.94  
110.8   	-80.88  
111.2   	-80.71  
111.6   	-80.22  
112     	-78.88  
112.4   	-73.9   
112.8   	-54.66  
113.2   	29.04   
113.6   	41.48   
114     	27.87   
114.4   	10.4    
114.8   	-7.378  
115.2   	-25.49  
115.6   	-44.25  
116     	-59.39  
116.4   	-68.54  
116.8   	-73.65  
117.2   	-76.51  
117.6   	-78.16  
118     	-79.16  
118.4   	-79.79  
118.8   	-80.21  
119.2   	-80.49  
119.6   	-80.69  
120     	-80.84  
120.4   	-80.95  
120.8   	-81.03  
121.2   	-81.1   
121.6   	-81.14  
122     	-81.19  
122.4   	-81.22  
122.8   	-81.25  
123.2   	-81.27  
123.6   	-81.3   
124     	-81.32  
124.4   	-81.34  
124.8   	-81.36  
125.2   	-81.37  
125.6   	-81.38  
126     	-81.37  
126.4   	-81.36  
126.8   	-81.34  
127.2   	-81.32  
127.6   	-81.3   
128     	-81.27  
128.4   	-81.24  
128.8   	-81.19  
129.2   	-81.14  
129.6   	-81.08  
130     	-81.01  
130.4   	-80.94  
130.8   	-80.86  
131.2   	-80.79  
131.6   	-80.72  
132     	-80.66  
132.4   	-80.6   
132.8   	-80.54  
133.2   	-80.49  
133.6   	-80.43  
134     	-80.38  
134.4   	-80.32  
134.8   	-80.27  
135.2   	-80.22  
135.6   	-80.17  
136     	-80.13  
136.4   	-80.1   
136.8   	-80.07  
137.2   	-80.05  
137.6   	-80.03  
138     	-80.01  
138.4   	-79.99  
138.8   	-79.96  
139.2   	-79.93  
139.6   	-79.86  
140     	-79.64  
140.4   	-78.97  
140.8   	-76.71  
141.2   	-67.55  
141.6   	-31.77  
142     	43.44   
142.4   	35.8    
142.8   	19.64   
143.2   	1.747   
143.6   	-15.94  
144     	-34.67  
144.4   	-52.31  
144.8   	-64.44  
145.2   	-71.34  
145.6   	-75.18  
146     	-77.35  
146.4   	-78.62  
146.8   	-79.39  
147.2   	-79.89  
147.6   	-80.21  
148     	-80.42  
148.4   	-80.56  
148.8   	-80.66  
149.2   	-80.73  
149.6   	-80.77  
150     	-80.79  
150.4   	-80.75  
150.8   	-80.52  
151.2   	-79.89  
151.6   	-78.05  
152     	-71.02  
152.4   	-44.68  
152.8   	40.24   
153.2   	38.56   
153.6   	23.46   
154     	5.706   
154.4   	-11.97  
154.8   	-30.44  
155.2   	-48.72  
155.6   	-62.24  
156     	-70.12  
156.4   	-74.5   
156.8   	-76.97  
157.2   	-78.4   
157.6   	-79.28  
158     	-79.83  
158.4   	-80.2   
158.8   	-80.45  
159.2   	-80.62  
159.6   	-80.74  
160     	-80.81  
160.4   	-80.84  
160.8   	-80.84  
161.2   	-80.8   
161.6   	-80.6   
162     	-80.04  
162.4   	-78.53  
162.8   	-72.83  
163.2   	-51.21  
163.6   	34.73   
164     	40.37   
164.4   	26.18   
164.8   	8.594   
165.2   	-9.142  
165.6   	-27.39  
166     	-46     
166.4   	-60.53  
166.8   	-69.16  
167.2   	-73.96  
167.6   	-76.65  
168     	-78.21  
168.4   	-79.15  
168.8   	-79.74  
169.2   	-80.13  
169.6   	-80.39  
170     	-80.57  
170.4   	-80.7   
170.8   	-80.78  
171.2   	-80.85  
171.6   	-80.89  
172     	-80.91  
172.4   	-80.92  
172.8   	-80.92  
173.2   	-80.91  
173.6   	-80.9   
174     	-80.89  
174.4   	-80.88  
174.8   	-80.87  
175.2   	-80.86  
175.6   	-80.85  
176     	-80.84  
176.4   	-80.84  
176.8   	-80.83  
177.2   	-80.82  
177.6   	-80.81  
178     	-80.78  
178.4   	-80.75  
178.8   	-80.71  
179.2   	-80.66  
179.6   	-80.61  
180     	-80.55  
180.4   	-80.48  
180.8   	-80.41  
181.2   	-80.33  
181.6   	-80.25  
182     	-80.17  
182.4   	-80.1   
182.8   	-80     
183.2   	-79.76  
183.6   	-79.1   
184     	-76.95  
184.4   	-68.25  
184.8   	-34.48  
185.2   	43.18   
185.6   	36.35   
186     	20.33   
186.4   	2.456   
186.8   	-15.21  
187.2   	-33.9   
187.6   	-51.68  
188     	-64.06  
188.4   	-71.15  
188.8   	-75.08  
189.2   	-77.31  
189.6   	-78.62  
190     	-79.43  
190.4   	-79.95  
190.8   	-80.3   
191.2   	-80.55  
191.6   	-80.72  
192     	-80.85  
192.4   	-80.94  
192.8   	-81.01  
193.2   	-81.07  
193.6   	-81.11  
194     	-81.14  
194.4   	-81.16  
194.8   	-81.18  
195.2   	-81.19  
195.6   	-81.19  
196     	-81.19  
196.4   	-81.19  
196.8   	-81.18  
197.2   	-81.17  
197.6   	-81.16  
198     	-81.14  
198.4   	-81.11  
198.8   	-81.09  
199.2   	-81.06  
199.6   	-81.04  
200     	-81.03  
200.4   	-81.01  
200.8   	-80.99  
201.2   	-80.96  
201.6   	-80.93  
202     	-80.91  
202.4   	-80.88  
202.8   	-80.85  
203.2   	-80.82  
203.6   	-80.78  
204     	-80.75  
204.4   	-80.71  
204.8   	-80.67  
205.2   	-80.64  
205.6   	-80.61  
206     	-80.59  
206.4   	-80.57  
206.8   	-80.55  
207.2   	-80.52  
207.6   	-80.49  
208     	-80.46  
208.4   	-80.42  
208.8   	-80.39  
209.2   	-80.36  
209.6   	-80.33  
210     	-80.29  
210.4   	-80.25  
210.8   	-80.18  
211.2   	-79.98  
211.6   	-79.36  
212     	-77.4   
212.4   	-69.55  
212.8   	-39.33  
213.2   	42.5    
213.6   	37.49   
214     	21.83   
214.4   	3.972   
214.8   	-13.72  
215.2   	-32.33  
215.6   	-50.4   
216     	-63.3   
216.4   	-70.73  
216.8   	-74.84  
217.2   	-77.16  
217.6   	-78.52  
218     	-79.35  
218.4   	-79.87  
218.8   	-80.22  
219.2   	-80.45  
219.6   	-80.62  
220     	-80.73  
220.4   	-80.81  
220.8   	-80.88  
221.2   	-80.92  
221.6   	-80.95  
222     	-80.98  
222.4   	-81     
222.8   	-81.02  
223.2   	-81.03  
223.6   	-81.05  
224     	-81.05  
224.4   	-81.05  
224.8   	-81.03  
225.2   	-81     
225.6   	-80.98  
226     	-80.95  
226.4   	-80.92  
226.8   	-80.89  
227.2   	-80.87  
227.6   	-80.85  
228     	-80.83  
228.4   	-80.82  
228.8   	-80.8   
229.2   	-80.78  
229.6   	-80.75  
230     	-80.69  
230.4   	-80.51  
230.8   	-79.94  
231.2   	-78.28  
231.6   	-71.86  
232     	-47.31  
232.4   	39.03   
232.8   	39.49   
233.2   	24.63   
233.6   	6.907   
234     	-10.78  
234.4   	-29.15  
234.8   	-47.59  
235.2   	-61.55  
235.6   	-69.75  
236     	-74.3   
236.4   	-76.86  
236.8   	-78.35  
237.2   	-79.25  
237.6   	-79.81  
238     	-80.18  
238.4   	-80.42  
238.8   	-80.59  
239.2   	-80.7   
239.6   	-80.77  
240     	-80.83  
240.4   	-80.86  
240.8   	-80.88  
241.2   	-80.89  
241.6   	-80.9   
242     	-80.9   
242.4   	-80.9   
242.8   	-80.9   
243.2   	-80.9   
243.6   	-80.9   
244     	-80.9   
244.4   	-80.9   
244.8   	-80.9   
245.2   	-80.9   
245.6   	-80.89  
246     	-80.88  
246.4   	-80.86  
246.8   	-80.85  
247.2   	-80.83  
247.6   	-80.82  
248     	-80.81  
248.4   	-80.8   
248.8   	-80.79  
249.2   	-80.77  
249.6   	-80.74  
250     	-80.72  
250.4   	-80.68  
250.8   	-80.65  
251.2   	-80.62  
251.6   	-80.58  
252     	-80.55  
252.4   	-80.51  
252.8   	-80.48  
253.2   	-80.45  
253.6   	-80.42  
254     	-80.39  
254.4   	-80.35  
254.8   	-80.32  
255.2   	-80.29  
255.6   	-80.27  
256     	-80.25  
256.4   	-80.23  
256.8   	-80.22  
257.2   	-80.2   
257.6   	-80.19  
258     	-80.17  
258.4   	-80.16  
258.8   	-80.15  
259.2   	-80.15  
259.6   	-80.15  
260     	-80.15  
260.4   	-80.15  
260.8   	-80.16  
261.2   	-80.16  
261.6   	-80.16  
262     	-80.16  
262.4   	-80.16  
262.8   	-80.16  
263.2   	-80.16  
263.6   	-80.17  
264     	-80.17  
264.4   	-80.17  
264.8   	-80.17  
265.2   	-80.17  
265.6   	-80.17  
266     	-80.16  
266.4   	-80.16  
266.8   	-80.16  
267.2   	-80.15  
267.6   	-80.15  
268     	-80.14  
268.4   	-80.13  
268.8   	-80.12  
269.2   	-80.1   
269.6   	-80.09  
270     	-80.07  
270.4   	-80.06  
270.8   	-80.04  
271.2   	-80.02  
271.6   	-80     
272     	-79.97  
272.4   	-79.94  
272.8   	-79.92  
273.2   	-79.9   
273.6   	-79.88  
274     	-79.88  
274.4   	-79.87  
274.8   	-79.87  
275.2   	-79.88  
275.6   	-79.88  
276     	-79.89  
276.4   	-79.89  
276.8   	-79.89  
277.2   	-79.89  
277.6   	-79.9   
278     	-79.91  
278.4   	-79.92  
278.8   	-79.94  
279.2   	-79.95  
279.6   	-79.97  
280     	-79.98  
280.4   	-79.99  
280.8   	-80     
281.2   	-80.01  
281.6   	-80.03  
282     	-80.04  
282.4   	-80.06  
282.8   	-80.09  
283.2   	-80.11  
283.6   	-80.13  
284     	-80.15  
284.4   	-80.18  
284.8   	-80.21  
285.2   	-80.23  
285.6   	-80.25  
286     	-80.27  
286.4   	-80.29  
286.8   	-80.31  
287.2   	-80.33  
287.6   	-80.36  
288     	-80.39  
288.4   	-80.42  
288.8   	-80.45  
289.2   	-80.48  
289.6   	-80.51  
290     	-80.54  
290.4   	-80.56  
290.8   	-80.58  
291.2   	-80.6   
291.6   	-80.6   
292     	-80.6   
292.4   	-80.53  
292.8   	-80.22  
293.2   	-79.34  
293.6   	-76.33  
294     	-64.47  
294.4   	-17.25  
294.8   	43.64   
295.2   	33.42   
295.6   	16.73   
296     	-1.172  
296.4   	-18.93  
296.8   	-37.8   
297.2   	-54.77  
297.6   	-65.88  
298     	-72.16  
298.4   	-75.64  
298.8   	-77.63  
299.2   	-78.8   
299.6   	-79.53  
300     	-80     
300.4   	-80.31  
300.8   	-80.52  
301.2   	-80.65  
301.6   	-80.73  
302     	-80.78  
302.4   	-80.81  
302.8   	-80.82  
303.2   	-80.81  
303.6   	-80.79  
304     	-80.76  
304.4   	-80.72  
304.8   	-80.68  
305.2   	-80.63  
305.6   	-80.58  
306     	-80.51  
306.4   	-80.39  
306.8   	-80.01  
307.2   	-79     
307.6   	-75.37  
308     	-60.98  
308.4   	1.441   
308.8   	43.06   
309.2   	31.26   
309.6   	14.2    
310     	-3.668  
310.4   	-21.54  
310.8   	-40.43  
311.2   	-56.73  
311.6   	-67.01  
312     	-72.78  
312.4   	-75.99  
312.8   	-77.83  
313.2   	-78.93  
313.6   	-79.61  
314     	-80.05  
314.4   	-80.35  
314.8   	-80.56  
315.2   	-80.71  
315.6   	-80.82  
316     	-80.89  
316.4   	-80.94  
316.8   	-80.96  
317.2   	-80.98  
317.6   	-80.98  
318     	-80.96  
318.4   	-80.92  
318.8   	-80.87  
319.2   	-80.8   
319.6   	-80.73  
320     	-80.66  
320.4   	-80.58  
320.8   	-80.49  
321.2   	-80.41  
321.6   	-80.32  
322     	-80.23  
322.4   	-80.14  
322.8   	-80.05  
323.2   	-79.95  
323.6   	-79.86  
324     	-79.78  
324.4   	-79.7   
324.8   	-79.62  
325.2   	-79.55  
325.6   	-79.49  
326     	-79.42  
326.4   	-79.36  
326.8   	-79.31  
327.2   	-79.26  
327.6   	-79.23  
328     	-79.2   
328.4   	-79.18  
328.8   	-79.18  
329.2   	-79.17  
329.6   	-79.17  
330     	-79.18  
330.4   	-79.18  
330.8   	-79.2   
331.2   	-79.21  
331.6   	-79.23  
332     	-79.26  
332.4   	-79.29  
332.8   	-79.33  
333.2   	-79.37  
333.6   	-79.41  
334     	-79.46  
334.4   	-79.5   
334.8   	-79.55  
335.2   	-79.59  
335.6   	-79.64  
336     	-79.69  
336.4   	-79.73  
336.8   	-79.77  
337.2   	-79.8   
337.6   	-79.83  
338     	-79.86  
338.4   	-79.89  
338.8   	-79.91  
339.2   	-79.93  
339.6   	-79.95  
340     	-79.96  
340.4   	-79.98  
340.8   	-79.99  
341.2   	-80     
341.6   	-80.01  
342     	-80     
342.4   	-79.99  
342.8   	-79.96  
343.2   	-79.93  
343.6   	-79.9   
344     	-79.85  
344.4   	-79.71  
344.8   	-79.24  
345.2   	-77.81  
345.6   	-72.02  
346     	-49.15  
346.4   	37.59   
346.8   	40.05   
347.2   	25.43   
347.6   	7.748   
348     	-9.976  
348.4   	-28.29  
348.8   	-46.85  
349.2   	-61.11  
349.6   	-69.5   
350     	-74.17  
350.4   	-76.78  
350.8   	-78.3   
351.2   	-79.22  
351.6   	-79.8   
352     	-80.17  
352.4   	-80.43  
352.8   	-80.6   
353.2   	-80.72  
353.6   	-80.8   
354     	-80.85  
354.4   	-80.89  
354.8   	-80.91  
355.2   	-80.92  
355.6   	-80.92  
356     	-80.92  
356.4   	-80.91  
356.8   	-80.88  
357.2   	-80.85  
357.6   	-80.79  
358     	-80.72  
358.4   	-80.65  
358.8   	-80.57  
359.2   	-80.49  
359.6   	-80.41  
360     	-80.34  
360.4   	-80.26  
360.8   	-80.19  
361.2   	-80.11  
361.6   	-79.98  
362     	-79.57  
362.4   	-78.39  
362.8   	-73.86  
363.2   	-55.79  
363.6   	25.84   
364     	41.84   
364.4   	28.45   
364.8   	11.03   
365.2   	-6.762  
365.6   	-24.82  
366     	-43.61  
366.4   	-58.96  
366.8   	-68.3   
367.2   	-73.51  
367.6   	-76.43  
368     	-78.11  
368.4   	-79.12  
368.8   	-79.75  
369.2   	-80.16  
369.6   	-80.44  
370     	-80.63  
370.4   	-80.76  
370.8   	-80.86  
371.2   	-80.93  
371.6   	-80.98  
372     	-81.02  
372.4   	-81.04  
372.8   	-81.05  
373.2   	-81.04  
373.6   	-81.02  
374     	-81     
374.4   	-80.96  
374.8   	-80.92  
375.2   	-80.86  
375.6   	-80.79  
376     	-80.71  
376.4   	-80.64  
376.8   	-80.56  
377.2   	-80.49  
377.6   	-80.42  
378     	-80.35  
378.4   	-80.29  
378.8   	-80.24  
379.2   	-80.18  
379.6   	-80.13  
380     	-80.08  
380.4   	-80.03  
380.8   	-79.98  
381.2   	-79.92  
381.6   	-79.87  
382     	-79.82  
382.4   	-79.78  
382.8   	-79.75  
383.2   	-79.72  
383.6   	-79.7   
384     	-79.68  
384.4   	-79.66  
384.8   	-79.65  
385.2   	-79.63  
385.6   	-79.62  
386     	-79.61  
386.4   	-79.61  
386.8   	-79.6   
387.2   	-79.58  
387.6   	-79.56  
388     	-79.55  
388.4   	-79.53  
388.8   	-79.5   
389.2   	-79.46  
389.6   	-79.39  
390     	-79.11  
390.4   	-78.26  
390.8   	-75.07  
391.2   	-61.87  
391.6   	-4.463  
392     	43.33   
392.4   	31.88   
392.8   	14.9    
393.2   	-2.981  
393.6   	-20.82  
394     	-39.72  
394.4   	-56.22  
394.8   	-66.73  
395.2   	-72.63  
395.6   	-75.91  
396     	-77.79  
396.4   	-78.9   
396.8   	-79.58  
397.2   	-80.02  
397.6   	-80.32  
398     	-80.52  
398.4   	-80.65  
398.8   	-80.74  
399.2   	-80.8   
399.6   	-80.83  
400     	-80.83  
400.4   	-80.82  
400.8   	-80.8   
401.2   	-80.78  
401.6   	-80.74  
402     	-80.7   
402.4   	-80.65  
402.8   	-80.59  
403.2   	-80.52  
403.6   	-80.44  
404     	-80.36  
404.4   	-80.28  
404.8   	-80.21  
405.2   	-80.14  
405.6   	-80.07  
406     	-79.99  
406.4   	-79.89  
406.8   	-79.62  
407.2   	-78.86  
407.6   	-76.19  
408     	-65.42  
408.4   	-22.49  
408.8   	43.71   
409.2   	34.19   
409.6   	17.64   
410     	-0.2723 
410.4   	-18.02  
410.8   	-36.89  
411.2   	-54.1   
411.6   	-65.52  
412     	-71.97  
412.4   	-75.56  
412.8   	-77.61  
413.2   	-78.82  
413.6   	-79.58  
414     	-80.07  
414.4   	-80.4   
414.8   	-80.63  
415.2   	-80.8   
415.6   	-80.92  
416     	-81.02  
416.4   	-81.09  
416.8   	-81.15  
417.2   	-81.2   
417.6   	-81.23  
418     	-81.25  
418.4   	-81.26  
418.8   	-81.26  
419.2   	-81.27  
419.6   	-81.26  
420     	-81.25  
420.4   	-81.23  
420.8   	-81.21  
421.2   	-81.19  
421.6   	-81.17  
422     	-81.15  
422.4   	-81.13  
422.8   	-81.1   
423.2   	-81.07  
423.6   	-81.04  
424     	-81     
424.4   	-80.97  
424.8   	-80.92  
425.2   	-80.82  
425.6   	-80.45  
426     	-79.46  
426.4   	-76.02  
426.8   	-62.6   
427.2   	-7.178  
427.6   	43.37   
428     	32.17   
428.4   	15.26   
428.8   	-2.616  
429.2   	-20.42  
429.6   	-39.3   
430     	-55.89  
430.4   	-66.53  
430.8   	-72.52  
431.2   	-75.86  
431.6   	-77.76  
432     	-78.9   
432.4   	-79.61  
432.8   	-80.07  
433.2   	-80.38  
433.6   	-80.59  
434     	-80.74  
434.4   	-80.84  
434.8   	-80.91  
435.2   	-80.95  
435.6   	-80.98  
436     	-80.99  
436.4   	-80.98  
436.8   	-80.96  
437.2   	-80.92  
437.6   	-80.86  
438     	-80.79  
438.4   	-80.7   
438.8   	-80.6   
439.2   	-80.5   
439.6   	-80.39  
440     	-80.29  
440.4   	-80.19  
440.8   	-80.08  
441.2   	-79.98  
441.6   	-79.87  
442     	-79.7   
442.4   	-79.26  
442.8   	-77.97  
443.2   	-72.81  
443.6   	-52.23  
444     	33.84   
444.4   	40.9    
444.8   	26.8    
445.2   	9.217   
445.6   	-8.547  
446     	-26.76  
446.4   	-45.46  
446.8   	-60.2   
447.2   	-68.99  
447.6   	-73.88  
448     	-76.6   
448.4   	-78.17  
448.8   	-79.1   
449.2   	-79.69  
449.6   	-80.06  
450     	-80.31  
450.4   	-80.48  
450.8   	-80.59  
451.2   	-80.66  
451.6   	-80.67  
452     	-80.54  
452.4   	-80.08  
452.8   	-78.92  
453.2   	-74.73  
453.6   	-58.69  
454     	12.1    
454.4   	42.22   
454.8   	29.81   
455.2   	12.62   
455.6   	-5.197  
456     	-23.15  
456.4   	-42     
456.8   	-57.81  
457.2   	-67.62  
457.6   	-73.1   
458     	-76.16  
458.4   	-77.91  
458.8   	-78.94  
459.2   	-79.58  
459.6   	-79.99  
460     	-80.24  
460.4   	-80.4   
460.8   	-80.5   
461.2   	-80.55  
461.6   	-80.58  
462     	-80.58  
462.4   	-80.57  
462.8   	-80.55  
463.2   	-80.53  
463.6   	-80.5   
464     	-80.46  
464.4   	-80.42  
464.8   	-80.38  
465.2   	-80.33  
465.6   	-80.29  
466     	-80.23  
466.4   	-80.06  
466.8   	-79.55  
467.2   	-78.04  
467.6   	-72.1   
468     	-48.96  
468.4   	37.67   
468.8   	39.94   
469.2   	25.32   
469.6   	7.637   
470     	-10.08  
470.4   	-28.41  
470.8   	-46.96  
471.2   	-61.17  
471.6   	-69.54  
472     	-74.19  
472.4   	-76.8   
472.8   	-78.31  
473.2   	-79.23  
473.6   	-79.8   
474     	-80.18  
474.4   	-80.43  
474.8   	-80.6   
475.2   	-80.72  
475.6   	-80.81  
476     	-80.87  
476.4   	-80.92  
476.8   	-80.95  
477.2   	-80.96  
477.6   	-80.95  
478     	-80.93  
478.4   	-80.9   
478.8   	-80.86  
479.2   	-80.81  
479.6   	-80.76  
480     	-80.7   
480.4   	-80.65  
480.8   	-80.6   
481.2   	-80.55  
481.6   	-80.5   
482     	-80.44  
482.4   	-80.4   
482.8   	-80.35  
483.2   	-80.31  
483.6   	-80.27  
484     	-80.24  
484.4   	-80.21  
484.8   	-80.19  
485.2   	-80.17  
485.6   	-80.15  
486     	-80.13  
486.4   	-80.11  
486.8   	-80.1   
487.2   	-80.08  
487.6   	-80.06  
488     	-80.03  
488.4   	-79.98  
488.8   	-79.93  
489.2   	-79.88  
489.6   	-79.83  
490     	-79.78  
490.4   	-79.72  
490.8   	-79.67  
491.2   	-79.62  
491.6   	-79.56  
492     	-79.51  
492.4   	-79.38  
492.8   	-78.94  
493.2   	-77.6   
493.6   	-72.14  
494     	-50.21  
494.4   	36.51   
494.8   	40.36   
495.2   	25.91   
495.6   	8.247   
496     	-9.496  
496.4   	-27.78  
496.8   	-46.4   
497.2   	-60.83  
497.6   	-69.35  
498     	-74.07  
498.4   	-76.71  
498.8   	-78.24  
499.2   	-79.15  
499.6   	-79.72  
500     	-80.08  
500.4   	-80.32  
500.8   	-80.48  
501.2   	-80.58  
501.6   	-80.64  
502     	-80.68  
502.4   	-80.7   
502.8   	-80.7   
503.2   	-80.69  
503.6   	-80.67  
504     	-80.64  
504.4   	-80.6   
504.8   	-80.56  
505.2   	-80.51  
505.6   	-80.44  
506     	-80.35  
506.4   	-80.11  
506.8   	-79.43  
507.2   	-77.27  
507.6   	-68.7   
508     	-35.94  
508.4   	42.95   
508.8   	36.63   
509.2   	20.73   
509.6   	2.862   
510     	-14.82  
510.4   	-33.48  
510.8   	-51.33  
511.2   	-63.85  
511.6   	-71.01  
512     	-74.99  
512.4   	-77.24  
512.8   	-78.55  
513.2   	-79.35  
513.6   	-79.86  
514     	-80.19  
514.4   	-80.41  
514.8   	-80.56  
515.2   	-80.65  
515.6   	-80.71  
516     	-80.74  
516.4   	-80.75  
516.8   	-80.75  
517.2   	-80.74  
517.6   	-80.72  
518     	-80.68  
518.4   	-80.64  
518.8   	-80.59  
519.2   	-80.53  
519.6   	-80.46  
520     	-80.38  
520.4   	-80.3   
520.8   	-80.22  
521.2   	-80.15  
521.6   	-80.08  
522     	-80.02  
522.4   	-79.96  
522.8   	-79.9   
523.2   	-79.84  
523.6   	-79.75  
524     	-79.44  
524.4   	-78.56  
524.8   	-75.3   
525.2   	-62.04  
525.6   	-5.12   
526     	43.33   
526.4   	31.94   
526.8   	14.98   
527.2   	-2.901  
527.6   	-20.73  
528     	-39.64  
528.4   	-56.16  
528.8   	-66.7   
529.2   	-72.62  
529.6   	-75.92  
530     	-77.8   
530.4   	-78.93  
530.8   	-79.62  
531.2   	-80.08  
531.6   	-80.38  
532     	-80.6   
532.4   	-80.75  
532.8   	-80.86  
533.2   	-80.93  
533.6   	-80.97  
534     	-80.99  
534.4   	-81     
534.8   	-81     
535.2   	-81     
535.6   	-80.99  
536     	-80.97  
536.4   	-80.96  
536.8   	-80.95  
537.2   	-80.94  
537.6   	-80.93  
538     	-80.92  
538.4   	-80.91  
538.8   	-80.91  
539.2   	-80.91  
539.6   	-80.9   
540     	-80.9   
540.4   	-80.9   
540.8   	-80.89  
541.2   	-80.89  
541.6   	-80.88  
542     	-80.88  
542.4   	-80.88  
542.8   	-80.88  
543.2   	-80.89  
543.6   	-80.89  
544     	-80.89  
544.4   	-80.88  
544.8   	-80.88  
545.2   	-80.87  
545.6   	-80.85  
546     	-80.83  
546.4   	-80.81  
546.8   	-80.78  
547.2   	-80.75  
547.6   	-80.72  
548     	-80.68  
548.4   	-80.65  
548.8   	-80.62  
549.2   	-80.6   
549.6   	-80.57  
550     	-80.55  
550.4   	-80.53  
550.8   	-80.52  
551.2   	-80.5   
551.6   	-80.49  
552     	-80.48  
552.4   	-80.47  
552.8   	-80.45  
553.2   	-80.43  
553.6   	-80.4   
554     	-80.35  
554.4   	-80.16  
554.8   	-79.59  
555.2   	-77.82  
555.6   	-70.82  
556     	-43.92  
556.4   	41.04   
556.8   	38.62   
557.2   	23.37   
557.6   	5.578   
558     	-12.11  
558.4   	-30.61  
558.8   	-48.91  
559.2   	-62.39  
559.6   	-70.22  
560     	-74.57  
560.4   	-77.02  
560.8   	-78.45  
561.2   	-79.32  
561.6   	-79.87  
562     	-80.23  
562.4   	-80.47  
562.8   	-80.64  
563.2   	-80.75  
563.6   	-80.83  
564     	-80.87  
564.4   	-80.88  
564.8   	-80.88  
565.2   	-80.86  
565.6   	-80.83  
566     	-80.8   
566.4   	-80.76  
566.8   	-80.72  
567.2   	-80.67  
567.6   	-80.61  
568     	-80.56  
568.4   	-80.5   
568.8   	-80.45  
569.2   	-80.41  
569.6   	-80.37  
570     	-80.33  
570.4   	-80.3   
570.8   	-80.27  
571.2   	-80.25  
571.6   	-80.23  
572     	-80.21  
572.4   	-80.19  
572.8   	-80.17  
573.2   	-80.14  
573.6   	-80.1   
574     	-80.06  
574.4   	-80.02  
574.8   	-79.98  
575.2   	-79.95  
575.6   	-79.92  
576     	-79.89  
576.4   	-79.87  
576.8   	-79.86  
577.2   	-79.85  
577.6   	-79.85  
578     	-79.85  
578.4   	-79.84  
578.8   	-79.83  
579.2   	-79.82  
579.6   	-79.8   
580     	-79.77  
580.4   	-79.71  
580.8   	-79.52  
581.2   	-78.92  
581.6   	-76.94  
582     	-68.83  
582.4   	-37.14  
582.8   	42.89   
583.2   	36.97   
583.6   	21.13   
584     	3.255   
584.4   	-14.43  
584.8   	-33.09  
585.2   	-51.04  
585.6   	-63.7   
586     	-70.95  
586.4   	-74.98  
586.8   	-77.26  
587.2   	-78.6   
587.6   	-79.42  
588     	-79.95  
588.4   	-80.31  
588.8   	-80.56  
589.2   	-80.74  
589.6   	-80.87  
590     	-80.98  
590.4   	-81.05  
590.8   	-81.11  
591.2   	-81.15  
591.6   	-81.18  
592     	-81.2   
592.4   	-81.22  
592.8   	-81.23  
593.2   	-81.23  
593.6   	-81.24  
594     	-81.24  
594.4   	-81.23  
594.8   	-81.23  
595.2   	-81.22  
595.6   	-81.22  
596     	-81.21  
596.4   	-81.2   
596.8   	-81.2   
597.2   	-81.2   
597.6   	-81.19  
598     	-81.19  
598.4   	-81.19  
598.8   	-81.19  
599.2   	-81.2   
599.6   	-81.2   
600     	-81.22  
600.4   	-81.23  
600.8   	-81.25  
601.2   	-81.27  
601.6   	-81.29  
602     	-81.31  
602.4   	-81.34  
602.8   	-81.36  
603.2   	-81.37  
603.6   	-81.38  
604     	-81.38  
604.4   	-81.38  
604.8   	-81.38  
605.2   	-81.37  
605.6   	-81.37  
606     	-81.38  
606.4   	-81.37  
606.8   	-81.37  
607.2   	-81.36  
607.6   	-81.35  
608     	-81.32  
608.4   	-81.29  
608.8   	-81.26  
609.2   	-81.23  
609.6   	-81.2   
610     	-81.18  
610.4   	-81.17  
610.8   	-81.15  
611.2   	-81.15  
611.6   	-81.14  
612     	-81.14  
612.4   	-81.13  
612.8   	-81.12  
613.2   	-81.11  
613.6   	-81.11  
614     	-81.1   
614.4   	-81.1   
614.8   	-81.09  
615.2   	-81.09  
615.6   	-81.09  
616     	-81.08  
616.4   	-81.07  
616.8   	-81     
617.2   	-80.69  
617.6   	-79.84  
618     	-77.12  
618.4   	-66.61  
618.8   	-26.46  
619.2   	43.66   
619.6   	34.86   
620     	18.48   
620.4   	0.5716  
620.8   	-17.15  
621.2   	-35.96  
621.6   	-53.35  
622     	-65.06  
622.4   	-71.71  
622.8   	-75.41  
623.2   	-77.51  
623.6   	-78.75  
624     	-79.52  
624.4   	-80.01  
624.8   	-80.34  
625.2   	-80.57  
625.6   	-80.73  
626     	-80.85  
626.4   	-80.94  
626.8   	-81     
627.2   	-81.05  
627.6   	-81.09  
628     	-81.12  
628.4   	-81.15  
628.8   	-81.16  
629.2   	-81.17  
629.6   	-81.18  
630     	-81.18  
630.4   	-81.18  
630.8   	-81.18  
631.2   	-81.17  
631.6   	-81.13  
632     	-80.94  
632.4   	-80.36  
632.8   	-78.77  
633.2   	-72.78  
633.6   	-50.07  
634     	36.62   
634.4   	40.26   
634.8   	25.82   
635.2   	8.172   
635.6   	-9.564  
636     	-27.85  
636.4   	-46.45  
636.8   	-60.84  
637.2   	-69.35  
637.6   	-74.09  
638     	-76.76  
638.4   	-78.31  
638.8   	-79.25  
639.2   	-79.85  
639.6   	-80.25  
640     	-80.52  
640.4   	-80.72  
640.8   	-80.86  
641.2   	-80.97  
641.6   	-81.05  
642     	-81.12  
642.4   	-81.17  
642.8   	-81.21  
643.2   	-81.23  
643.6   	-81.24  
644     	-81.23  
644.4   	-81.21  
644.8   	-81.17  
645.2   	-81.09  
645.6   	-80.78  
646     	-80     
646.4   	-77.58  
646.8   	-68.33  
647.2   	-33.6   
647.6   	43.14   
648     	36.1    
648.4   	20.07   
648.8   	2.197   
649.2   	-15.47  
649.6   	-34.17  
650     	-51.87  
650.4   	-64.16  
650.8   	-71.19  
651.2   	-75.09  
651.6   	-77.3   
652     	-78.6   
652.4   	-79.4   
652.8   	-79.9   
653.2   	-80.23  
653.6   	-80.46  
654     	-80.61  
654.4   	-80.72  
654.8   	-80.78  
655.2   	-80.82  
655.6   	-80.84  
656     	-80.84  
656.4   	-80.82  
656.8   	-80.79  
657.2   	-80.74  
657.6   	-80.63  
658     	-80.3   
658.4   	-79.44  
658.8   	-76.6   
659.2   	-65.52  
659.6   	-22.55  
660     	43.55   
660.4   	34.09   
660.8   	17.57   
661.2   	-0.3267 
661.6   	-18.07  
662     	-36.92  
662.4   	-54.1   
662.8   	-65.5   
663.2   	-71.94  
663.6   	-75.52  
664     	-77.55  
664.4   	-78.75  
664.8   	-79.48  
665.2   	-79.94  
665.6   	-80.25  
666     	-80.46  
666.4   	-80.59  
666.8   	-80.68  
667.2   	-80.74  
667.6   	-80.77  
668     	-80.78  
668.4   	-80.79  
668.8   	-80.78  
669.2   	-80.76  
669.6   	-80.74  
670     	-80.7   
670.4   	-80.65  
670.8   	-80.45  
671.2   	-79.9   
671.6   	-78.36  
672     	-72.41  
672.4   	-49.57  
672.8   	37.02   
673.2   	40.07   
673.6   	25.56   
674     	7.901   
674.4   	-9.827  
674.8   	-28.13  
675.2   	-46.7   
675.6   	-61     
676     	-69.43  
676.4   	-74.13  
676.8   	-76.76  
677.2   	-78.28  
677.6   	-79.2   
678     	-79.77  
678.4   	-80.14  
678.8   	-80.39  
679.2   	-80.55  
679.6   	-80.65  
680     	-80.71  
680.4   	-80.75  
680.8   	-80.76  
681.2   	-80.75  
681.6   	-80.74  
682     	-80.71  
682.4   	-80.66  
682.8   	-80.53  
683.2   	-80.13  
683.6   	-79.07  
684     	-75.25  
684.4   	-60.3   
684.8   	4.999   
685.2   	42.84   
685.6   	30.82   
686     	13.72   
686.4   	-4.136  
686.8   	-22.04  
687.2   	-40.93  
687.6   	-57.09  
688     	-67.22  
688.4   	-72.9   
688.8   	-76.06  
689.2   	-77.87  
689.6   	-78.95  
690     	-79.63  
690.4   	-80.06  
690.8   	-80.34  
691.2   	-80.53  
691.6   	-80.65  
692     	-80.74  
692.4   	-80.79  
692.8   	-80.82  
693.2   	-80.83  
693.6   	-80.82  
694     	-80.69  
694.4   	-80.26  
694.8   	-79.16  
695.2   	-75.22  
695.6   	-60.01  
696     	6.246   
696.4   	42.69   
696.8   	30.61   
697.2   	13.5    
697.6   	-4.351  
698     	-22.27  
698.4   	-41.15  
698.8   	-57.24  
699.2   	-67.3   
699.6   	-72.94  
700     	-76.09  
700.4   	-77.89  
700.8   	-78.96  
701.2   	-79.64  
701.6   	-80.08  
702     	-80.37  
702.4   	-80.58  
702.8   	-80.73  
703.2   	-80.84  
703.6   	-80.92  
704     	-80.98  
704.4   	-81.03  
704.8   	-81.07  
705.2   	-81.1   
705.6   	-81.13  
706     	-81.15  
706.4   	-81.18  
706.8   	-81.2   
707.2   	-81.22  
707.6   	-81.24  
708     	-81.26  
708.4   	-81.27  
708.8   	-81.27  
709.2   	-81.27  
709.6   	-81.27  
710     	-81.25  
710.4   	-81.23  
710.8   	-81.21  
711.2   	-81.18  
711.6   	-81.14  
712     	-81.1   
712.4   	-81.06  
712.8   	-80.99  
713.2   	-80.79  
713.6   	-80.2   
714     	-78.52  
714.4   	-72.08  
714.8   	-47.64  
715.2   	38.79   
715.6   	39.58   
716     	24.77   
716.4   	7.059   
716.8   	-10.64  
717.2   	-28.99  
717.6   	-47.45  
718     	-61.46  
718.4   	-69.7   
718.8   	-74.28  
719.2   	-76.85  
719.6   	-78.35  
720     	-79.25  
720.4   	-79.83  
720.8   	-80.19  
721.2   	-80.43  
721.6   	-80.59  
722     	-80.7   
722.4   	-80.76  
722.8   	-80.78  
723.2   	-80.7   
723.6   	-80.36  
724     	-79.51  
724.4   	-76.79  
724.8   	-66.36  
725.2   	-27.07  
725.6   	43.18   
726     	34.6    
726.4   	18.27   
726.8   	0.3945  
727.2   	-17.32  
727.6   	-36.12  
728     	-53.45  
728.4   	-65.09  
728.8   	-71.71  
729.2   	-75.39  
729.6   	-77.47  
730     	-78.71  
730.4   	-79.46  
730.8   	-79.94  
731.2   	-80.26  
731.6   	-80.47  
732     	-80.62  
732.4   	-80.72  
732.8   	-80.78  
733.2   	-80.83  
733.6   	-80.85  
734     	-80.85  
734.4   	-80.85  
734.8   	-80.83  
735.2   	-80.8   
735.6   	-80.77  
736     	-80.74  
736.4   	-80.7   
736.8   	-80.66  
737.2   	-80.61  
737.6   	-80.55  
738     	-80.49  
738.4   	-80.42  
738.8   	-80.36  
739.2   	-80.3   
739.6   	-80.23  
740     	-80.16  
740.4   	-80.09  
740.8   	-80     
741.2   	-79.74  
741.6   	-79.02  
742     	-76.56  
742.4   	-66.68  
742.8   	-27.96  
743.2   	43.63   
743.6   	35.1    
744     	18.76   
744.4   	0.8556  
744.8   	-16.86  
745.2   	-35.66  
745.6   	-53.13  
746     	-64.93  
746.4   	-71.64  
746.8   	-75.37  
747.2   	-77.48  
747.6   	-78.73  
748     	-79.5   
748.4   	-80     
748.8   	-80.33  
749.2   	-80.55  
749.6   	-80.7   
750     	-80.8   
750.4   	-80.87  
750.8   	-80.92  
751.2   	-80.95  
751.6   	-80.97  
752     	-80.97  
752.4   	-80.97  
752.8   	-80.96  
753.2   	-80.92  
753.6   	-80.77  
754     	-80.28  
754.4   	-78.99  
754.8   	-74.26  
755.2   	-56.03  
755.6   	24.89   
756     	41.78   
756.4   	28.49   
756.8   	11.1    
757.2   	-6.687  
757.6   	-24.73  
758     	-43.52  
758.4   	-58.88  
758.8   	-68.25  
759.2   	-73.48  
759.6   	-76.41  
760     	-78.1   
760.4   	-79.11  
760.8   	-79.74  
761.2   	-80.15  
761.6   	-80.43  
762     	-80.62  
762.4   	-80.76  
762.8   	-80.85  
763.2   	-80.92  
763.6   	-80.96  
764     	-80.98  
764.4   	-80.99  
764.8   	-81     
765.2   	-80.99  
765.6   	-80.99  
766     	-80.98  
766.4   	-80.97  
766.8   	-80.95  
767.2   	-80.93  
767.6   	-80.9   
768     	-80.87  
768.4   	-80.82  
768.8   	-80.65  
769.2   	-80.15  
769.6   	-78.75  
770     	-73.45  
770.4   	-53     
770.8   	32.59   
771.2   	41.07   
771.6   	27.13   
772     	9.58    
772.4   	-8.189  
772.8   	-26.37  
773.2   	-45.09  
773.6   	-59.96  
774     	-68.86  
774.4   	-73.83  
774.8   	-76.61  
775.2   	-78.22  
775.6   	-79.19  
776     	-79.81  
776.4   	-80.22  
776.8   	-80.5   
777.2   	-80.69  
777.6   	-80.83  
778     	-80.93  
778.4   	-81     
778.8   	-81.05  
779.2   	-81.08  
779.6   	-81.1   
780     	-81.11  
780.4   	-81.11  
780.8   	-81.11  
781.2   	-81.09  
781.6   	-81.08  
782     	-81.06  
782.4   	-81.05  
782.8   	-81.04  
783.2   	-81.03  
783.6   	-81.02  
784     	-81.01  
784.4   	-80.99  
784.8   	-80.97  
785.2   	-80.96  
785.6   	-80.95  
786     	-80.94  
786.4   	-80.93  
786.8   	-80.92  
787.2   	-80.92  
787.6   	-80.93  
788     	-80.94  
788.4   	-80.95  
788.8   	-80.95  
789.2   	-80.96  
789.6   	-80.97  
790     	-80.97  
790.4   	-80.98  
790.8   	-80.99  
791.2   	-80.99  
791.6   	-80.98  
792     	-80.97  
792.4   	-80.96  
792.8   	-80.95  
793.2   	-80.94  
793.6   	-80.92  
794     	-80.91  
794.4   	-80.87  
794.8   	-80.71  
795.2   	-80.18  
795.6   	-78.7   
796     	-73.1   
796.4   	-51.56  
796.8   	34.89   
797.2   	40.71   
797.6   	26.5    
798     	8.897   
798.4   	-8.86   
798.8   	-27.1   
799.2   	-45.77  
799.6   	-60.41  
800     	-69.13  
800.4   	-73.98  
800.8   	-76.71  
801.2   	-78.3   
801.6   	-79.26  
802     	-79.86  
802.4   	-80.26  
802.8   	-80.53  
803.2   	-80.72  
803.6   	-80.87  
804     	-80.98  
804.4   	-81.06  
804.8   	-81.12  
805.2   	-81.16  
805.6   	-81.19  
806     	-81.21  
806.4   	-81.22  
806.8   	-81.22  
807.2   	-81.22  
807.6   	-81.22  
808     	-81.22  
808.4   	-81.22  
808.8   	-81.21  
809.2   	-81.19  
809.6   	-81.16  
810     	-81.12  
810.4   	-81.05  
810.8   	-80.89  
811.2   	-80.41  
811.6   	-79.16  
812     	-74.62  
812.4   	-57.05  
812.8   	21.74   
813.2   	42.13   
813.6   	29.06   
814     	11.71   
814.4   	-6.089  
814.8   	-24.09  
815.2   	-42.91  
815.6   	-58.47  
816     	-68.02  
816.4   	-73.35  
816.8   	-76.34  
817.2   	-78.07  
817.6   	-79.11  
818     	-79.77  
818.4   	-80.2   
818.8   	-80.5   
819.2   	-80.72  
819.6   	-80.88  
820     	-81     
820.4   	-81.1   
820.8   	-81.17  
821.2   	-81.23  
821.6   	-81.27  
822     	-81.31  
822.4   	-81.34  
822.8   	-81.37  
823.2   	-81.38  
823.6   	-81.39  
824     	-81.38  
824.4   	-81.36  
824.8   	-81.33  
825.2   	-81.29  
825.6   	-81.25  
826     	-81.22  
826.4   	-81.18  
826.8   	-81.15  
827.2   	-81.12  
827.6   	-81.09  
828     	-81.06  
828.4   	-81.02  
828.8   	-80.98  
829.2   	-80.93  
829.6   	-80.89  
830     	-80.84  
830.4   	-80.78  
830.8   	-80.65  
831.2   	-80.23  
831.6   	-79.08  
832     	-74.89  
832.4   	-58.48  
832.8   	15.59   
833.2   	42.55   
833.6   	29.87   
834     	12.61   
834.4   	-5.229  
834.8   	-23.19  
835.2   	-42.06  
835.6   	-57.9   
836     	-67.69  
836.4   	-73.16  
836.8   	-76.22  
837.2   	-77.97  
837.6   	-79     
838     	-79.65  
838.4   	-80.06  
838.8   	-80.33  
839.2   	-80.51  
839.6   	-80.64  
840     	-80.72  
840.4   	-80.78  
840.8   	-80.81  
841.2   	-80.82  
841.6   	-80.8   
842     	-80.62  
842.4   	-80.08  
842.8   	-78.62  
843.2   	-73.12  
843.6   	-52.17  
844     	33.41   
844.4   	40.67   
844.8   	26.64   
845.2   	9.078   
845.6   	-8.675  
846     	-26.9   
846.4   	-45.56  
846.8   	-60.26  
847.2   	-69.02  
847.6   	-73.9   
848     	-76.63  
848.4   	-78.21  
848.8   	-79.17  
849.2   	-79.77  
849.6   	-80.17  
850     	-80.43  
850.4   	-80.61  
850.8   	-80.73  
851.2   	-80.82  
851.6   	-80.88  
852     	-80.92  
852.4   	-80.95  
852.8   	-80.96  
853.2   	-80.97  
853.6   	-80.96  
854     	-80.94  
854.4   	-80.91  
854.8   	-80.8   
855.2   	-80.41  
855.6   	-79.41  
856     	-75.95  
856.4   	-62.52  
856.8   	-7.223  
857.2   	43.26   
857.6   	32.09   
858     	15.18   
858.4   	-2.688  
858.8   	-20.5   
859.2   	-39.38  
859.6   	-55.94  
860     	-66.56  
860.4   	-72.54  
860.8   	-75.87  
861.2   	-77.78  
861.6   	-78.91  
862     	-79.63  
862.4   	-80.09  
862.8   	-80.41  
863.2   	-80.63  
863.6   	-80.79  
864     	-80.89  
864.4   	-80.96  
864.8   	-81.01  
865.2   	-81.03  
865.6   	-81.05  
866     	-81.04  
866.4   	-81.03  
866.8   	-81.01  
867.2   	-80.99  
867.6   	-80.96  
868     	-80.94  
868.4   	-80.92  
868.8   	-80.9   
869.2   	-80.88  
869.6   	-80.87  
870     	-80.86  
870.4   	-80.85  
870.8   	-80.84  
871.2   	-80.84  
871.6   	-80.84  
872     	-80.83  
872.4   	-80.81  
872.8   	-80.79  
873.2   	-80.76  
873.6   	-80.72  
874     	-80.68  
874.4   	-80.64  
874.8   	-80.6   
875.2   	-80.57  
875.6   	-80.54  
876     	-80.51  
876.4   	-80.5   
876.8   	-80.48  
877.2   	-80.46  
877.6   	-80.44  
878     	-80.42  
878.4   	-80.4   
878.8   	-80.38  
879.2   	-80.36  
879.6   	-80.35  
880     	-80.31  
880.4   	-80.13  
880.8   	-79.54  
881.2   	-77.75  
881.6   	-70.67  
882     	-43.42  
882.4   	41.26   
882.8   	38.49   
883.2   	23.2    
883.6   	5.393   
884     	-12.3   
884.4   	-30.81  
884.8   	-49.09  
885.2   	-62.5   
885.6   	-70.28  
886     	-74.6   
886.4   	-77.04  
886.8   	-78.46  
887.2   	-79.33  
887.6   	-79.88  
888     	-80.25  
888.4   	-80.5   
888.8   	-80.68  
889.2   	-80.81  
889.6   	-80.9   
890     	-80.96  
890.4   	-81.01  
890.8   	-81.04  
891.2   	-81.06  
891.6   	-81.07  
892     	-81.07  
892.4   	-81.05  
892.8   	-81.03  
893.2   	-81     
893.6   	-80.93  
894     	-80.68  
894.4   	-79.99  
894.8   	-77.93  
895.2   	-70     
895.6   	-40.2   
896     	42.18   
896.4   	37.64   
896.8   	22.08   
897.2   	4.237   
897.6   	-13.45  
898     	-32.05  
898.4   	-50.15  
898.8   	-63.15  
899.2   	-70.65  
899.6   	-74.81  
900     	-77.15  
900.4   	-78.51  
900.8   	-79.34  
901.2   	-79.86  
901.6   	-80.2   
902     	-80.43  
902.4   	-80.58  
902.8   	-80.67  
903.2   	-80.73  
903.6   	-80.76  
904     	-80.78  
904.4   	-80.77  
904.8   	-80.76  
905.2   	-80.73  
905.6   	-80.65  
906     	-80.39  
906.4   	-79.69  
906.8   	-77.54  
907.2   	-69.2   
907.6   	-37.75  
908     	42.56   
908.4   	36.97   
908.8   	21.22   
909.2   	3.37    
909.6   	-14.31  
910     	-32.96  
910.4   	-50.9   
910.8   	-63.59  
911.2   	-70.87  
911.6   	-74.92  
912     	-77.2   
912.4   	-78.54  
912.8   	-79.35  
913.2   	-79.87  
913.6   	-80.21  
914     	-80.43  
914.4   	-80.59  
914.8   	-80.69  
915.2   	-80.75  
915.6   	-80.78  
916     	-80.79  
916.4   	-80.79  
916.8   	-80.76  
917.2   	-80.64  
917.6   	-80.25  
918     	-79.22  
918.4   	-75.63  
918.8   	-61.67  
919.2   	-3.186  
919.6   	43.02   
920     	31.56   
920.4   	14.59   
920.8   	-3.268  
921.2   	-21.12  
921.6   	-40     
922     	-56.4   
922.4   	-66.82  
922.8   	-72.68  
923.2   	-75.94  
923.6   	-77.8   
924     	-78.9   
924.4   	-79.59  
924.8   	-80.03  
925.2   	-80.33  
925.6   	-80.54  
926     	-80.68  
926.4   	-80.78  
926.8   	-80.84  
927.2   	-80.87  
927.6   	-80.88  
928     	-80.88  
928.4   	-80.86  
928.8   	-80.83  
929.2   	-80.74  
929.6   	-80.42  
930     	-79.59  
930.4   	-76.92  
930.8   	-66.57  
931.2   	-27.07  
931.6   	43.47   
932     	34.82   
932.4   	18.47   
932.8   	0.5775  
933.2   	-17.15  
933.6   	-35.96  
934     	-53.35  
934.4   	-65.07  
934.8   	-71.72  
935.2   	-75.42  
935.6   	-77.53  
936     	-78.78  
936.4   	-79.56  
936.8   	-80.07  
937.2   	-80.42  
937.6   	-80.67  
938     	-80.85  
938.4   	-80.99  
938.8   	-81.1   
939.2   	-81.19  
939.6   	-81.26  
940     	-81.31  
940.4   	-81.34  
940.8   	-81.36  
941.2   	-81.36  
941.6   	-81.36  
942     	-81.35  
942.4   	-81.34  
942.8   	-81.33  
943.2   	-81.31  
943.6   	-81.27  
944     	-81.22  
944.4   	-81.15  
944.8   	-81.07  
945.2   	-80.98  
945.6   	-80.81  
946     	-80.33  
946.4   	-79.04  
946.8   	-74.31  
947.2   	-55.98  
947.6   	25.43   
948     	41.85   
948.4   	28.51   
948.8   	11.11   
949.2   	-6.677  
949.6   	-24.71  
950     	-43.49  
950.4   	-58.85  
950.8   	-68.21  
951.2   	-73.43  
951.6   	-76.35  
952     	-78.04  
952.4   	-79.04  
952.8   	-79.67  
953.2   	-80.06  
953.6   	-80.33  
954     	-80.5   
954.4   	-80.63  
954.8   	-80.71  
955.2   	-80.76  
955.6   	-80.79  
956     	-80.81  
956.4   	-80.82  
956.8   	-80.82  
957.2   	-80.81  
957.6   	-80.8   
958     	-80.78  
958.4   	-80.76  
958.8   	-80.74  
959.2   	-80.71  
959.6   	-80.68  
960     	-80.65  
960.4   	-80.61  
960.8   	-80.58  
961.2   	-80.54  
961.6   	-80.5   
962     	-80.45  
962.4   	-80.4   
962.8   	-80.35  
963.2   	-80.3   
963.6   	-80.25  
964     	-80.21  
964.4   	-80.17  
964.8   	-80.13  
965.2   	-80.1   
965.6   	-80.07  
966     	-79.98  
966.4   	-79.65  
966.8   	-78.69  
967.2   	-75.12  
967.6   	-60.76  
968     	2.685   
968.4   	43.1    
968.8   	31.19   
969.2   	14.1    
969.6   	-3.771  
970     	-21.65  
970.4   	-40.55  
970.8   	-56.83  
971.2   	-67.08  
971.6   	-72.82  
972     	-76.03  
972.4   	-77.86  
972.8   	-78.95  
973.2   	-79.63  
973.6   	-80.07  
974     	-80.36  
974.4   	-80.56  
974.8   	-80.69  
975.2   	-80.79  
975.6   	-80.85  
976     	-80.9   
976.4   	-80.93  
976.8   	-80.95  
977.2   	-80.96  
977.6   	-80.96  
978     	-80.95  
978.4   	-80.94  
978.8   	-80.92  
979.2   	-80.87  
979.6   	-80.68  
980     	-80.12  
980.4   	-78.55  
980.8   	-72.57  
981.2   	-49.75  
981.6   	36.87   
982     	40.14   
982.4   	25.66   
982.8   	8.001   
983.2   	-9.732  
983.6   	-28.03  
984     	-46.61  
984.4   	-60.95  
984.8   	-69.41  
985.2   	-74.12  
985.6   	-76.77  
986     	-78.3   
986.4   	-79.23  
986.8   	-79.82  
987.2   	-80.21  
987.6   	-80.47  
988     	-80.64  
988.4   	-80.77  
988.8   	-80.86  
989.2   	-80.92  
989.6   	-80.97  
990     	-80.99  
990.4   	-80.99  
990.8   	-80.98  
991.2   	-80.97  
991.6   	-80.95  
992     	-80.93  
992.4   	-80.9   
992.8   	-80.88  
993.2   	-80.85  
993.6   	-80.82  
994     	-80.78  
994.4   	-80.74  
994.8   	-80.69  
995.2   	-80.63  
995.6   	-80.51  
996     	-80.15  
996.4   	-79.2   
996.8   	-75.84  
997.2   	-62.59  
997.6   	-7.486  
998     	43.36   
998.4   	32.19   
998.8   	15.28   
999.2   	-2.6    
999.6   	-20.41  
