
SWEPT_VAR_1 = 85.0    // Syn: Source PP \ NetStim \ PARAMETER \ interval (ms)

t	s.v( 0.05 )
ms	mV
0       	-64.65  
0.4     	-65.51  
0.8     	-66.35  
1.2     	-67.15  
1.6     	-67.92  
2       	-68.66  
2.4     	-69.37  
2.8     	-70.05  
3.2     	-70.7   
3.6     	-71.33  
4       	-71.92  
4.4     	-72.49  
4.8     	-73.02  
5.2     	-73.53  
5.6     	-74.01  
6       	-74.46  
6.4     	-74.88  
6.8     	-75.26  
7.2     	-75.62  
7.6     	-75.96  
8       	-76.28  
8.4     	-76.57  
8.8     	-76.84  
9.2     	-77.1   
9.6     	-77.34  
10      	-77.58  
10.4    	-77.8   
10.8    	-78.01  
11.2    	-78.21  
11.6    	-78.41  
12      	-78.6   
12.4    	-78.78  
12.8    	-78.96  
13.2    	-79.13  
13.6    	-79.3   
14      	-79.45  
14.4    	-79.6   
14.8    	-79.73  
15.2    	-79.85  
15.6    	-79.97  
16      	-80.07  
16.4    	-80.18  
16.8    	-80.27  
17.2    	-80.34  
17.6    	-80.41  
18      	-80.47  
18.4    	-80.52  
18.8    	-80.58  
19.2    	-80.63  
19.6    	-80.67  
20      	-80.71  
20.4    	-80.74  
20.8    	-80.77  
21.2    	-80.8   
21.6    	-80.82  
22      	-80.85  
22.4    	-80.87  
22.8    	-80.89  
23.2    	-80.92  
23.6    	-80.95  
24      	-80.98  
24.4    	-81.01  
24.8    	-81.05  
25.2    	-81.08  
25.6    	-81.12  
26      	-81.16  
26.4    	-81.21  
26.8    	-81.24  
27.2    	-81.27  
27.6    	-81.29  
28      	-81.3   
28.4    	-81.31  
28.8    	-81.32  
29.2    	-81.32  
29.6    	-81.33  
30      	-81.34  
30.4    	-81.35  
30.8    	-81.36  
31.2    	-81.38  
31.6    	-81.39  
32      	-81.4   
32.4    	-81.41  
32.8    	-81.42  
33.2    	-81.42  
33.6    	-81.43  
34      	-81.43  
34.4    	-81.43  
34.8    	-81.44  
35.2    	-81.43  
35.6    	-81.41  
36      	-81.39  
36.4    	-81.36  
36.8    	-81.31  
37.2    	-81.19  
37.6    	-80.82  
38      	-79.86  
38.4    	-76.7   
38.8    	-64.54  
39.2    	-16.88  
39.6    	43.62   
40      	33.38   
40.4    	16.68   
40.8    	-1.214  
41.2    	-18.97  
41.6    	-37.84  
42      	-54.79  
42.4    	-65.9   
42.8    	-72.18  
43.2    	-75.68  
43.6    	-77.68  
44      	-78.87  
44.4    	-79.62  
44.8    	-80.11  
45.2    	-80.45  
45.6    	-80.69  
46      	-80.87  
46.4    	-81.01  
46.8    	-81.12  
47.2    	-81.22  
47.6    	-81.3   
48      	-81.37  
48.4    	-81.43  
48.8    	-81.48  
49.2    	-81.53  
49.6    	-81.57  
50      	-81.59  
50.4    	-81.61  
50.8    	-81.63  
51.2    	-81.63  
51.6    	-81.64  
52      	-81.63  
52.4    	-81.63  
52.8    	-81.61  
53.2    	-81.6   
53.6    	-81.59  
54      	-81.57  
54.4    	-81.55  
54.8    	-81.53  
55.2    	-81.51  
55.6    	-81.48  
56      	-81.45  
56.4    	-81.41  
56.8    	-81.38  
57.2    	-81.34  
57.6    	-81.31  
58      	-81.27  
58.4    	-81.23  
58.8    	-81.2   
59.2    	-81.16  
59.6    	-81.11  
60      	-81.05  
60.4    	-80.85  
60.8    	-80.25  
61.2    	-78.56  
61.6    	-72.15  
62      	-47.84  
62.4    	38.65   
62.8    	39.64   
63.2    	24.86   
63.6    	7.155   
64      	-10.54  
64.4    	-28.89  
64.8    	-47.36  
65.2    	-61.4   
65.6    	-69.66  
66      	-74.26  
66.4    	-76.85  
66.8    	-78.35  
67.2    	-79.27  
67.6    	-79.84  
68      	-80.22  
68.4    	-80.48  
68.8    	-80.65  
69.2    	-80.78  
69.6    	-80.87  
70      	-80.93  
70.4    	-80.97  
70.8    	-80.98  
71.2    	-80.98  
71.6    	-80.96  
72      	-80.95  
72.4    	-80.93  
72.8    	-80.91  
73.2    	-80.89  
73.6    	-80.87  
74      	-80.85  
74.4    	-80.8   
74.8    	-80.65  
75.2    	-80.15  
75.6    	-78.78  
76      	-73.64  
76.4    	-53.76  
76.8    	31.1    
77.2    	41.26   
77.6    	27.46   
78      	9.952   
78.4    	-7.823  
78.8    	-25.98  
79.2    	-44.72  
79.6    	-59.72  
80      	-68.73  
80.4    	-73.76  
80.8    	-76.58  
81.2    	-78.22  
81.6    	-79.21  
82      	-79.84  
82.4    	-80.26  
82.8    	-80.54  
83.2    	-80.74  
83.6    	-80.88  
84      	-80.99  
84.4    	-81.06  
84.8    	-81.11  
85.2    	-81.14  
85.6    	-81.15  
86      	-81.15  
86.4    	-81.14  
86.8    	-81.12  
87.2    	-81.1   
87.6    	-81.09  
88      	-81.07  
88.4    	-81.05  
88.8    	-81.02  
89.2    	-80.98  
89.6    	-80.93  
90      	-80.88  
90.4    	-80.82  
90.8    	-80.77  
91.2    	-80.73  
91.6    	-80.69  
92      	-80.65  
92.4    	-80.61  
92.8    	-80.57  
93.2    	-80.54  
93.6    	-80.52  
94      	-80.5   
94.4    	-80.48  
94.8    	-80.48  
95.2    	-80.47  
95.6    	-80.48  
96      	-80.49  
96.4    	-80.5   
96.8    	-80.52  
97.2    	-80.54  
97.6    	-80.56  
98      	-80.58  
98.4    	-80.6   
98.8    	-80.62  
99.2    	-80.63  
99.6    	-80.64  
100     	-80.65  
100.4   	-80.65  
100.8   	-80.65  
101.2   	-80.64  
101.6   	-80.64  
102     	-80.64  
102.4   	-80.64  
102.8   	-80.64  
103.2   	-80.64  
103.6   	-80.64  
104     	-80.63  
104.4   	-80.61  
104.8   	-80.59  
105.2   	-80.56  
105.6   	-80.51  
106     	-80.37  
106.4   	-79.89  
106.8   	-78.53  
107.2   	-73.32  
107.6   	-52.98  
108     	32.67   
108.4   	41.1    
108.8   	27.14   
109.2   	9.588   
109.6   	-8.182  
110     	-26.36  
110.4   	-45.09  
110.8   	-59.96  
111.2   	-68.87  
111.6   	-73.83  
112     	-76.61  
112.4   	-78.23  
112.8   	-79.21  
113.2   	-79.83  
113.6   	-80.25  
114     	-80.53  
114.4   	-80.73  
114.8   	-80.88  
115.2   	-80.99  
115.6   	-81.08  
116     	-81.14  
116.4   	-81.19  
116.8   	-81.23  
117.2   	-81.27  
117.6   	-81.3   
118     	-81.33  
118.4   	-81.35  
118.8   	-81.37  
119.2   	-81.4   
119.6   	-81.42  
120     	-81.44  
120.4   	-81.47  
120.8   	-81.49  
121.2   	-81.52  
121.6   	-81.54  
122     	-81.56  
122.4   	-81.57  
122.8   	-81.58  
123.2   	-81.6   
123.6   	-81.61  
124     	-81.63  
124.4   	-81.65  
124.8   	-81.67  
125.2   	-81.67  
125.6   	-81.66  
126     	-81.65  
126.4   	-81.64  
126.8   	-81.62  
127.2   	-81.61  
127.6   	-81.61  
128     	-81.6   
128.4   	-81.6   
128.8   	-81.61  
129.2   	-81.61  
129.6   	-81.62  
130     	-81.64  
130.4   	-81.65  
130.8   	-81.67  
131.2   	-81.68  
131.6   	-81.7   
132     	-81.72  
132.4   	-81.74  
132.8   	-81.77  
133.2   	-81.79  
133.6   	-81.82  
134     	-81.85  
134.4   	-81.88  
134.8   	-81.92  
135.2   	-81.96  
135.6   	-81.99  
136     	-82.03  
136.4   	-82.07  
136.8   	-82.11  
137.2   	-82.14  
137.6   	-82.16  
138     	-82.18  
138.4   	-82.19  
138.8   	-82.2   
139.2   	-82.2   
139.6   	-82.19  
140     	-82.18  
140.4   	-82.17  
140.8   	-82.15  
141.2   	-82.13  
141.6   	-82.11  
142     	-82.08  
142.4   	-82.05  
142.8   	-82.02  
143.2   	-81.99  
143.6   	-81.91  
144     	-81.64  
144.4   	-80.95  
144.8   	-79.06  
145.2   	-72.13  
145.6   	-46.57  
146     	39.54   
146.4   	39.28   
146.8   	24.35   
147.2   	6.624   
147.6   	-11.06  
148     	-29.45  
148.4   	-47.86  
148.8   	-61.72  
149.2   	-69.85  
149.6   	-74.39  
150     	-76.96  
150.4   	-78.46  
150.8   	-79.39  
151.2   	-79.98  
151.6   	-80.39  
152     	-80.67  
152.4   	-80.89  
152.8   	-81.05  
153.2   	-81.17  
153.6   	-81.28  
154     	-81.37  
154.4   	-81.44  
154.8   	-81.51  
155.2   	-81.56  
155.6   	-81.62  
156     	-81.66  
156.4   	-81.7   
156.8   	-81.73  
157.2   	-81.75  
157.6   	-81.77  
158     	-81.79  
158.4   	-81.8   
158.8   	-81.81  
159.2   	-81.82  
159.6   	-81.82  
160     	-81.82  
160.4   	-81.82  
160.8   	-81.81  
161.2   	-81.81  
161.6   	-81.8   
162     	-81.79  
162.4   	-81.79  
162.8   	-81.78  
163.2   	-81.77  
163.6   	-81.77  
164     	-81.77  
164.4   	-81.77  
164.8   	-81.78  
165.2   	-81.79  
165.6   	-81.79  
166     	-81.8   
166.4   	-81.8   
166.8   	-81.8   
167.2   	-81.8   
167.6   	-81.81  
168     	-81.81  
168.4   	-81.82  
168.8   	-81.83  
169.2   	-81.84  
169.6   	-81.86  
170     	-81.87  
170.4   	-81.88  
170.8   	-81.89  
171.2   	-81.89  
171.6   	-81.89  
172     	-81.89  
172.4   	-81.89  
172.8   	-81.89  
173.2   	-81.89  
173.6   	-81.9   
174     	-81.9   
174.4   	-81.91  
174.8   	-81.92  
175.2   	-81.92  
175.6   	-81.93  
176     	-81.93  
176.4   	-81.93  
176.8   	-81.92  
177.2   	-81.92  
177.6   	-81.92  
178     	-81.92  
178.4   	-81.92  
178.8   	-81.92  
179.2   	-81.92  
179.6   	-81.91  
180     	-81.91  
180.4   	-81.9   
180.8   	-81.89  
181.2   	-81.88  
181.6   	-81.87  
182     	-81.85  
182.4   	-81.84  
182.8   	-81.82  
183.2   	-81.8   
183.6   	-81.78  
184     	-81.76  
184.4   	-81.73  
184.8   	-81.72  
185.2   	-81.7   
185.6   	-81.69  
186     	-81.68  
186.4   	-81.68  
186.8   	-81.68  
187.2   	-81.68  
187.6   	-81.69  
188     	-81.7   
188.4   	-81.72  
188.8   	-81.74  
189.2   	-81.76  
189.6   	-81.79  
190     	-81.81  
190.4   	-81.84  
190.8   	-81.86  
191.2   	-81.88  
191.6   	-81.9   
192     	-81.92  
192.4   	-81.94  
192.8   	-81.96  
193.2   	-81.97  
193.6   	-81.98  
194     	-81.98  
194.4   	-81.98  
194.8   	-81.98  
195.2   	-81.98  
195.6   	-81.97  
196     	-81.97  
196.4   	-81.96  
196.8   	-81.96  
197.2   	-81.96  
197.6   	-81.96  
198     	-81.95  
198.4   	-81.94  
198.8   	-81.93  
199.2   	-81.92  
199.6   	-81.9   
200     	-81.89  
200.4   	-81.87  
200.8   	-81.85  
201.2   	-81.82  
201.6   	-81.8   
202     	-81.77  
202.4   	-81.74  
202.8   	-81.72  
203.2   	-81.69  
203.6   	-81.67  
204     	-81.64  
204.4   	-81.61  
204.8   	-81.58  
205.2   	-81.56  
205.6   	-81.53  
206     	-81.51  
206.4   	-81.5   
206.8   	-81.48  
207.2   	-81.47  
207.6   	-81.47  
208     	-81.47  
208.4   	-81.47  
208.8   	-81.48  
209.2   	-81.49  
209.6   	-81.5   
210     	-81.52  
210.4   	-81.53  
210.8   	-81.55  
211.2   	-81.55  
211.6   	-81.55  
212     	-81.55  
212.4   	-81.54  
212.8   	-81.53  
213.2   	-81.52  
213.6   	-81.52  
214     	-81.51  
214.4   	-81.5   
214.8   	-81.5   
215.2   	-81.48  
215.6   	-81.46  
216     	-81.45  
216.4   	-81.43  
216.8   	-81.42  
217.2   	-81.4   
217.6   	-81.39  
218     	-81.38  
218.4   	-81.36  
218.8   	-81.35  
219.2   	-81.34  
219.6   	-81.33  
220     	-81.32  
220.4   	-81.32  
220.8   	-81.33  
221.2   	-81.33  
221.6   	-81.34  
222     	-81.35  
222.4   	-81.36  
222.8   	-81.36  
223.2   	-81.37  
223.6   	-81.36  
224     	-81.36  
224.4   	-81.35  
224.8   	-81.33  
225.2   	-81.31  
225.6   	-81.28  
226     	-81.25  
226.4   	-81.23  
226.8   	-81.2   
227.2   	-81.18  
227.6   	-81.16  
228     	-81.14  
228.4   	-81.12  
228.8   	-81.1   
229.2   	-81.09  
229.6   	-81.08  
230     	-81.07  
230.4   	-81.07  
230.8   	-81.07  
231.2   	-81.07  
231.6   	-81.07  
232     	-81.07  
232.4   	-81.06  
232.8   	-81.05  
233.2   	-81.04  
233.6   	-81.04  
234     	-81.03  
234.4   	-81.03  
234.8   	-81.04  
235.2   	-81.05  
235.6   	-81.06  
236     	-81.07  
236.4   	-81.09  
236.8   	-81.1   
237.2   	-81.12  
237.6   	-81.14  
238     	-81.17  
238.4   	-81.2   
238.8   	-81.22  
239.2   	-81.24  
239.6   	-81.26  
240     	-81.28  
240.4   	-81.3   
240.8   	-81.33  
241.2   	-81.35  
241.6   	-81.36  
242     	-81.36  
242.4   	-81.36  
242.8   	-81.35  
243.2   	-81.34  
243.6   	-81.33  
244     	-81.31  
244.4   	-81.3   
244.8   	-81.29  
245.2   	-81.28  
245.6   	-81.27  
246     	-81.27  
246.4   	-81.27  
246.8   	-81.28  
247.2   	-81.29  
247.6   	-81.3   
248     	-81.3   
248.4   	-81.31  
248.8   	-81.31  
249.2   	-81.32  
249.6   	-81.33  
250     	-81.34  
250.4   	-81.34  
250.8   	-81.35  
251.2   	-81.35  
251.6   	-81.33  
252     	-81.31  
252.4   	-81.29  
252.8   	-81.27  
253.2   	-81.25  
253.6   	-81.23  
254     	-81.19  
254.4   	-81.15  
254.8   	-81.11  
255.2   	-81.06  
255.6   	-81.01  
256     	-80.96  
256.4   	-80.91  
256.8   	-80.86  
257.2   	-80.82  
257.6   	-80.77  
258     	-80.73  
258.4   	-80.68  
258.8   	-80.65  
259.2   	-80.62  
259.6   	-80.59  
260     	-80.57  
260.4   	-80.55  
260.8   	-80.53  
261.2   	-80.52  
261.6   	-80.51  
262     	-80.5   
262.4   	-80.5   
262.8   	-80.5   
263.2   	-80.5   
263.6   	-80.5   
264     	-80.5   
264.4   	-80.49  
264.8   	-80.48  
265.2   	-80.47  
265.6   	-80.44  
266     	-80.41  
266.4   	-80.36  
266.8   	-80.31  
267.2   	-80.16  
267.6   	-79.66  
268     	-78.23  
268.4   	-72.62  
268.8   	-50.68  
269.2   	35.98   
269.6   	40.48   
270     	26.11   
270.4   	8.476   
270.8   	-9.272  
271.2   	-27.54  
271.6   	-46.18  
272     	-60.68  
272.4   	-69.27  
272.8   	-74.05  
273.2   	-76.73  
273.6   	-78.29  
274     	-79.23  
274.4   	-79.83  
274.8   	-80.22  
275.2   	-80.5   
275.6   	-80.69  
276     	-80.83  
276.4   	-80.94  
276.8   	-81.02  
277.2   	-81.09  
277.6   	-81.14  
278     	-81.18  
278.4   	-81.22  
278.8   	-81.25  
279.2   	-81.27  
279.6   	-81.3   
280     	-81.32  
280.4   	-81.34  
280.8   	-81.36  
281.2   	-81.39  
281.6   	-81.41  
282     	-81.43  
282.4   	-81.45  
282.8   	-81.47  
283.2   	-81.48  
283.6   	-81.49  
284     	-81.5   
284.4   	-81.51  
284.8   	-81.51  
285.2   	-81.5   
285.6   	-81.49  
286     	-81.47  
286.4   	-81.45  
286.8   	-81.43  
287.2   	-81.4   
287.6   	-81.36  
288     	-81.32  
288.4   	-81.28  
288.8   	-81.23  
289.2   	-81.19  
289.6   	-81.16  
290     	-81.13  
290.4   	-81.1   
290.8   	-81.08  
291.2   	-81.05  
291.6   	-81.02  
292     	-80.99  
292.4   	-80.96  
292.8   	-80.93  
293.2   	-80.9   
293.6   	-80.86  
294     	-80.83  
294.4   	-80.79  
294.8   	-80.65  
295.2   	-80.18  
295.6   	-78.89  
296     	-74.1   
296.4   	-55.42  
296.8   	27.15   
297.2   	41.73   
297.6   	28.26   
298     	10.82   
298.4   	-6.96   
298.8   	-25.03  
299.2   	-43.81  
299.6   	-59.09  
300     	-68.37  
300.4   	-73.55  
300.8   	-76.45  
301.2   	-78.13  
301.6   	-79.15  
302     	-79.79  
302.4   	-80.22  
302.8   	-80.52  
303.2   	-80.73  
303.6   	-80.89  
304     	-81.01  
304.4   	-81.1   
304.8   	-81.18  
305.2   	-81.24  
305.6   	-81.29  
306     	-81.32  
306.4   	-81.34  
306.8   	-81.34  
307.2   	-81.33  
307.6   	-81.31  
308     	-81.28  
308.4   	-81.25  
308.8   	-81.21  
309.2   	-81.18  
309.6   	-81.13  
310     	-81.09  
310.4   	-81.05  
310.8   	-81     
311.2   	-80.96  
311.6   	-80.92  
312     	-80.88  
312.4   	-80.85  
312.8   	-80.82  
313.2   	-80.79  
313.6   	-80.76  
314     	-80.73  
314.4   	-80.67  
314.8   	-80.53  
315.2   	-80.06  
315.6   	-78.76  
316     	-73.86  
316.4   	-54.76  
316.8   	28.92   
317.2   	41.56   
317.6   	27.95   
318     	10.48   
318.4   	-7.299  
318.8   	-25.4   
319.2   	-44.17  
319.6   	-59.33  
320     	-68.5   
320.4   	-73.62  
320.8   	-76.48  
321.2   	-78.14  
321.6   	-79.13  
322     	-79.76  
322.4   	-80.17  
322.8   	-80.44  
323.2   	-80.63  
323.6   	-80.76  
324     	-80.85  
324.4   	-80.92  
324.8   	-80.97  
325.2   	-81     
325.6   	-81.03  
326     	-81.06  
326.4   	-81.07  
326.8   	-81.09  
327.2   	-81.1   
327.6   	-81.11  
328     	-81.11  
328.4   	-81.12  
328.8   	-81.12  
329.2   	-81.12  
329.6   	-81.12  
330     	-81.12  
330.4   	-81.11  
330.8   	-81.1   
331.2   	-81.1   
331.6   	-81.09  
332     	-81.08  
332.4   	-81.05  
332.8   	-81.03  
333.2   	-81     
333.6   	-80.96  
334     	-80.93  
334.4   	-80.86  
334.8   	-80.65  
335.2   	-80.01  
335.6   	-78.14  
336     	-70.88  
336.4   	-43.42  
336.8   	41.24   
337.2   	38.49   
337.6   	23.2    
338     	5.403   
338.4   	-12.29  
338.8   	-30.8   
339.2   	-49.08  
339.6   	-62.5   
340     	-70.29  
340.4   	-74.63  
340.8   	-77.07  
341.2   	-78.51  
341.6   	-79.39  
342     	-79.96  
342.4   	-80.35  
342.8   	-80.62  
343.2   	-80.81  
343.6   	-80.95  
344     	-81.06  
344.4   	-81.14  
344.8   	-81.2   
345.2   	-81.25  
345.6   	-81.29  
346     	-81.32  
346.4   	-81.34  
346.8   	-81.36  
347.2   	-81.38  
347.6   	-81.38  
348     	-81.32  
348.4   	-81.01  
348.8   	-80.22  
349.2   	-77.82  
349.6   	-68.74  
350     	-34.95  
350.4   	43.01   
350.8   	36.4    
351.2   	20.45   
351.6   	2.583   
352     	-15.09  
352.4   	-33.78  
352.8   	-51.58  
353.2   	-64.01  
353.6   	-71.13  
354     	-75.1   
354.4   	-77.35  
354.8   	-78.69  
355.2   	-79.52  
355.6   	-80.06  
356     	-80.43  
356.4   	-80.7   
356.8   	-80.9   
357.2   	-81.05  
357.6   	-81.18  
358     	-81.28  
358.4   	-81.37  
358.8   	-81.45  
359.2   	-81.5   
359.6   	-81.54  
360     	-81.58  
360.4   	-81.61  
360.8   	-81.63  
361.2   	-81.66  
361.6   	-81.68  
362     	-81.7   
362.4   	-81.73  
362.8   	-81.75  
363.2   	-81.78  
363.6   	-81.8   
364     	-81.83  
364.4   	-81.85  
364.8   	-81.87  
365.2   	-81.89  
365.6   	-81.9   
366     	-81.92  
366.4   	-81.93  
366.8   	-81.95  
367.2   	-81.97  
367.6   	-81.99  
368     	-82     
368.4   	-82     
368.8   	-82     
369.2   	-82     
369.6   	-81.99  
370     	-81.98  
370.4   	-81.97  
370.8   	-81.96  
371.2   	-81.95  
371.6   	-81.94  
372     	-81.94  
372.4   	-81.93  
372.8   	-81.92  
373.2   	-81.92  
373.6   	-81.91  
374     	-81.9   
374.4   	-81.87  
374.8   	-81.82  
375.2   	-81.77  
375.6   	-81.71  
376     	-81.65  
376.4   	-81.58  
376.8   	-81.52  
377.2   	-81.46  
377.6   	-81.41  
378     	-81.35  
378.4   	-81.28  
378.8   	-81.22  
379.2   	-81.16  
379.6   	-81.11  
380     	-81.05  
380.4   	-80.98  
380.8   	-80.92  
381.2   	-80.87  
381.6   	-80.82  
382     	-80.78  
382.4   	-80.74  
382.8   	-80.71  
383.2   	-80.68  
383.6   	-80.65  
384     	-80.63  
384.4   	-80.62  
384.8   	-80.61  
385.2   	-80.61  
385.6   	-80.61  
386     	-80.62  
386.4   	-80.63  
386.8   	-80.65  
387.2   	-80.67  
387.6   	-80.7   
388     	-80.73  
388.4   	-80.76  
388.8   	-80.8   
389.2   	-80.84  
389.6   	-80.88  
390     	-80.92  
390.4   	-80.96  
390.8   	-81     
391.2   	-81.05  
391.6   	-81.09  
392     	-81.14  
392.4   	-81.18  
392.8   	-81.22  
393.2   	-81.26  
393.6   	-81.3   
394     	-81.34  
394.4   	-81.37  
394.8   	-81.4   
395.2   	-81.42  
395.6   	-81.43  
396     	-81.43  
396.4   	-81.43  
396.8   	-81.43  
397.2   	-81.43  
397.6   	-81.44  
398     	-81.44  
398.4   	-81.45  
398.8   	-81.47  
399.2   	-81.48  
399.6   	-81.47  
400     	-81.47  
400.4   	-81.45  
400.8   	-81.44  
401.2   	-81.42  
401.6   	-81.41  
402     	-81.39  
402.4   	-81.38  
402.8   	-81.36  
403.2   	-81.33  
403.6   	-81.29  
404     	-81.25  
404.4   	-81.21  
404.8   	-81.18  
405.2   	-81.14  
405.6   	-81.11  
406     	-81.08  
406.4   	-81.05  
406.8   	-81.04  
407.2   	-81.02  
407.6   	-81.01  
408     	-81     
408.4   	-80.99  
408.8   	-80.98  
409.2   	-80.97  
409.6   	-80.97  
410     	-80.97  
410.4   	-80.98  
410.8   	-80.98  
411.2   	-80.99  
411.6   	-81     
412     	-81.01  
412.4   	-81.02  
412.8   	-81.02  
413.2   	-81.02  
413.6   	-81     
414     	-80.98  
414.4   	-80.96  
414.8   	-80.94  
415.2   	-80.92  
415.6   	-80.91  
416     	-80.89  
416.4   	-80.87  
416.8   	-80.84  
417.2   	-80.8   
417.6   	-80.76  
418     	-80.72  
418.4   	-80.68  
418.8   	-80.63  
419.2   	-80.58  
419.6   	-80.53  
420     	-80.49  
420.4   	-80.45  
420.8   	-80.42  
421.2   	-80.39  
421.6   	-80.37  
422     	-80.36  
422.4   	-80.35  
422.8   	-80.35  
423.2   	-80.35  
423.6   	-80.36  
424     	-80.36  
424.4   	-80.38  
424.8   	-80.39  
425.2   	-80.4   
425.6   	-80.42  
426     	-80.44  
426.4   	-80.47  
426.8   	-80.5   
427.2   	-80.53  
427.6   	-80.56  
428     	-80.6   
428.4   	-80.64  
428.8   	-80.67  
429.2   	-80.7   
429.6   	-80.73  
430     	-80.75  
430.4   	-80.78  
430.8   	-80.8   
431.2   	-80.82  
431.6   	-80.84  
432     	-80.87  
432.4   	-80.89  
432.8   	-80.91  
433.2   	-80.94  
433.6   	-80.97  
434     	-81     
434.4   	-81.02  
434.8   	-81.05  
435.2   	-81.07  
435.6   	-81.07  
436     	-81.08  
436.4   	-81.09  
436.8   	-81.09  
437.2   	-81.1   
437.6   	-81.1   
438     	-81.11  
438.4   	-81.12  
438.8   	-81.14  
439.2   	-81.15  
439.6   	-81.17  
440     	-81.18  
440.4   	-81.2   
440.8   	-81.21  
441.2   	-81.23  
441.6   	-81.24  
442     	-81.24  
442.4   	-81.24  
442.8   	-81.24  
443.2   	-81.24  
443.6   	-81.23  
444     	-81.21  
444.4   	-81.19  
444.8   	-81.16  
445.2   	-81.14  
445.6   	-81.12  
446     	-81.1   
446.4   	-81.09  
446.8   	-81.07  
447.2   	-81.06  
447.6   	-81.05  
448     	-81.04  
448.4   	-81.02  
448.8   	-81.01  
449.2   	-81.01  
449.6   	-80.99  
450     	-80.97  
450.4   	-80.95  
450.8   	-80.92  
451.2   	-80.88  
451.6   	-80.84  
452     	-80.8   
452.4   	-80.76  
452.8   	-80.72  
453.2   	-80.68  
453.6   	-80.64  
454     	-80.6   
454.4   	-80.57  
454.8   	-80.54  
455.2   	-80.51  
455.6   	-80.49  
456     	-80.47  
456.4   	-80.46  
456.8   	-80.44  
457.2   	-80.44  
457.6   	-80.43  
458     	-80.43  
458.4   	-80.43  
458.8   	-80.44  
459.2   	-80.45  
459.6   	-80.47  
460     	-80.49  
460.4   	-80.51  
460.8   	-80.53  
461.2   	-80.56  
461.6   	-80.59  
462     	-80.62  
462.4   	-80.65  
462.8   	-80.68  
463.2   	-80.71  
463.6   	-80.74  
464     	-80.77  
464.4   	-80.8   
464.8   	-80.84  
465.2   	-80.87  
465.6   	-80.91  
466     	-80.95  
466.4   	-81     
466.8   	-81.04  
467.2   	-81.09  
467.6   	-81.13  
468     	-81.17  
468.4   	-81.21  
468.8   	-81.23  
469.2   	-81.25  
469.6   	-81.27  
470     	-81.29  
470.4   	-81.29  
470.8   	-81.29  
471.2   	-81.29  
471.6   	-81.28  
472     	-81.26  
472.4   	-81.24  
472.8   	-81.22  
473.2   	-81.2   
473.6   	-81.18  
474     	-81.16  
474.4   	-81.14  
474.8   	-81.12  
475.2   	-81.1   
475.6   	-81.08  
476     	-81.06  
476.4   	-81.04  
476.8   	-81.02  
477.2   	-80.99  
477.6   	-80.89  
478     	-80.51  
478.4   	-79.51  
478.8   	-76.06  
479.2   	-62.63  
479.6   	-7.232  
480     	43.37   
480.4   	32.19   
480.8   	15.27   
481.2   	-2.605  
481.6   	-20.42  
482     	-39.3   
482.4   	-55.89  
482.8   	-66.54  
483.2   	-72.54  
483.6   	-75.88  
484     	-77.8   
484.4   	-78.95  
484.8   	-79.67  
485.2   	-80.15  
485.6   	-80.47  
486     	-80.7   
486.4   	-80.86  
486.8   	-80.98  
487.2   	-81.06  
487.6   	-81.13  
488     	-81.18  
488.4   	-81.23  
488.8   	-81.26  
489.2   	-81.29  
489.6   	-81.32  
490     	-81.34  
490.4   	-81.36  
490.8   	-81.38  
491.2   	-81.39  
491.6   	-81.41  
492     	-81.42  
492.4   	-81.43  
492.8   	-81.43  
493.2   	-81.44  
493.6   	-81.44  
494     	-81.44  
494.4   	-81.43  
494.8   	-81.42  
495.2   	-81.39  
495.6   	-81.37  
496     	-81.34  
496.4   	-81.31  
496.8   	-81.28  
497.2   	-81.25  
497.6   	-81.23  
498     	-81.2   
498.4   	-81.17  
498.8   	-81.13  
499.2   	-81.1   
499.6   	-81.06  
500     	-81.02  
500.4   	-80.98  
500.8   	-80.94  
501.2   	-80.9   
501.6   	-80.86  
502     	-80.83  
502.4   	-80.79  
502.8   	-80.77  
503.2   	-80.75  
503.6   	-80.73  
504     	-80.72  
504.4   	-80.71  
504.8   	-80.69  
505.2   	-80.68  
505.6   	-80.66  
506     	-80.66  
506.4   	-80.65  
506.8   	-80.65  
507.2   	-80.65  
507.6   	-80.65  
508     	-80.66  
508.4   	-80.67  
508.8   	-80.68  
509.2   	-80.7   
509.6   	-80.72  
510     	-80.73  
510.4   	-80.73  
510.8   	-80.73  
511.2   	-80.72  
511.6   	-80.72  
512     	-80.71  
512.4   	-80.71  
512.8   	-80.7   
513.2   	-80.7   
513.6   	-80.69  
514     	-80.69  
514.4   	-80.69  
514.8   	-80.68  
515.2   	-80.68  
515.6   	-80.69  
516     	-80.69  
516.4   	-80.7   
516.8   	-80.72  
517.2   	-80.74  
517.6   	-80.76  
518     	-80.78  
518.4   	-80.8   
518.8   	-80.81  
519.2   	-80.83  
519.6   	-80.85  
520     	-80.87  
520.4   	-80.9   
520.8   	-80.91  
521.2   	-80.92  
521.6   	-80.93  
522     	-80.93  
522.4   	-80.92  
522.8   	-80.92  
523.2   	-80.92  
523.6   	-80.92  
524     	-80.92  
524.4   	-80.92  
524.8   	-80.9   
525.2   	-80.89  
525.6   	-80.86  
526     	-80.84  
526.4   	-80.8   
526.8   	-80.75  
527.2   	-80.7   
527.6   	-80.65  
528     	-80.61  
528.4   	-80.56  
528.8   	-80.52  
529.2   	-80.47  
529.6   	-80.43  
530     	-80.39  
530.4   	-80.36  
530.8   	-80.32  
531.2   	-80.29  
531.6   	-80.27  
532     	-80.24  
532.4   	-80.18  
532.8   	-79.91  
533.2   	-79.13  
533.6   	-76.47  
534     	-65.84  
534.4   	-24     
534.8   	43.72   
535.2   	34.44   
535.6   	17.95   
536     	0.04013 
536.4   	-17.7   
536.8   	-36.55  
537.2   	-53.84  
537.6   	-65.36  
538     	-71.89  
538.4   	-75.52  
538.8   	-77.59  
539.2   	-78.82  
539.6   	-79.58  
540     	-80.08  
540.4   	-80.41  
540.8   	-80.64  
541.2   	-80.81  
541.6   	-80.94  
542     	-81.04  
542.4   	-81.12  
542.8   	-81.18  
543.2   	-81.22  
543.6   	-81.25  
544     	-81.26  
544.4   	-81.27  
544.8   	-81.28  
545.2   	-81.28  
545.6   	-81.29  
546     	-81.29  
546.4   	-81.3   
546.8   	-81.31  
547.2   	-81.32  
547.6   	-81.33  
548     	-81.33  
548.4   	-81.33  
548.8   	-81.33  
549.2   	-81.32  
549.6   	-81.3   
550     	-81.28  
550.4   	-81.25  
550.8   	-81.19  
551.2   	-81.09  
551.6   	-80.8   
552     	-80.03  
552.4   	-77.66  
552.8   	-68.57  
553.2   	-34.38  
553.6   	43.15   
554     	36.33   
554.4   	20.33   
554.8   	2.457   
555.2   	-15.21  
555.6   	-33.9   
556     	-51.66  
556.4   	-64.05  
556.8   	-71.15  
557.2   	-75.1   
557.6   	-77.35  
558     	-78.67  
558.4   	-79.5   
558.8   	-80.03  
559.2   	-80.39  
559.6   	-80.65  
560     	-80.83  
560.4   	-80.97  
560.8   	-81.06  
561.2   	-81.13  
561.6   	-81.18  
562     	-81.21  
562.4   	-81.24  
562.8   	-81.26  
563.2   	-81.27  
563.6   	-81.28  
564     	-81.29  
564.4   	-81.3   
564.8   	-81.31  
565.2   	-81.32  
565.6   	-81.33  
566     	-81.34  
566.4   	-81.35  
566.8   	-81.36  
567.2   	-81.38  
567.6   	-81.4   
568     	-81.42  
568.4   	-81.44  
568.8   	-81.47  
569.2   	-81.49  
569.6   	-81.52  
570     	-81.55  
570.4   	-81.59  
570.8   	-81.62  
571.2   	-81.66  
571.6   	-81.69  
572     	-81.72  
572.4   	-81.74  
572.8   	-81.76  
573.2   	-81.77  
573.6   	-81.79  
574     	-81.81  
574.4   	-81.83  
574.8   	-81.86  
575.2   	-81.88  
575.6   	-81.91  
576     	-81.94  
576.4   	-81.97  
576.8   	-82     
577.2   	-82.03  
577.6   	-82.06  
578     	-82.07  
578.4   	-82.08  
578.8   	-82.09  
579.2   	-82.08  
579.6   	-82.06  
580     	-82.03  
580.4   	-81.99  
580.8   	-81.95  
581.2   	-81.91  
581.6   	-81.87  
582     	-81.83  
582.4   	-81.78  
582.8   	-81.74  
583.2   	-81.69  
583.6   	-81.65  
584     	-81.62  
584.4   	-81.59  
584.8   	-81.56  
585.2   	-81.53  
585.6   	-81.5   
586     	-81.46  
586.4   	-81.43  
586.8   	-81.4   
587.2   	-81.37  
587.6   	-81.33  
588     	-81.3   
588.4   	-81.27  
588.8   	-81.24  
589.2   	-81.21  
589.6   	-81.19  
590     	-81.16  
590.4   	-81.13  
590.8   	-81.11  
591.2   	-81.09  
591.6   	-81.07  
592     	-81.06  
592.4   	-81.04  
592.8   	-81.01  
593.2   	-80.98  
593.6   	-80.94  
594     	-80.9   
594.4   	-80.85  
594.8   	-80.8   
595.2   	-80.65  
595.6   	-80.18  
596     	-78.91  
596.4   	-74.19  
596.8   	-55.81  
597.2   	26.01   
597.6   	41.83   
598     	28.44   
598.4   	11.02   
598.8   	-6.763  
599.2   	-24.82  
599.6   	-43.61  
600     	-58.95  
600.4   	-68.28  
600.8   	-73.49  
601.2   	-76.41  
601.6   	-78.09  
602     	-79.1   
602.4   	-79.73  
602.8   	-80.15  
603.2   	-80.43  
603.6   	-80.63  
604     	-80.78  
604.4   	-80.88  
604.8   	-80.96  
605.2   	-81.01  
605.6   	-81.05  
606     	-81.08  
606.4   	-81.11  
606.8   	-81.13  
607.2   	-81.14  
607.6   	-81.16  
608     	-81.17  
608.4   	-81.18  
608.8   	-81.19  
609.2   	-81.19  
609.6   	-81.19  
610     	-81.19  
610.4   	-81.19  
610.8   	-81.19  
611.2   	-81.18  
611.6   	-81.18  
612     	-81.17  
612.4   	-81.17  
612.8   	-81.17  
613.2   	-81.17  
613.6   	-81.17  
614     	-81.17  
614.4   	-81.16  
614.8   	-81.15  
615.2   	-81.14  
615.6   	-81.13  
616     	-81.12  
616.4   	-81.11  
616.8   	-81.11  
617.2   	-81.1   
617.6   	-81.1   
618     	-81.09  
618.4   	-81.09  
618.8   	-81.08  
619.2   	-81.07  
619.6   	-81.06  
620     	-81.05  
620.4   	-81.02  
620.8   	-80.99  
621.2   	-80.94  
621.6   	-80.89  
622     	-80.84  
622.4   	-80.79  
622.8   	-80.75  
623.2   	-80.71  
623.6   	-80.68  
624     	-80.66  
624.4   	-80.64  
624.8   	-80.61  
625.2   	-80.58  
625.6   	-80.55  
626     	-80.51  
626.4   	-80.48  
626.8   	-80.45  
627.2   	-80.43  
627.6   	-80.41  
628     	-80.39  
628.4   	-80.37  
628.8   	-80.35  
629.2   	-80.32  
629.6   	-80.31  
630     	-80.29  
630.4   	-80.28  
630.8   	-80.27  
631.2   	-80.26  
631.6   	-80.26  
632     	-80.25  
632.4   	-80.22  
632.8   	-80.09  
633.2   	-79.62  
633.6   	-78.2   
634     	-72.65  
634.4   	-50.93  
634.8   	35.69   
635.2   	40.55   
635.6   	26.22   
636     	8.589   
636.4   	-9.164  
636.8   	-27.43  
637.2   	-46.09  
637.6   	-60.63  
638     	-69.26  
638.4   	-74.06  
638.8   	-76.75  
639.2   	-78.32  
639.6   	-79.28  
640     	-79.89  
640.4   	-80.29  
640.8   	-80.57  
641.2   	-80.76  
641.6   	-80.9   
642     	-81.01  
642.4   	-81.09  
642.8   	-81.16  
643.2   	-81.21  
643.6   	-81.25  
644     	-81.29  
644.4   	-81.32  
644.8   	-81.34  
645.2   	-81.36  
645.6   	-81.38  
646     	-81.39  
646.4   	-81.39  
646.8   	-81.4   
647.2   	-81.41  
647.6   	-81.41  
648     	-81.42  
648.4   	-81.43  
648.8   	-81.44  
649.2   	-81.46  
649.6   	-81.47  
650     	-81.48  
650.4   	-81.49  
650.8   	-81.51  
651.2   	-81.52  
651.6   	-81.52  
652     	-81.52  
652.4   	-81.52  
652.8   	-81.52  
653.2   	-81.53  
653.6   	-81.53  
654     	-81.54  
654.4   	-81.55  
654.8   	-81.56  
655.2   	-81.58  
655.6   	-81.6   
656     	-81.62  
656.4   	-81.64  
656.8   	-81.67  
657.2   	-81.69  
657.6   	-81.71  
658     	-81.73  
658.4   	-81.75  
658.8   	-81.76  
659.2   	-81.78  
659.6   	-81.79  
660     	-81.8   
660.4   	-81.8   
660.8   	-81.81  
661.2   	-81.82  
661.6   	-81.83  
662     	-81.84  
662.4   	-81.85  
662.8   	-81.85  
663.2   	-81.85  
663.6   	-81.84  
664     	-81.84  
664.4   	-81.83  
664.8   	-81.83  
665.2   	-81.82  
665.6   	-81.82  
666     	-81.82  
666.4   	-81.82  
666.8   	-81.83  
667.2   	-81.84  
667.6   	-81.85  
668     	-81.86  
668.4   	-81.88  
668.8   	-81.9   
669.2   	-81.92  
669.6   	-81.94  
670     	-81.97  
670.4   	-81.99  
670.8   	-82     
671.2   	-82.01  
671.6   	-82     
672     	-82     
672.4   	-81.99  
672.8   	-81.98  
673.2   	-81.97  
673.6   	-81.96  
674     	-81.95  
674.4   	-81.94  
674.8   	-81.94  
675.2   	-81.93  
675.6   	-81.93  
676     	-81.93  
676.4   	-81.92  
676.8   	-81.92  
677.2   	-81.92  
677.6   	-81.91  
678     	-81.91  
678.4   	-81.9   
678.8   	-81.89  
679.2   	-81.88  
679.6   	-81.87  
680     	-81.86  
680.4   	-81.84  
680.8   	-81.83  
681.2   	-81.81  
681.6   	-81.8   
682     	-81.79  
682.4   	-81.77  
682.8   	-81.75  
683.2   	-81.73  
683.6   	-81.71  
684     	-81.69  
684.4   	-81.67  
684.8   	-81.66  
685.2   	-81.64  
685.6   	-81.63  
686     	-81.62  
686.4   	-81.6   
686.8   	-81.58  
687.2   	-81.57  
687.6   	-81.56  
688     	-81.54  
688.4   	-81.53  
688.8   	-81.52  
689.2   	-81.5   
689.6   	-81.49  
690     	-81.47  
690.4   	-81.44  
690.8   	-81.42  
691.2   	-81.4   
691.6   	-81.35  
692     	-81.17  
692.4   	-80.61  
692.8   	-79.12  
693.2   	-73.61  
693.6   	-52.68  
694     	33.25   
694.4   	41      
694.8   	26.99   
695.2   	9.435   
695.6   	-8.332  
696     	-26.53  
696.4   	-45.24  
696.8   	-60.06  
697.2   	-68.93  
697.6   	-73.88  
698     	-76.66  
698.4   	-78.28  
698.8   	-79.28  
699.2   	-79.91  
699.6   	-80.35  
700     	-80.65  
700.4   	-80.88  
700.8   	-81.04  
701.2   	-81.18  
701.6   	-81.28  
702     	-81.37  
702.4   	-81.45  
702.8   	-81.51  
703.2   	-81.57  
703.6   	-81.61  
704     	-81.66  
704.4   	-81.7   
704.8   	-81.74  
705.2   	-81.78  
705.6   	-81.82  
706     	-81.86  
706.4   	-81.9   
706.8   	-81.94  
707.2   	-81.98  
707.6   	-82.02  
708     	-82.05  
708.4   	-82.09  
708.8   	-82.12  
709.2   	-82.15  
709.6   	-82.18  
710     	-82.22  
710.4   	-82.25  
710.8   	-82.28  
711.2   	-82.32  
711.6   	-82.35  
712     	-82.38  
712.4   	-82.39  
712.8   	-82.4   
713.2   	-82.38  
713.6   	-82.35  
714     	-82.3   
714.4   	-82.23  
714.8   	-82.15  
715.2   	-82.06  
715.6   	-81.97  
716     	-81.88  
716.4   	-81.79  
716.8   	-81.71  
717.2   	-81.63  
717.6   	-81.56  
718     	-81.49  
718.4   	-81.42  
718.8   	-81.36  
719.2   	-81.31  
719.6   	-81.26  
720     	-81.22  
720.4   	-81.18  
720.8   	-81.15  
721.2   	-81.12  
721.6   	-81.1   
722     	-81.08  
722.4   	-81.06  
722.8   	-81.05  
723.2   	-81.04  
723.6   	-81.04  
724     	-81.05  
724.4   	-81.05  
724.8   	-81.06  
725.2   	-81.07  
725.6   	-81.08  
726     	-81.09  
726.4   	-81.1   
726.8   	-81.1   
727.2   	-81.1   
727.6   	-81.1   
728     	-81.1   
728.4   	-81.09  
728.8   	-81.09  
729.2   	-81.09  
729.6   	-81.09  
730     	-81.1   
730.4   	-81.11  
730.8   	-81.12  
731.2   	-81.13  
731.6   	-81.15  
732     	-81.18  
732.4   	-81.2   
732.8   	-81.21  
733.2   	-81.22  
733.6   	-81.22  
734     	-81.22  
734.4   	-81.23  
734.8   	-81.23  
735.2   	-81.23  
735.6   	-81.24  
736     	-81.25  
736.4   	-81.27  
736.8   	-81.28  
737.2   	-81.28  
737.6   	-81.28  
738     	-81.28  
738.4   	-81.28  
738.8   	-81.26  
739.2   	-81.25  
739.6   	-81.24  
740     	-81.23  
740.4   	-81.21  
740.8   	-81.2   
741.2   	-81.18  
741.6   	-81.17  
742     	-81.15  
742.4   	-81.13  
742.8   	-81.11  
743.2   	-81.09  
743.6   	-81.07  
744     	-81.05  
744.4   	-81.03  
744.8   	-81.01  
745.2   	-81     
745.6   	-80.99  
746     	-80.98  
746.4   	-80.98  
746.8   	-80.97  
747.2   	-80.96  
747.6   	-80.95  
748     	-80.93  
748.4   	-80.93  
748.8   	-80.92  
749.2   	-80.91  
749.6   	-80.89  
750     	-80.84  
750.4   	-80.61  
750.8   	-79.94  
751.2   	-77.93  
751.6   	-70.11  
752     	-40.56  
752.4   	42.19   
752.8   	37.79   
753.2   	22.24   
753.6   	4.4     
754     	-13.29  
754.4   	-31.88  
754.8   	-50.02  
755.2   	-63.07  
755.6   	-70.6   
756     	-74.79  
756.4   	-77.15  
756.8   	-78.54  
757.2   	-79.39  
757.6   	-79.94  
758     	-80.3   
758.4   	-80.55  
758.8   	-80.73  
759.2   	-80.86  
759.6   	-80.95  
760     	-81.03  
760.4   	-81.09  
760.8   	-81.14  
761.2   	-81.18  
761.6   	-81.2   
762     	-81.22  
762.4   	-81.22  
762.8   	-81.23  
763.2   	-81.22  
763.6   	-81.22  
764     	-81.22  
764.4   	-81.22  
764.8   	-81.22  
765.2   	-81.23  
765.6   	-81.23  
766     	-81.24  
766.4   	-81.25  
766.8   	-81.27  
767.2   	-81.29  
767.6   	-81.31  
768     	-81.33  
768.4   	-81.35  
768.8   	-81.37  
769.2   	-81.38  
769.6   	-81.39  
770     	-81.4   
770.4   	-81.39  
770.8   	-81.39  
771.2   	-81.38  
771.6   	-81.37  
772     	-81.35  
772.4   	-81.33  
772.8   	-81.31  
773.2   	-81.29  
773.6   	-81.26  
774     	-81.24  
774.4   	-81.21  
774.8   	-81.19  
775.2   	-81.16  
775.6   	-81.12  
776     	-81.08  
776.4   	-81.02  
776.8   	-80.95  
777.2   	-80.88  
777.6   	-80.82  
778     	-80.77  
778.4   	-80.72  
778.8   	-80.67  
779.2   	-80.63  
779.6   	-80.6   
780     	-80.57  
780.4   	-80.55  
780.8   	-80.53  
781.2   	-80.53  
781.6   	-80.52  
782     	-80.52  
782.4   	-80.53  
782.8   	-80.54  
783.2   	-80.55  
783.6   	-80.57  
784     	-80.58  
784.4   	-80.59  
784.8   	-80.61  
785.2   	-80.62  
785.6   	-80.63  
786     	-80.64  
786.4   	-80.65  
786.8   	-80.66  
787.2   	-80.66  
787.6   	-80.65  
788     	-80.64  
788.4   	-80.63  
788.8   	-80.61  
789.2   	-80.58  
789.6   	-80.56  
790     	-80.51  
790.4   	-80.35  
790.8   	-79.81  
791.2   	-78.22  
791.6   	-72.03  
792     	-48.18  
792.4   	38.4    
792.8   	39.75   
793.2   	25.01   
793.6   	7.302   
794     	-10.41  
794.4   	-28.75  
794.8   	-47.26  
795.2   	-61.35  
795.6   	-69.64  
796     	-74.25  
796.4   	-76.84  
796.8   	-78.34  
797.2   	-79.25  
797.6   	-79.83  
798     	-80.22  
798.4   	-80.48  
798.8   	-80.67  
799.2   	-80.8   
799.6   	-80.89  
800     	-80.95  
800.4   	-80.99  
800.8   	-81.01  
801.2   	-81.02  
801.6   	-81.02  
802     	-81.01  
802.4   	-80.98  
802.8   	-80.96  
803.2   	-80.92  
803.6   	-80.87  
804     	-80.81  
804.4   	-80.73  
804.8   	-80.55  
805.2   	-80.03  
805.6   	-78.56  
806     	-72.93  
806.4   	-51.27  
806.8   	35.18   
807.2   	40.59   
807.6   	26.34   
808     	8.734   
808.4   	-9.016  
808.8   	-27.26  
809.2   	-45.91  
809.6   	-60.5   
810     	-69.16  
810.4   	-73.98  
810.8   	-76.69  
811.2   	-78.26  
811.6   	-79.21  
812     	-79.82  
812.4   	-80.22  
812.8   	-80.5   
813.2   	-80.7   
813.6   	-80.85  
814     	-80.96  
814.4   	-81.04  
814.8   	-81.1   
815.2   	-81.14  
815.6   	-81.17  
816     	-81.19  
816.4   	-81.2   
816.8   	-81.21  
817.2   	-81.22  
817.6   	-81.22  
818     	-81.22  
818.4   	-81.22  
818.8   	-81.21  
819.2   	-81.19  
819.6   	-81.17  
820     	-81.14  
820.4   	-81.11  
820.8   	-81.08  
821.2   	-81.05  
821.6   	-81.03  
822     	-81.02  
822.4   	-81     
822.8   	-81     
823.2   	-80.98  
823.6   	-80.96  
824     	-80.94  
824.4   	-80.92  
824.8   	-80.9   
825.2   	-80.88  
825.6   	-80.87  
826     	-80.86  
826.4   	-80.85  
826.8   	-80.84  
827.2   	-80.84  
827.6   	-80.83  
828     	-80.82  
828.4   	-80.8   
828.8   	-80.79  
829.2   	-80.78  
829.6   	-80.77  
830     	-80.76  
830.4   	-80.75  
830.8   	-80.72  
831.2   	-80.7   
831.6   	-80.67  
832     	-80.65  
832.4   	-80.63  
832.8   	-80.62  
833.2   	-80.6   
833.6   	-80.59  
834     	-80.57  
834.4   	-80.55  
834.8   	-80.54  
835.2   	-80.53  
835.6   	-80.52  
836     	-80.51  
836.4   	-80.51  
836.8   	-80.51  
837.2   	-80.51  
837.6   	-80.52  
838     	-80.54  
838.4   	-80.55  
838.8   	-80.56  
839.2   	-80.57  
839.6   	-80.58  
840     	-80.59  
840.4   	-80.59  
840.8   	-80.59  
841.2   	-80.59  
841.6   	-80.59  
842     	-80.59  
842.4   	-80.59  
842.8   	-80.59  
843.2   	-80.59  
843.6   	-80.59  
844     	-80.6   
844.4   	-80.61  
844.8   	-80.62  
845.2   	-80.63  
845.6   	-80.64  
846     	-80.65  
846.4   	-80.67  
846.8   	-80.69  
847.2   	-80.7   
847.6   	-80.72  
848     	-80.73  
848.4   	-80.75  
848.8   	-80.77  
849.2   	-80.79  
849.6   	-80.82  
850     	-80.84  
850.4   	-80.87  
850.8   	-80.91  
851.2   	-80.94  
851.6   	-80.98  
852     	-81.01  
852.4   	-81.05  
852.8   	-81.08  
853.2   	-81.11  
853.6   	-81.15  
854     	-81.18  
854.4   	-81.22  
854.8   	-81.25  
855.2   	-81.28  
855.6   	-81.3   
856     	-81.33  
856.4   	-81.36  
856.8   	-81.37  
857.2   	-81.38  
857.6   	-81.38  
858     	-81.38  
858.4   	-81.38  
858.8   	-81.37  
859.2   	-81.36  
859.6   	-81.34  
860     	-81.32  
860.4   	-81.28  
860.8   	-81.24  
861.2   	-81.18  
861.6   	-81.13  
862     	-81.07  
862.4   	-81.02  
862.8   	-80.97  
863.2   	-80.93  
863.6   	-80.89  
864     	-80.86  
864.4   	-80.83  
864.8   	-80.8   
865.2   	-80.77  
865.6   	-80.75  
866     	-80.73  
866.4   	-80.71  
866.8   	-80.68  
867.2   	-80.67  
867.6   	-80.65  
868     	-80.63  
868.4   	-80.62  
868.8   	-80.6   
869.2   	-80.58  
869.6   	-80.56  
870     	-80.5   
870.4   	-80.28  
870.8   	-79.63  
871.2   	-77.58  
871.6   	-69.49  
872     	-38.66  
872.4   	42.62   
872.8   	37.33   
873.2   	21.62   
873.6   	3.761   
874     	-13.93  
874.4   	-32.57  
874.8   	-50.6   
875.2   	-63.44  
875.6   	-70.82  
876     	-74.92  
876.4   	-77.24  
876.8   	-78.6   
877.2   	-79.44  
877.6   	-79.98  
878     	-80.35  
878.4   	-80.6   
878.8   	-80.78  
879.2   	-80.92  
879.6   	-81.02  
880     	-81.11  
880.4   	-81.17  
880.8   	-81.23  
881.2   	-81.28  
881.6   	-81.32  
882     	-81.36  
882.4   	-81.4   
882.8   	-81.43  
883.2   	-81.46  
883.6   	-81.49  
884     	-81.53  
884.4   	-81.56  
884.8   	-81.58  
885.2   	-81.61  
885.6   	-81.63  
886     	-81.65  
886.4   	-81.68  
886.8   	-81.7   
887.2   	-81.73  
887.6   	-81.75  
888     	-81.77  
888.4   	-81.79  
888.8   	-81.8   
889.2   	-81.82  
889.6   	-81.84  
890     	-81.86  
890.4   	-81.88  
890.8   	-81.9   
891.2   	-81.92  
891.6   	-81.93  
892     	-81.94  
892.4   	-81.95  
892.8   	-81.95  
893.2   	-81.96  
893.6   	-81.97  
894     	-81.97  
894.4   	-81.98  
894.8   	-81.98  
895.2   	-81.99  
895.6   	-82     
896     	-82     
896.4   	-82.01  
896.8   	-82.02  
897.2   	-82.03  
897.6   	-82.04  
898     	-82.05  
898.4   	-82.07  
898.8   	-82.08  
899.2   	-82.1   
899.6   	-82.1   
900     	-82.1   
900.4   	-82.08  
900.8   	-82.05  
901.2   	-82.02  
901.6   	-81.99  
902     	-81.95  
902.4   	-81.9   
902.8   	-81.86  
903.2   	-81.81  
903.6   	-81.77  
904     	-81.74  
904.4   	-81.7   
904.8   	-81.66  
905.2   	-81.61  
905.6   	-81.57  
906     	-81.52  
906.4   	-81.48  
906.8   	-81.43  
907.2   	-81.37  
907.6   	-81.19  
908     	-80.66  
908.4   	-79.26  
908.8   	-74.14  
909.2   	-54.62  
909.6   	29.38   
910     	41.51   
910.4   	27.87   
910.8   	10.4    
911.2   	-7.374  
911.6   	-25.48  
912     	-44.23  
912.4   	-59.36  
912.8   	-68.51  
913.2   	-73.62  
913.6   	-76.48  
914     	-78.14  
914.4   	-79.14  
914.8   	-79.77  
915.2   	-80.18  
915.6   	-80.46  
916     	-80.64  
916.4   	-80.77  
916.8   	-80.86  
917.2   	-80.93  
917.6   	-80.98  
918     	-81.01  
918.4   	-81.04  
918.8   	-81.06  
919.2   	-81.08  
919.6   	-81.1   
920     	-81.11  
920.4   	-81.12  
920.8   	-81.13  
921.2   	-81.14  
921.6   	-81.15  
922     	-81.15  
922.4   	-81.15  
922.8   	-81.15  
923.2   	-81.15  
923.6   	-81.14  
924     	-81.14  
924.4   	-81.13  
924.8   	-81.12  
925.2   	-81.11  
925.6   	-81.09  
926     	-81.08  
926.4   	-81.06  
926.8   	-81.04  
927.2   	-81.03  
927.6   	-81.02  
928     	-81.01  
928.4   	-81.01  
928.8   	-81.01  
929.2   	-81.02  
929.6   	-81.03  
930     	-81.04  
930.4   	-81.06  
930.8   	-81.08  
931.2   	-81.1   
931.6   	-81.12  
932     	-81.13  
932.4   	-81.15  
932.8   	-81.16  
933.2   	-81.18  
933.6   	-81.2   
934     	-81.22  
934.4   	-81.24  
934.8   	-81.27  
935.2   	-81.3   
935.6   	-81.33  
936     	-81.36  
936.4   	-81.4   
936.8   	-81.44  
937.2   	-81.48  
937.6   	-81.52  
938     	-81.55  
938.4   	-81.59  
938.8   	-81.62  
939.2   	-81.65  
939.6   	-81.65  
940     	-81.66  
940.4   	-81.65  
940.8   	-81.65  
941.2   	-81.65  
941.6   	-81.65  
942     	-81.65  
942.4   	-81.65  
942.8   	-81.66  
943.2   	-81.67  
943.6   	-81.68  
944     	-81.69  
944.4   	-81.68  
944.8   	-81.66  
945.2   	-81.63  
945.6   	-81.59  
946     	-81.54  
946.4   	-81.49  
946.8   	-81.44  
947.2   	-81.39  
947.6   	-81.35  
948     	-81.31  
948.4   	-81.28  
948.8   	-81.25  
949.2   	-81.23  
949.6   	-81.22  
950     	-81.21  
950.4   	-81.2   
950.8   	-81.2   
951.2   	-81.21  
951.6   	-81.21  
952     	-81.22  
952.4   	-81.24  
952.8   	-81.25  
953.2   	-81.27  
953.6   	-81.29  
954     	-81.31  
954.4   	-81.34  
954.8   	-81.36  
955.2   	-81.38  
955.6   	-81.4   
956     	-81.42  
956.4   	-81.44  
956.8   	-81.46  
957.2   	-81.49  
957.6   	-81.51  
958     	-81.53  
958.4   	-81.56  
958.8   	-81.58  
959.2   	-81.6   
959.6   	-81.63  
960     	-81.64  
960.4   	-81.66  
960.8   	-81.69  
961.2   	-81.71  
961.6   	-81.73  
962     	-81.75  
962.4   	-81.77  
962.8   	-81.78  
963.2   	-81.79  
963.6   	-81.8   
964     	-81.8   
964.4   	-81.79  
964.8   	-81.78  
965.2   	-81.77  
965.6   	-81.76  
966     	-81.75  
966.4   	-81.74  
966.8   	-81.74  
967.2   	-81.73  
967.6   	-81.72  
968     	-81.72  
968.4   	-81.71  
968.8   	-81.7   
969.2   	-81.7   
969.6   	-81.69  
970     	-81.68  
970.4   	-81.67  
970.8   	-81.67  
971.2   	-81.67  
971.6   	-81.67  
972     	-81.68  
972.4   	-81.68  
972.8   	-81.68  
973.2   	-81.68  
973.6   	-81.68  
974     	-81.69  
974.4   	-81.7   
974.8   	-81.7   
975.2   	-81.7   
975.6   	-81.7   
976     	-81.7   
976.4   	-81.7   
976.8   	-81.71  
977.2   	-81.71  
977.6   	-81.72  
978     	-81.72  
978.4   	-81.73  
978.8   	-81.74  
979.2   	-81.74  
979.6   	-81.73  
980     	-81.71  
980.4   	-81.7   
980.8   	-81.68  
981.2   	-81.67  
981.6   	-81.67  
982     	-81.66  
982.4   	-81.66  
982.8   	-81.64  
983.2   	-81.63  
983.6   	-81.61  
984     	-81.58  
984.4   	-81.55  
984.8   	-81.52  
985.2   	-81.48  
985.6   	-81.44  
986     	-81.4   
986.4   	-81.36  
986.8   	-81.32  
987.2   	-81.29  
987.6   	-81.25  
988     	-81.21  
988.4   	-81.17  
988.8   	-81.14  
989.2   	-81.1   
989.6   	-81.05  
990     	-81     
990.4   	-80.93  
990.8   	-80.79  
991.2   	-80.38  
991.6   	-79.26  
992     	-75.28  
992.4   	-59.72  
992.8   	9.298   
993.2   	42.84   
993.6   	30.55   
994     	13.38   
994.4   	-4.48   
994.8   	-22.4   
995.2   	-41.29  
995.6   	-57.35  
996     	-67.37  
996.4   	-72.98  
996.8   	-76.11  
997.2   	-77.91  
997.6   	-78.98  
998     	-79.65  
998.4   	-80.08  
998.8   	-80.36  
999.2   	-80.56  
999.6   	-80.69  
