
SWEPT_VAR_1 = 75.0    // Syn: Source PP \ NetStim \ PARAMETER \ interval (ms)

t	s.v( 0.05 )
ms	mV
0       	-64.65  
0.4     	-65.51  
0.8     	-66.35  
1.2     	-67.15  
1.6     	-67.92  
2       	-68.66  
2.4     	-69.37  
2.8     	-70.05  
3.2     	-70.7   
3.6     	-71.33  
4       	-71.92  
4.4     	-72.49  
4.8     	-73.04  
5.2     	-73.56  
5.6     	-74.06  
6       	-74.53  
6.4     	-74.99  
6.8     	-75.42  
7.2     	-75.83  
7.6     	-76.22  
8       	-76.59  
8.4     	-76.94  
8.8     	-77.27  
9.2     	-77.59  
9.6     	-77.87  
10      	-78.14  
10.4    	-78.39  
10.8    	-78.62  
11.2    	-78.84  
11.6    	-79.05  
12      	-79.24  
12.4    	-79.43  
12.8    	-79.6   
13.2    	-79.76  
13.6    	-79.91  
14      	-80.05  
14.4    	-80.18  
14.8    	-80.3   
15.2    	-80.41  
15.6    	-80.51  
16      	-80.6   
16.4    	-80.69  
16.8    	-80.78  
17.2    	-80.85  
17.6    	-80.92  
18      	-80.98  
18.4    	-81.04  
18.8    	-81.1   
19.2    	-81.16  
19.6    	-81.21  
20      	-81.26  
20.4    	-81.31  
20.8    	-81.36  
21.2    	-81.41  
21.6    	-81.46  
22      	-81.5   
22.4    	-81.55  
22.8    	-81.6   
23.2    	-81.64  
23.6    	-81.69  
24      	-81.74  
24.4    	-81.79  
24.8    	-81.84  
25.2    	-81.89  
25.6    	-81.94  
26      	-81.99  
26.4    	-82.04  
26.8    	-82.09  
27.2    	-82.14  
27.6    	-82.18  
28      	-82.22  
28.4    	-82.26  
28.8    	-82.28  
29.2    	-82.3   
29.6    	-82.31  
30      	-82.31  
30.4    	-82.3   
30.8    	-82.28  
31.2    	-82.25  
31.6    	-82.22  
32      	-82.18  
32.4    	-82.15  
32.8    	-82.11  
33.2    	-82.07  
33.6    	-82.03  
34      	-81.98  
34.4    	-81.92  
34.8    	-81.87  
35.2    	-81.81  
35.6    	-81.74  
36      	-81.66  
36.4    	-81.56  
36.8    	-81.47  
37.2    	-81.37  
37.6    	-81.29  
38      	-81.2   
38.4    	-81.12  
38.8    	-81.04  
39.2    	-80.95  
39.6    	-80.87  
40      	-80.79  
40.4    	-80.71  
40.8    	-80.64  
41.2    	-80.58  
41.6    	-80.52  
42      	-80.47  
42.4    	-80.42  
42.8    	-80.38  
43.2    	-80.35  
43.6    	-80.32  
44      	-80.3   
44.4    	-80.28  
44.8    	-80.27  
45.2    	-80.27  
45.6    	-80.27  
46      	-80.28  
46.4    	-80.29  
46.8    	-80.3   
47.2    	-80.31  
47.6    	-80.32  
48      	-80.33  
48.4    	-80.34  
48.8    	-80.35  
49.2    	-80.35  
49.6    	-80.35  
50      	-80.31  
50.4    	-80.11  
50.8    	-79.47  
51.2    	-77.43  
51.6    	-69.35  
52      	-38.35  
52.4    	42.68   
52.8    	37.26   
53.2    	21.52   
53.6    	3.657   
54      	-14.03  
54.4    	-32.67  
54.8    	-50.68  
55.2    	-63.48  
55.6    	-70.84  
56      	-74.92  
56.4    	-77.23  
56.8    	-78.59  
57.2    	-79.43  
57.6    	-79.97  
58      	-80.33  
58.4    	-80.58  
58.8    	-80.77  
59.2    	-80.9   
59.6    	-81.01  
60      	-81.08  
60.4    	-81.14  
60.8    	-81.19  
61.2    	-81.22  
61.6    	-81.24  
62      	-81.26  
62.4    	-81.27  
62.8    	-81.27  
63.2    	-81.27  
63.6    	-81.26  
64      	-81.26  
64.4    	-81.26  
64.8    	-81.26  
65.2    	-81.26  
65.6    	-81.27  
66      	-81.28  
66.4    	-81.29  
66.8    	-81.3   
67.2    	-81.31  
67.6    	-81.32  
68      	-81.32  
68.4    	-81.32  
68.8    	-81.32  
69.2    	-81.32  
69.6    	-81.32  
70      	-81.32  
70.4    	-81.32  
70.8    	-81.32  
71.2    	-81.33  
71.6    	-81.33  
72      	-81.33  
72.4    	-81.31  
72.8    	-81.29  
73.2    	-81.26  
73.6    	-81.22  
74      	-81.19  
74.4    	-81.16  
74.8    	-81.12  
75.2    	-81.08  
75.6    	-81.04  
76      	-80.99  
76.4    	-80.95  
76.8    	-80.9   
77.2    	-80.84  
77.6    	-80.78  
78      	-80.71  
78.4    	-80.55  
78.8    	-80.08  
79.2    	-78.79  
79.6    	-73.95  
80      	-55.05  
80.4    	28.19   
80.8    	41.64   
81.2    	28.09   
81.6    	10.63   
82      	-7.154  
82.4    	-25.25  
82.8    	-44.02  
83.2    	-59.23  
83.6    	-68.45  
84      	-73.6   
84.4    	-76.48  
84.8    	-78.15  
85.2    	-79.16  
85.6    	-79.8   
86      	-80.23  
86.4    	-80.52  
86.8    	-80.74  
87.2    	-80.89  
87.6    	-81     
88      	-81.09  
88.4    	-81.16  
88.8    	-81.21  
89.2    	-81.24  
89.6    	-81.26  
90      	-81.27  
90.4    	-81.27  
90.8    	-81.25  
91.2    	-81.24  
91.6    	-81.22  
92      	-81.2   
92.4    	-81.18  
92.8    	-81.16  
93.2    	-81.14  
93.6    	-81.12  
94      	-81.1   
94.4    	-81.09  
94.8    	-81.08  
95.2    	-81.08  
95.6    	-81.07  
96      	-81.08  
96.4    	-81.08  
96.8    	-81.09  
97.2    	-81.09  
97.6    	-81.09  
98      	-81.1   
98.4    	-81.11  
98.8    	-81.12  
99.2    	-81.13  
99.6    	-81.15  
100     	-81.17  
100.4   	-81.2   
100.8   	-81.21  
101.2   	-81.23  
101.6   	-81.24  
102     	-81.26  
102.4   	-81.27  
102.8   	-81.29  
103.2   	-81.3   
103.6   	-81.31  
104     	-81.32  
104.4   	-81.33  
104.8   	-81.34  
105.2   	-81.35  
105.6   	-81.36  
106     	-81.37  
106.4   	-81.37  
106.8   	-81.37  
107.2   	-81.38  
107.6   	-81.38  
108     	-81.38  
108.4   	-81.38  
108.8   	-81.39  
109.2   	-81.39  
109.6   	-81.38  
110     	-81.38  
110.4   	-81.38  
110.8   	-81.37  
111.2   	-81.37  
111.6   	-81.36  
112     	-81.36  
112.4   	-81.35  
112.8   	-81.35  
113.2   	-81.34  
113.6   	-81.32  
114     	-81.31  
114.4   	-81.3   
114.8   	-81.29  
115.2   	-81.29  
115.6   	-81.29  
116     	-81.3   
116.4   	-81.31  
116.8   	-81.32  
117.2   	-81.33  
117.6   	-81.34  
118     	-81.36  
118.4   	-81.38  
118.8   	-81.39  
119.2   	-81.41  
119.6   	-81.42  
120     	-81.44  
120.4   	-81.46  
120.8   	-81.47  
121.2   	-81.49  
121.6   	-81.51  
122     	-81.53  
122.4   	-81.54  
122.8   	-81.55  
123.2   	-81.56  
123.6   	-81.57  
124     	-81.59  
124.4   	-81.6   
124.8   	-81.61  
125.2   	-81.62  
125.6   	-81.63  
126     	-81.63  
126.4   	-81.63  
126.8   	-81.64  
127.2   	-81.64  
127.6   	-81.64  
128     	-81.62  
128.4   	-81.49  
128.8   	-81.04  
129.2   	-79.9   
129.6   	-76.02  
130     	-61.24  
130.4   	1.228   
130.8   	43.12   
131.2   	31.35   
131.6   	14.3    
132     	-3.568  
132.4   	-21.44  
132.8   	-40.33  
133.2   	-56.65  
133.6   	-66.98  
134     	-72.79  
134.4   	-76.03  
134.8   	-77.9   
135.2   	-79.02  
135.6   	-79.73  
136     	-80.19  
136.4   	-80.52  
136.8   	-80.75  
137.2   	-80.93  
137.6   	-81.07  
138     	-81.18  
138.4   	-81.26  
138.8   	-81.34  
139.2   	-81.4   
139.6   	-81.45  
140     	-81.5   
140.4   	-81.54  
140.8   	-81.57  
141.2   	-81.6   
141.6   	-81.62  
142     	-81.65  
142.4   	-81.67  
142.8   	-81.69  
143.2   	-81.71  
143.6   	-81.73  
144     	-81.75  
144.4   	-81.76  
144.8   	-81.75  
145.2   	-81.73  
145.6   	-81.71  
146     	-81.68  
146.4   	-81.65  
146.8   	-81.62  
147.2   	-81.6   
147.6   	-81.58  
148     	-81.56  
148.4   	-81.54  
148.8   	-81.53  
149.2   	-81.52  
149.6   	-81.5   
150     	-81.47  
150.4   	-81.44  
150.8   	-81.39  
151.2   	-81.35  
151.6   	-81.3   
152     	-81.26  
152.4   	-81.22  
152.8   	-81.18  
153.2   	-81.14  
153.6   	-81.1   
154     	-81.06  
154.4   	-81.03  
154.8   	-81     
155.2   	-80.98  
155.6   	-80.96  
156     	-80.94  
156.4   	-80.93  
156.8   	-80.93  
157.2   	-80.92  
157.6   	-80.92  
158     	-80.92  
158.4   	-80.92  
158.8   	-80.92  
159.2   	-80.92  
159.6   	-80.93  
160     	-80.94  
160.4   	-80.95  
160.8   	-80.97  
161.2   	-80.99  
161.6   	-81.01  
162     	-81.04  
162.4   	-81.07  
162.8   	-81.11  
163.2   	-81.14  
163.6   	-81.18  
164     	-81.23  
164.4   	-81.26  
164.8   	-81.3   
165.2   	-81.32  
165.6   	-81.35  
166     	-81.37  
166.4   	-81.4   
166.8   	-81.42  
167.2   	-81.45  
167.6   	-81.48  
168     	-81.5   
168.4   	-81.51  
168.8   	-81.51  
169.2   	-81.5   
169.6   	-81.49  
170     	-81.46  
170.4   	-81.44  
170.8   	-81.41  
171.2   	-81.37  
171.6   	-81.33  
172     	-81.29  
172.4   	-81.25  
172.8   	-81.21  
173.2   	-81.17  
173.6   	-81.14  
174     	-81.11  
174.4   	-81.08  
174.8   	-81.06  
175.2   	-81.04  
175.6   	-81.01  
176     	-80.98  
176.4   	-80.96  
176.8   	-80.94  
177.2   	-80.92  
177.6   	-80.9   
178     	-80.88  
178.4   	-80.87  
178.8   	-80.87  
179.2   	-80.86  
179.6   	-80.87  
180     	-80.87  
180.4   	-80.89  
180.8   	-80.9   
181.2   	-80.91  
181.6   	-80.93  
182     	-80.94  
182.4   	-80.95  
182.8   	-80.95  
183.2   	-80.95  
183.6   	-80.96  
184     	-80.96  
184.4   	-80.96  
184.8   	-80.95  
185.2   	-80.94  
185.6   	-80.92  
186     	-80.91  
186.4   	-80.9   
186.8   	-80.9   
187.2   	-80.9   
187.6   	-80.91  
188     	-80.92  
188.4   	-80.93  
188.8   	-80.94  
189.2   	-80.95  
189.6   	-80.96  
190     	-80.97  
190.4   	-80.98  
190.8   	-80.99  
191.2   	-81     
191.6   	-81     
192     	-81     
192.4   	-81     
192.8   	-80.98  
193.2   	-80.95  
193.6   	-80.91  
194     	-80.88  
194.4   	-80.84  
194.8   	-80.8   
195.2   	-80.77  
195.6   	-80.74  
196     	-80.72  
196.4   	-80.69  
196.8   	-80.67  
197.2   	-80.65  
197.6   	-80.63  
198     	-80.61  
198.4   	-80.59  
198.8   	-80.57  
199.2   	-80.55  
199.6   	-80.52  
200     	-80.51  
200.4   	-80.49  
200.8   	-80.49  
201.2   	-80.48  
201.6   	-80.48  
202     	-80.47  
202.4   	-80.47  
202.8   	-80.47  
203.2   	-80.47  
203.6   	-80.46  
204     	-80.39  
204.4   	-80.1   
204.8   	-79.27  
205.2   	-76.45  
205.6   	-65.26  
206     	-21.15  
206.4   	43.71   
206.8   	34      
207.2   	17.41   
207.6   	-0.4955 
208     	-18.24  
208.4   	-37.11  
208.8   	-54.25  
209.2   	-65.59  
209.6   	-72     
210     	-75.57  
210.4   	-77.6   
210.8   	-78.81  
211.2   	-79.56  
211.6   	-80.04  
212     	-80.35  
212.4   	-80.57  
212.8   	-80.72  
213.2   	-80.83  
213.6   	-80.92  
214     	-80.98  
214.4   	-81.03  
214.8   	-81.06  
215.2   	-81.09  
215.6   	-81.12  
216     	-81.14  
216.4   	-81.16  
216.8   	-81.18  
217.2   	-81.19  
217.6   	-81.2   
218     	-81.21  
218.4   	-81.2   
218.8   	-81.18  
219.2   	-81.16  
219.6   	-81.14  
220     	-81.12  
220.4   	-81.1   
220.8   	-81.07  
221.2   	-81.04  
221.6   	-81     
222     	-80.97  
222.4   	-80.94  
222.8   	-80.91  
223.2   	-80.88  
223.6   	-80.85  
224     	-80.82  
224.4   	-80.81  
224.8   	-80.79  
225.2   	-80.79  
225.6   	-80.78  
226     	-80.79  
226.4   	-80.79  
226.8   	-80.81  
227.2   	-80.82  
227.6   	-80.85  
228     	-80.87  
228.4   	-80.9   
228.8   	-80.93  
229.2   	-80.96  
229.6   	-80.99  
230     	-81.01  
230.4   	-81.02  
230.8   	-81.02  
231.2   	-81.02  
231.6   	-81.02  
232     	-81.01  
232.4   	-81.01  
232.8   	-81.01  
233.2   	-81.02  
233.6   	-81.02  
234     	-81.02  
234.4   	-81.03  
234.8   	-81.03  
235.2   	-81.04  
235.6   	-81.05  
236     	-81.07  
236.4   	-81.09  
236.8   	-81.11  
237.2   	-81.14  
237.6   	-81.16  
238     	-81.18  
238.4   	-81.19  
238.8   	-81.2   
239.2   	-81.19  
239.6   	-81.16  
240     	-81.13  
240.4   	-81.09  
240.8   	-81.07  
241.2   	-81.04  
241.6   	-81.02  
242     	-81.01  
242.4   	-81     
242.8   	-80.99  
243.2   	-80.98  
243.6   	-80.97  
244     	-80.95  
244.4   	-80.94  
244.8   	-80.92  
245.2   	-80.9   
245.6   	-80.88  
246     	-80.87  
246.4   	-80.86  
246.8   	-80.86  
247.2   	-80.86  
247.6   	-80.87  
248     	-80.88  
248.4   	-80.89  
248.8   	-80.91  
249.2   	-80.93  
249.6   	-80.96  
250     	-80.99  
250.4   	-81.03  
250.8   	-81.07  
251.2   	-81.1   
251.6   	-81.14  
252     	-81.18  
252.4   	-81.22  
252.8   	-81.26  
253.2   	-81.29  
253.6   	-81.33  
254     	-81.37  
254.4   	-81.41  
254.8   	-81.44  
255.2   	-81.48  
255.6   	-81.51  
256     	-81.53  
256.4   	-81.56  
256.8   	-81.58  
257.2   	-81.59  
257.6   	-81.6   
258     	-81.61  
258.4   	-81.61  
258.8   	-81.61  
259.2   	-81.6   
259.6   	-81.6   
260     	-81.58  
260.4   	-81.55  
260.8   	-81.51  
261.2   	-81.48  
261.6   	-81.44  
262     	-81.4   
262.4   	-81.37  
262.8   	-81.33  
263.2   	-81.3   
263.6   	-81.27  
264     	-81.24  
264.4   	-81.2   
264.8   	-81.16  
265.2   	-81.11  
265.6   	-81.03  
266     	-80.75  
266.4   	-79.99  
266.8   	-77.65  
267.2   	-68.64  
267.6   	-34.72  
268     	43.12   
268.4   	36.41   
268.8   	20.43   
269.2   	2.558   
269.6   	-15.11  
270     	-33.78  
270.4   	-51.56  
270.8   	-63.98  
271.2   	-71.09  
271.6   	-75.05  
272     	-77.28  
272.4   	-78.6   
272.8   	-79.41  
273.2   	-79.93  
273.6   	-80.27  
274     	-80.51  
274.4   	-80.69  
274.8   	-80.81  
275.2   	-80.89  
275.6   	-80.95  
276     	-80.99  
276.4   	-81.01  
276.8   	-81.02  
277.2   	-81     
277.6   	-80.84  
278     	-80.33  
278.4   	-78.99  
278.8   	-74.04  
279.2   	-55.13  
279.6   	27.43   
280     	41.5    
280.4   	28.03   
280.8   	10.59   
281.2   	-7.182  
281.6   	-25.28  
282     	-44.04  
282.4   	-59.24  
282.8   	-68.45  
283.2   	-73.6   
283.6   	-76.48  
284     	-78.14  
284.4   	-79.15  
284.8   	-79.78  
285.2   	-80.19  
285.6   	-80.46  
286     	-80.65  
286.4   	-80.78  
286.8   	-80.87  
287.2   	-80.94  
287.6   	-80.99  
288     	-81.03  
288.4   	-81.05  
288.8   	-81.08  
289.2   	-81.09  
289.6   	-81.11  
290     	-81.11  
290.4   	-81.1   
290.8   	-81.09  
291.2   	-81.06  
291.6   	-81.03  
292     	-81.01  
292.4   	-80.98  
292.8   	-80.96  
293.2   	-80.94  
293.6   	-80.93  
294     	-80.92  
294.4   	-80.91  
294.8   	-80.91  
295.2   	-80.92  
295.6   	-80.92  
296     	-80.92  
296.4   	-80.93  
296.8   	-80.93  
297.2   	-80.94  
297.6   	-80.95  
298     	-80.96  
298.4   	-80.97  
298.8   	-80.98  
299.2   	-80.99  
299.6   	-81     
300     	-81.01  
300.4   	-81.02  
300.8   	-81.03  
301.2   	-81.03  
301.6   	-81.03  
302     	-81.03  
302.4   	-81.01  
302.8   	-81     
303.2   	-80.98  
303.6   	-80.96  
304     	-80.94  
304.4   	-80.92  
304.8   	-80.91  
305.2   	-80.9   
305.6   	-80.89  
306     	-80.89  
306.4   	-80.89  
306.8   	-80.88  
307.2   	-80.87  
307.6   	-80.85  
308     	-80.82  
308.4   	-80.78  
308.8   	-80.75  
309.2   	-80.71  
309.6   	-80.68  
310     	-80.65  
310.4   	-80.63  
310.8   	-80.61  
311.2   	-80.59  
311.6   	-80.58  
312     	-80.57  
312.4   	-80.56  
312.8   	-80.56  
313.2   	-80.57  
313.6   	-80.58  
314     	-80.59  
314.4   	-80.6   
314.8   	-80.62  
315.2   	-80.64  
315.6   	-80.67  
316     	-80.7   
316.4   	-80.73  
316.8   	-80.76  
317.2   	-80.8   
317.6   	-80.84  
318     	-80.89  
318.4   	-80.93  
318.8   	-80.97  
319.2   	-81.01  
319.6   	-81.05  
320     	-81.08  
320.4   	-81.11  
320.8   	-81.13  
321.2   	-81.16  
321.6   	-81.19  
322     	-81.23  
322.4   	-81.26  
322.8   	-81.29  
323.2   	-81.3   
323.6   	-81.31  
324     	-81.31  
324.4   	-81.31  
324.8   	-81.3   
325.2   	-81.3   
325.6   	-81.3   
326     	-81.3   
326.4   	-81.28  
326.8   	-81.27  
327.2   	-81.25  
327.6   	-81.24  
328     	-81.22  
328.4   	-81.21  
328.8   	-81.21  
329.2   	-81.2   
329.6   	-81.2   
330     	-81.21  
330.4   	-81.22  
330.8   	-81.22  
331.2   	-81.23  
331.6   	-81.24  
332     	-81.26  
332.4   	-81.27  
332.8   	-81.29  
333.2   	-81.31  
333.6   	-81.34  
334     	-81.36  
334.4   	-81.38  
334.8   	-81.4   
335.2   	-81.41  
335.6   	-81.43  
336     	-81.46  
336.4   	-81.47  
336.8   	-81.48  
337.2   	-81.49  
337.6   	-81.49  
338     	-81.47  
338.4   	-81.45  
338.8   	-81.41  
339.2   	-81.36  
339.6   	-81.31  
340     	-81.26  
340.4   	-81.2   
340.8   	-81.14  
341.2   	-81.05  
341.6   	-80.75  
342     	-79.96  
342.4   	-77.5   
342.8   	-68.04  
343.2   	-32.28  
343.6   	43.36   
344     	35.91   
344.4   	19.79   
344.8   	1.909   
345.2   	-15.77  
345.6   	-34.5   
346     	-52.17  
346.4   	-64.36  
346.8   	-71.32  
347.2   	-75.2   
347.6   	-77.41  
348     	-78.72  
348.4   	-79.53  
348.8   	-80.06  
349.2   	-80.42  
349.6   	-80.68  
350     	-80.88  
350.4   	-81.03  
350.8   	-81.15  
351.2   	-81.25  
351.6   	-81.32  
352     	-81.39  
352.4   	-81.44  
352.8   	-81.48  
353.2   	-81.52  
353.6   	-81.56  
354     	-81.59  
354.4   	-81.62  
354.8   	-81.63  
355.2   	-81.64  
355.6   	-81.64  
356     	-81.64  
356.4   	-81.64  
356.8   	-81.64  
357.2   	-81.64  
357.6   	-81.65  
358     	-81.65  
358.4   	-81.64  
358.8   	-81.64  
359.2   	-81.63  
359.6   	-81.63  
360     	-81.63  
360.4   	-81.63  
360.8   	-81.64  
361.2   	-81.65  
361.6   	-81.66  
362     	-81.68  
362.4   	-81.69  
362.8   	-81.71  
363.2   	-81.71  
363.6   	-81.7   
364     	-81.68  
364.4   	-81.66  
364.8   	-81.63  
365.2   	-81.61  
365.6   	-81.59  
366     	-81.57  
366.4   	-81.55  
366.8   	-81.53  
367.2   	-81.52  
367.6   	-81.51  
368     	-81.51  
368.4   	-81.51  
368.8   	-81.51  
369.2   	-81.51  
369.6   	-81.51  
370     	-81.5   
370.4   	-81.48  
370.8   	-81.45  
371.2   	-81.42  
371.6   	-81.39  
372     	-81.37  
372.4   	-81.34  
372.8   	-81.3   
373.2   	-81.27  
373.6   	-81.24  
374     	-81.21  
374.4   	-81.19  
374.8   	-81.17  
375.2   	-81.16  
375.6   	-81.15  
376     	-81.15  
376.4   	-81.14  
376.8   	-81.14  
377.2   	-81.13  
377.6   	-81.11  
378     	-81.1   
378.4   	-81.08  
378.8   	-81.06  
379.2   	-81.04  
379.6   	-81.02  
380     	-80.99  
380.4   	-80.95  
380.8   	-80.91  
381.2   	-80.88  
381.6   	-80.85  
382     	-80.83  
382.4   	-80.81  
382.8   	-80.8   
383.2   	-80.79  
383.6   	-80.79  
384     	-80.79  
384.4   	-80.8   
384.8   	-80.8   
385.2   	-80.8   
385.6   	-80.81  
386     	-80.8   
386.4   	-80.8   
386.8   	-80.8   
387.2   	-80.79  
387.6   	-80.79  
388     	-80.79  
388.4   	-80.79  
388.8   	-80.8   
389.2   	-80.8   
389.6   	-80.81  
390     	-80.82  
390.4   	-80.83  
390.8   	-80.85  
391.2   	-80.87  
391.6   	-80.9   
392     	-80.92  
392.4   	-80.94  
392.8   	-80.96  
393.2   	-80.99  
393.6   	-81.01  
394     	-81.04  
394.4   	-81.06  
394.8   	-81.09  
395.2   	-81.11  
395.6   	-81.14  
396     	-81.16  
396.4   	-81.17  
396.8   	-81.17  
397.2   	-81.17  
397.6   	-81.16  
398     	-81.16  
398.4   	-81.16  
398.8   	-81.17  
399.2   	-81.17  
399.6   	-81.18  
400     	-81.19  
400.4   	-81.2   
400.8   	-81.21  
401.2   	-81.22  
401.6   	-81.23  
402     	-81.24  
402.4   	-81.25  
402.8   	-81.25  
403.2   	-81.26  
403.6   	-81.27  
404     	-81.28  
404.4   	-81.29  
404.8   	-81.3   
405.2   	-81.3   
405.6   	-81.3   
406     	-81.29  
406.4   	-81.28  
406.8   	-81.26  
407.2   	-81.24  
407.6   	-81.22  
408     	-81.19  
408.4   	-81.16  
408.8   	-81.13  
409.2   	-81.1   
409.6   	-81.08  
410     	-81.05  
410.4   	-81.03  
410.8   	-81.01  
411.2   	-80.99  
411.6   	-80.97  
412     	-80.95  
412.4   	-80.92  
412.8   	-80.9   
413.2   	-80.88  
413.6   	-80.87  
414     	-80.86  
414.4   	-80.85  
414.8   	-80.85  
415.2   	-80.85  
415.6   	-80.86  
416     	-80.87  
416.4   	-80.89  
416.8   	-80.91  
417.2   	-80.92  
417.6   	-80.93  
418     	-80.94  
418.4   	-80.96  
418.8   	-80.97  
419.2   	-80.98  
419.6   	-80.99  
420     	-80.99  
420.4   	-80.98  
420.8   	-80.95  
421.2   	-80.92  
421.6   	-80.87  
422     	-80.83  
422.4   	-80.78  
422.8   	-80.74  
423.2   	-80.7   
423.6   	-80.66  
424     	-80.61  
424.4   	-80.56  
424.8   	-80.51  
425.2   	-80.46  
425.6   	-80.41  
426     	-80.37  
426.4   	-80.29  
426.8   	-80.01  
427.2   	-79.25  
427.6   	-76.69  
428     	-66.51  
428.4   	-26.85  
428.8   	43.67   
429.2   	34.92   
429.6   	18.54   
430     	0.6326  
430.4   	-17.09  
430.8   	-35.9   
431.2   	-53.31  
431.6   	-65.03  
432     	-71.69  
432.4   	-75.39  
432.8   	-77.49  
433.2   	-78.73  
433.6   	-79.5   
434     	-79.99  
434.4   	-80.33  
434.8   	-80.56  
435.2   	-80.73  
435.6   	-80.86  
436     	-80.95  
436.4   	-81.02  
436.8   	-81.07  
437.2   	-81.11  
437.6   	-81.13  
438     	-81.15  
438.4   	-81.17  
438.8   	-81.17  
439.2   	-81.18  
439.6   	-81.18  
440     	-81.17  
440.4   	-81.16  
440.8   	-81.14  
441.2   	-81.12  
441.6   	-81.09  
442     	-81.07  
442.4   	-81.05  
442.8   	-81.04  
443.2   	-81.02  
443.6   	-81     
444     	-80.99  
444.4   	-80.98  
444.8   	-80.97  
445.2   	-80.97  
445.6   	-80.97  
446     	-80.97  
446.4   	-80.98  
446.8   	-80.98  
447.2   	-80.99  
447.6   	-80.99  
448     	-80.99  
448.4   	-80.99  
448.8   	-81     
449.2   	-81.01  
449.6   	-81.02  
450     	-81.03  
450.4   	-81.04  
450.8   	-81.05  
451.2   	-81.06  
451.6   	-81.07  
452     	-81.09  
452.4   	-81.1   
452.8   	-81.12  
453.2   	-81.13  
453.6   	-81.14  
454     	-81.14  
454.4   	-81.15  
454.8   	-81.15  
455.2   	-81.14  
455.6   	-81.13  
456     	-81.11  
456.4   	-81.06  
456.8   	-81.01  
457.2   	-80.94  
457.6   	-80.87  
458     	-80.79  
458.4   	-80.71  
458.8   	-80.53  
459.2   	-80.03  
459.6   	-78.6   
460     	-73.15  
460.4   	-52.02  
460.8   	34.23   
461.2   	40.84   
461.6   	26.71   
462     	9.12    
462.4   	-8.638  
462.8   	-26.85  
463.2   	-45.54  
463.6   	-60.25  
464     	-69.02  
464.4   	-73.9   
464.8   	-76.63  
465.2   	-78.21  
465.6   	-79.16  
466     	-79.76  
466.4   	-80.16  
466.8   	-80.42  
467.2   	-80.6   
467.6   	-80.72  
468     	-80.8   
468.4   	-80.85  
468.8   	-80.89  
469.2   	-80.91  
469.6   	-80.92  
470     	-80.93  
470.4   	-80.92  
470.8   	-80.91  
471.2   	-80.9   
471.6   	-80.88  
472     	-80.86  
472.4   	-80.85  
472.8   	-80.83  
473.2   	-80.81  
473.6   	-80.78  
474     	-80.76  
474.4   	-80.74  
474.8   	-80.73  
475.2   	-80.71  
475.6   	-80.69  
476     	-80.68  
476.4   	-80.66  
476.8   	-80.62  
477.2   	-80.58  
477.6   	-80.54  
478     	-80.5   
478.4   	-80.47  
478.8   	-80.44  
479.2   	-80.41  
479.6   	-80.38  
480     	-80.36  
480.4   	-80.34  
480.8   	-80.32  
481.2   	-80.32  
481.6   	-80.31  
482     	-80.31  
482.4   	-80.32  
482.8   	-80.33  
483.2   	-80.35  
483.6   	-80.37  
484     	-80.4   
484.4   	-80.43  
484.8   	-80.46  
485.2   	-80.49  
485.6   	-80.51  
486     	-80.53  
486.4   	-80.56  
486.8   	-80.58  
487.2   	-80.61  
487.6   	-80.64  
488     	-80.67  
488.4   	-80.7   
488.8   	-80.72  
489.2   	-80.73  
489.6   	-80.73  
490     	-80.73  
490.4   	-80.71  
490.8   	-80.69  
491.2   	-80.67  
491.6   	-80.65  
492     	-80.63  
492.4   	-80.61  
492.8   	-80.59  
493.2   	-80.56  
493.6   	-80.53  
494     	-80.5   
494.4   	-80.47  
494.8   	-80.44  
495.2   	-80.42  
495.6   	-80.4   
496     	-80.39  
496.4   	-80.38  
496.8   	-80.37  
497.2   	-80.36  
497.6   	-80.36  
498     	-80.36  
498.4   	-80.35  
498.8   	-80.35  
499.2   	-80.36  
499.6   	-80.36  
500     	-80.37  
500.4   	-80.39  
500.8   	-80.41  
501.2   	-80.43  
501.6   	-80.46  
502     	-80.49  
502.4   	-80.52  
502.8   	-80.54  
503.2   	-80.57  
503.6   	-80.59  
504     	-80.61  
504.4   	-80.62  
504.8   	-80.63  
505.2   	-80.64  
505.6   	-80.64  
506     	-80.64  
506.4   	-80.63  
506.8   	-80.62  
507.2   	-80.61  
507.6   	-80.6   
508     	-80.59  
508.4   	-80.58  
508.8   	-80.58  
509.2   	-80.57  
509.6   	-80.56  
510     	-80.55  
510.4   	-80.5   
510.8   	-80.27  
511.2   	-79.58  
511.6   	-77.39  
512     	-68.75  
512.4   	-35.77  
512.8   	43.04   
513.2   	36.65   
513.6   	20.73   
514     	2.856   
514.4   	-14.82  
514.8   	-33.49  
515.2   	-51.35  
515.6   	-63.88  
516     	-71.05  
516.4   	-75.04  
516.8   	-77.3   
517.2   	-78.63  
517.6   	-79.44  
518     	-79.97  
518.4   	-80.31  
518.8   	-80.56  
519.2   	-80.73  
519.6   	-80.85  
520     	-80.94  
520.4   	-81.01  
520.8   	-81.06  
521.2   	-81.1   
521.6   	-81.13  
522     	-81.15  
522.4   	-81.16  
522.8   	-81.16  
523.2   	-81.16  
523.6   	-81.16  
524     	-81.16  
524.4   	-81.15  
524.8   	-81.12  
525.2   	-80.99  
525.6   	-80.53  
526     	-79.32  
526.4   	-75     
526.8   	-58.34  
527.2   	16.24   
527.6   	42.46   
528     	29.76   
528.4   	12.49   
528.8   	-5.339  
529.2   	-23.31  
529.6   	-42.18  
530     	-57.98  
530.4   	-67.75  
530.8   	-73.21  
531.2   	-76.27  
531.6   	-78.04  
532     	-79.1   
532.4   	-79.78  
532.8   	-80.23  
533.2   	-80.54  
533.6   	-80.77  
534     	-80.94  
534.4   	-81.08  
534.8   	-81.18  
535.2   	-81.26  
535.6   	-81.34  
536     	-81.4   
536.4   	-81.45  
536.8   	-81.5   
537.2   	-81.54  
537.6   	-81.58  
538     	-81.62  
538.4   	-81.65  
538.8   	-81.67  
539.2   	-81.69  
539.6   	-81.71  
540     	-81.72  
540.4   	-81.73  
540.8   	-81.74  
541.2   	-81.74  
541.6   	-81.75  
542     	-81.75  
542.4   	-81.76  
542.8   	-81.77  
543.2   	-81.77  
543.6   	-81.77  
544     	-81.77  
544.4   	-81.77  
544.8   	-81.77  
545.2   	-81.77  
545.6   	-81.78  
546     	-81.78  
546.4   	-81.79  
546.8   	-81.8   
547.2   	-81.79  
547.6   	-81.78  
548     	-81.76  
548.4   	-81.73  
548.8   	-81.69  
549.2   	-81.64  
549.6   	-81.59  
550     	-81.52  
550.4   	-81.45  
550.8   	-81.37  
551.2   	-81.3   
551.6   	-81.23  
552     	-81.17  
552.4   	-81.11  
552.8   	-81.05  
553.2   	-80.98  
553.6   	-80.92  
554     	-80.87  
554.4   	-80.82  
554.8   	-80.77  
555.2   	-80.73  
555.6   	-80.71  
556     	-80.68  
556.4   	-80.67  
556.8   	-80.66  
557.2   	-80.65  
557.6   	-80.65  
558     	-80.65  
558.4   	-80.66  
558.8   	-80.66  
559.2   	-80.67  
559.6   	-80.68  
560     	-80.7   
560.4   	-80.71  
560.8   	-80.72  
561.2   	-80.73  
561.6   	-80.74  
562     	-80.75  
562.4   	-80.75  
562.8   	-80.75  
563.2   	-80.75  
563.6   	-80.69  
564     	-80.45  
564.4   	-79.74  
564.8   	-77.49  
565.2   	-68.74  
565.6   	-35.48  
566     	43.06   
566.4   	36.58   
566.8   	20.64   
567.2   	2.771   
567.6   	-14.91  
568     	-33.59  
568.4   	-51.43  
568.8   	-63.92  
569.2   	-71.09  
569.6   	-75.07  
570     	-77.34  
570.4   	-78.67  
570.8   	-79.5   
571.2   	-80.04  
571.6   	-80.39  
572     	-80.63  
572.4   	-80.79  
572.8   	-80.91  
573.2   	-80.99  
573.6   	-81.05  
574     	-81.1   
574.4   	-81.13  
574.8   	-81.16  
575.2   	-81.18  
575.6   	-81.2   
576     	-81.21  
576.4   	-81.23  
576.8   	-81.24  
577.2   	-81.25  
577.6   	-81.27  
578     	-81.28  
578.4   	-81.3   
578.8   	-81.32  
579.2   	-81.34  
579.6   	-81.36  
580     	-81.38  
580.4   	-81.4   
580.8   	-81.43  
581.2   	-81.46  
581.6   	-81.49  
582     	-81.52  
582.4   	-81.55  
582.8   	-81.57  
583.2   	-81.59  
583.6   	-81.6   
584     	-81.61  
584.4   	-81.63  
584.8   	-81.64  
585.2   	-81.65  
585.6   	-81.67  
586     	-81.68  
586.4   	-81.69  
586.8   	-81.69  
587.2   	-81.69  
587.6   	-81.68  
588     	-81.68  
588.4   	-81.67  
588.8   	-81.66  
589.2   	-81.65  
589.6   	-81.64  
590     	-81.63  
590.4   	-81.62  
590.8   	-81.61  
591.2   	-81.57  
591.6   	-81.36  
592     	-80.75  
592.4   	-79.1   
592.8   	-73     
593.2   	-50.13  
593.6   	36.62   
594     	40.3    
594.4   	25.87   
594.8   	8.219   
595.2   	-9.517  
595.6   	-27.8   
596     	-46.4   
596.4   	-60.81  
596.8   	-69.35  
597.2   	-74.11  
597.6   	-76.79  
598     	-78.36  
598.4   	-79.32  
598.8   	-79.94  
599.2   	-80.36  
599.6   	-80.65  
600     	-80.87  
600.4   	-81.03  
600.8   	-81.15  
601.2   	-81.25  
601.6   	-81.33  
602     	-81.4   
602.4   	-81.46  
602.8   	-81.5   
603.2   	-81.54  
603.6   	-81.56  
604     	-81.59  
604.4   	-81.6   
604.8   	-81.62  
605.2   	-81.63  
605.6   	-81.65  
606     	-81.66  
606.4   	-81.68  
606.8   	-81.7   
607.2   	-81.72  
607.6   	-81.74  
608     	-81.76  
608.4   	-81.78  
608.8   	-81.8   
609.2   	-81.81  
609.6   	-81.83  
610     	-81.85  
610.4   	-81.87  
610.8   	-81.88  
611.2   	-81.89  
611.6   	-81.9   
612     	-81.89  
612.4   	-81.88  
612.8   	-81.85  
613.2   	-81.82  
613.6   	-81.79  
614     	-81.75  
614.4   	-81.72  
614.8   	-81.69  
615.2   	-81.66  
615.6   	-81.63  
616     	-81.6   
616.4   	-81.57  
616.8   	-81.55  
617.2   	-81.53  
617.6   	-81.5   
618     	-81.48  
618.4   	-81.46  
618.8   	-81.44  
619.2   	-81.43  
619.6   	-81.42  
620     	-81.41  
620.4   	-81.41  
620.8   	-81.41  
621.2   	-81.4   
621.6   	-81.4   
622     	-81.4   
622.4   	-81.4   
622.8   	-81.39  
623.2   	-81.34  
623.6   	-81.08  
624     	-80.36  
624.4   	-78.25  
624.8   	-70.25  
625.2   	-40.47  
625.6   	42.19   
626     	37.77   
626.4   	22.22   
626.8   	4.383   
627.2   	-13.31  
627.6   	-31.89  
628     	-50.02  
628.4   	-63.07  
628.8   	-70.6   
629.2   	-74.78  
629.6   	-77.14  
630     	-78.53  
630.4   	-79.37  
630.8   	-79.92  
631.2   	-80.28  
631.6   	-80.53  
632     	-80.7   
632.4   	-80.83  
632.8   	-80.92  
633.2   	-80.98  
633.6   	-81.03  
634     	-81.07  
634.4   	-81.09  
634.8   	-81.1   
635.2   	-81.11  
635.6   	-81.11  
636     	-81.11  
636.4   	-81.1   
636.8   	-81.08  
637.2   	-81.06  
637.6   	-81.04  
638     	-81.01  
638.4   	-80.98  
638.8   	-80.95  
639.2   	-80.92  
639.6   	-80.89  
640     	-80.84  
640.4   	-80.69  
640.8   	-80.21  
641.2   	-78.88  
641.6   	-73.91  
642     	-54.68  
642.4   	29.12   
642.8   	41.53   
643.2   	27.9    
643.6   	10.43   
644     	-7.342  
644.4   	-25.44  
644.8   	-44.19  
645.2   	-59.34  
645.6   	-68.49  
646     	-73.6   
646.4   	-76.45  
646.8   	-78.1   
647.2   	-79.09  
647.6   	-79.72  
648     	-80.12  
648.4   	-80.39  
648.8   	-80.57  
649.2   	-80.7   
649.6   	-80.78  
650     	-80.84  
650.4   	-80.87  
650.8   	-80.9   
651.2   	-80.91  
651.6   	-80.92  
652     	-80.92  
652.4   	-80.92  
652.8   	-80.92  
653.2   	-80.92  
653.6   	-80.92  
654     	-80.91  
654.4   	-80.91  
654.8   	-80.91  
655.2   	-80.91  
655.6   	-80.91  
656     	-80.92  
656.4   	-80.92  
656.8   	-80.91  
657.2   	-80.89  
657.6   	-80.88  
658     	-80.87  
658.4   	-80.86  
658.8   	-80.84  
659.2   	-80.83  
659.6   	-80.81  
660     	-80.8   
660.4   	-80.79  
660.8   	-80.77  
661.2   	-80.75  
661.6   	-80.74  
662     	-80.72  
662.4   	-80.7   
662.8   	-80.69  
663.2   	-80.68  
663.6   	-80.67  
664     	-80.67  
664.4   	-80.67  
664.8   	-80.67  
665.2   	-80.68  
665.6   	-80.69  
666     	-80.71  
666.4   	-80.72  
666.8   	-80.74  
667.2   	-80.75  
667.6   	-80.75  
668     	-80.74  
668.4   	-80.73  
668.8   	-80.71  
669.2   	-80.7   
669.6   	-80.69  
670     	-80.68  
670.4   	-80.67  
670.8   	-80.67  
671.2   	-80.68  
671.6   	-80.69  
672     	-80.7   
672.4   	-80.72  
672.8   	-80.74  
673.2   	-80.77  
673.6   	-80.79  
674     	-80.83  
674.4   	-80.86  
674.8   	-80.9   
675.2   	-80.94  
675.6   	-80.99  
676     	-81.03  
676.4   	-81.08  
676.8   	-81.12  
677.2   	-81.16  
677.6   	-81.2   
678     	-81.24  
678.4   	-81.29  
678.8   	-81.33  
679.2   	-81.37  
679.6   	-81.41  
680     	-81.45  
680.4   	-81.48  
680.8   	-81.52  
681.2   	-81.55  
681.6   	-81.59  
682     	-81.63  
682.4   	-81.66  
682.8   	-81.7   
683.2   	-81.75  
683.6   	-81.79  
684     	-81.83  
684.4   	-81.86  
684.8   	-81.89  
685.2   	-81.91  
685.6   	-81.92  
686     	-81.92  
686.4   	-81.91  
686.8   	-81.9   
687.2   	-81.89  
687.6   	-81.86  
688     	-81.84  
688.4   	-81.82  
688.8   	-81.8   
689.2   	-81.78  
689.6   	-81.77  
690     	-81.75  
690.4   	-81.73  
690.8   	-81.71  
691.2   	-81.7   
691.6   	-81.68  
692     	-81.67  
692.4   	-81.67  
692.8   	-81.66  
693.2   	-81.66  
693.6   	-81.65  
694     	-81.64  
694.4   	-81.63  
694.8   	-81.62  
695.2   	-81.62  
695.6   	-81.62  
696     	-81.62  
696.4   	-81.62  
696.8   	-81.61  
697.2   	-81.61  
697.6   	-81.6   
698     	-81.58  
698.4   	-81.57  
698.8   	-81.55  
699.2   	-81.52  
699.6   	-81.49  
700     	-81.46  
700.4   	-81.43  
700.8   	-81.41  
701.2   	-81.39  
701.6   	-81.38  
702     	-81.37  
702.4   	-81.36  
702.8   	-81.35  
703.2   	-81.34  
703.6   	-81.34  
704     	-81.32  
704.4   	-81.31  
704.8   	-81.28  
705.2   	-81.26  
705.6   	-81.24  
706     	-81.22  
706.4   	-81.2   
706.8   	-81.19  
707.2   	-81.18  
707.6   	-81.18  
708     	-81.18  
708.4   	-81.17  
708.8   	-81.17  
709.2   	-81.16  
709.6   	-81.16  
710     	-81.16  
710.4   	-81.15  
710.8   	-81.14  
711.2   	-81.12  
711.6   	-81.1   
712     	-81.08  
712.4   	-81.06  
712.8   	-81.04  
713.2   	-81.03  
713.6   	-81.02  
714     	-81     
714.4   	-80.96  
714.8   	-80.91  
715.2   	-80.84  
715.6   	-80.77  
716     	-80.69  
716.4   	-80.51  
716.8   	-79.99  
717.2   	-78.55  
717.6   	-73.04  
718     	-51.68  
718.4   	34.73   
718.8   	40.75   
719.2   	26.55   
719.6   	8.952   
720     	-8.805  
720.4   	-27.04  
720.8   	-45.71  
721.2   	-60.37  
721.6   	-69.09  
722     	-73.95  
722.4   	-76.67  
722.8   	-78.25  
723.2   	-79.2   
723.6   	-79.8   
724     	-80.19  
724.4   	-80.45  
724.8   	-80.63  
725.2   	-80.76  
725.6   	-80.85  
726     	-80.91  
726.4   	-80.94  
726.8   	-80.97  
727.2   	-80.98  
727.6   	-80.99  
728     	-80.99  
728.4   	-80.99  
728.8   	-80.98  
729.2   	-80.98  
729.6   	-80.97  
730     	-80.97  
730.4   	-80.96  
730.8   	-80.95  
731.2   	-80.94  
731.6   	-80.92  
732     	-80.91  
732.4   	-80.89  
732.8   	-80.87  
733.2   	-80.85  
733.6   	-80.83  
734     	-80.81  
734.4   	-80.78  
734.8   	-80.76  
735.2   	-80.75  
735.6   	-80.74  
736     	-80.73  
736.4   	-80.73  
736.8   	-80.72  
737.2   	-80.72  
737.6   	-80.72  
738     	-80.71  
738.4   	-80.72  
738.8   	-80.73  
739.2   	-80.74  
739.6   	-80.75  
740     	-80.76  
740.4   	-80.76  
740.8   	-80.76  
741.2   	-80.76  
741.6   	-80.76  
742     	-80.76  
742.4   	-80.77  
742.8   	-80.77  
743.2   	-80.75  
743.6   	-80.73  
744     	-80.7   
744.4   	-80.65  
744.8   	-80.59  
745.2   	-80.53  
745.6   	-80.47  
746     	-80.41  
746.4   	-80.32  
746.8   	-80.05  
747.2   	-79.32  
747.6   	-76.94  
748     	-67.49  
748.4   	-30.96  
748.8   	43.49   
749.2   	35.65   
749.6   	19.46   
750     	1.563   
750.4   	-16.13  
750.8   	-34.89  
751.2   	-52.49  
751.6   	-64.55  
752     	-71.42  
752.4   	-75.24  
752.8   	-77.4   
753.2   	-78.68  
753.6   	-79.47  
754     	-79.98  
754.4   	-80.31  
754.8   	-80.54  
755.2   	-80.69  
755.6   	-80.81  
756     	-80.89  
756.4   	-80.94  
756.8   	-80.99  
757.2   	-81.02  
757.6   	-81.04  
758     	-81.04  
758.4   	-81.03  
758.8   	-81.01  
759.2   	-80.97  
759.6   	-80.93  
760     	-80.86  
760.4   	-80.66  
760.8   	-80.1   
761.2   	-78.53  
761.6   	-72.56  
762     	-49.73  
762.4   	36.92   
762.8   	40.14   
763.2   	25.65   
763.6   	7.995   
764     	-9.736  
764.4   	-28.04  
764.8   	-46.62  
765.2   	-60.95  
765.6   	-69.42  
766     	-74.13  
766.4   	-76.78  
766.8   	-78.32  
767.2   	-79.26  
767.6   	-79.86  
768     	-80.26  
768.4   	-80.53  
768.8   	-80.73  
769.2   	-80.88  
769.6   	-80.99  
770     	-81.08  
770.4   	-81.15  
770.8   	-81.2   
771.2   	-81.24  
771.6   	-81.27  
772     	-81.29  
772.4   	-81.31  
772.8   	-81.33  
773.2   	-81.34  
773.6   	-81.35  
774     	-81.35  
774.4   	-81.35  
774.8   	-81.34  
775.2   	-81.34  
775.6   	-81.33  
776     	-81.32  
776.4   	-81.32  
776.8   	-81.31  
777.2   	-81.31  
777.6   	-81.31  
778     	-81.32  
778.4   	-81.33  
778.8   	-81.34  
779.2   	-81.35  
779.6   	-81.36  
780     	-81.37  
780.4   	-81.38  
780.8   	-81.39  
781.2   	-81.4   
781.6   	-81.41  
782     	-81.41  
782.4   	-81.42  
782.8   	-81.41  
783.2   	-81.41  
783.6   	-81.4   
784     	-81.4   
784.4   	-81.4   
784.8   	-81.4   
785.2   	-81.41  
785.6   	-81.42  
786     	-81.42  
786.4   	-81.41  
786.8   	-81.41  
787.2   	-81.4   
787.6   	-81.38  
788     	-81.37  
788.4   	-81.36  
788.8   	-81.34  
789.2   	-81.32  
789.6   	-81.29  
790     	-81.27  
790.4   	-81.24  
790.8   	-81.21  
791.2   	-81.18  
791.6   	-81.14  
792     	-81.1   
792.4   	-81.05  
792.8   	-81.01  
793.2   	-80.96  
793.6   	-80.92  
794     	-80.89  
794.4   	-80.86  
794.8   	-80.84  
795.2   	-80.82  
795.6   	-80.81  
796     	-80.8   
796.4   	-80.79  
796.8   	-80.77  
797.2   	-80.75  
797.6   	-80.73  
798     	-80.71  
798.4   	-80.69  
798.8   	-80.67  
799.2   	-80.66  
799.6   	-80.65  
800     	-80.65  
800.4   	-80.65  
800.8   	-80.66  
801.2   	-80.67  
801.6   	-80.68  
802     	-80.7   
802.4   	-80.73  
802.8   	-80.75  
803.2   	-80.78  
803.6   	-80.8   
804     	-80.83  
804.4   	-80.85  
804.8   	-80.87  
805.2   	-80.89  
805.6   	-80.91  
806     	-80.93  
806.4   	-80.95  
806.8   	-80.96  
807.2   	-80.96  
807.6   	-80.92  
808     	-80.65  
808.4   	-79.9   
808.8   	-77.56  
809.2   	-68.5   
809.6   	-34.27  
810     	43.17   
810.4   	36.31   
810.8   	20.3    
811.2   	2.422   
811.6   	-15.25  
812     	-33.94  
812.4   	-51.7   
812.8   	-64.08  
813.2   	-71.17  
813.6   	-75.11  
814     	-77.36  
814.4   	-78.68  
814.8   	-79.5   
815.2   	-80.04  
815.6   	-80.39  
816     	-80.64  
816.4   	-80.83  
816.8   	-80.96  
817.2   	-81.05  
817.6   	-81.12  
818     	-81.17  
818.4   	-81.21  
818.8   	-81.24  
819.2   	-81.26  
819.6   	-81.27  
820     	-81.25  
820.4   	-81.22  
820.8   	-81.18  
821.2   	-81.14  
821.6   	-81.09  
822     	-81.04  
822.4   	-80.98  
822.8   	-80.92  
823.2   	-80.86  
823.6   	-80.81  
824     	-80.75  
824.4   	-80.7   
824.8   	-80.65  
825.2   	-80.6   
825.6   	-80.54  
826     	-80.46  
826.4   	-80.31  
826.8   	-79.87  
827.2   	-78.65  
827.6   	-74.03  
828     	-55.83  
828.4   	25.81   
828.8   	41.84   
829.2   	28.46   
829.6   	11.04   
830     	-6.742  
830.4   	-24.79  
830.8   	-43.57  
831.2   	-58.91  
831.6   	-68.25  
832     	-73.45  
832.4   	-76.36  
832.8   	-78.03  
833.2   	-79.02  
833.6   	-79.65  
834     	-80.05  
834.4   	-80.32  
834.8   	-80.5   
835.2   	-80.63  
835.6   	-80.72  
836     	-80.78  
836.4   	-80.82  
836.8   	-80.84  
837.2   	-80.84  
837.6   	-80.82  
838     	-80.79  
838.4   	-80.74  
838.8   	-80.68  
839.2   	-80.62  
839.6   	-80.56  
840     	-80.49  
840.4   	-80.41  
840.8   	-80.21  
841.2   	-79.63  
841.6   	-77.93  
842     	-71.22  
842.4   	-45.43  
842.8   	40.2    
843.2   	38.96   
843.6   	23.88   
844     	6.123   
844.4   	-11.57  
844.8   	-30.02  
845.2   	-48.38  
845.6   	-62.06  
846     	-70.04  
846.4   	-74.47  
846.8   	-76.97  
847.2   	-78.43  
847.6   	-79.32  
848     	-79.9   
848.4   	-80.27  
848.8   	-80.53  
849.2   	-80.7   
849.6   	-80.83  
850     	-80.92  
850.4   	-80.99  
850.8   	-81.04  
851.2   	-81.07  
851.6   	-81.08  
852     	-81.08  
852.4   	-81.08  
852.8   	-81.08  
853.2   	-81.08  
853.6   	-81.08  
854     	-81.08  
854.4   	-81.08  
854.8   	-81.08  
855.2   	-81.08  
855.6   	-81.09  
856     	-81.1   
856.4   	-81.11  
856.8   	-81.12  
857.2   	-81.13  
857.6   	-81.14  
858     	-81.15  
858.4   	-81.16  
858.8   	-81.18  
859.2   	-81.2   
859.6   	-81.23  
860     	-81.25  
860.4   	-81.28  
860.8   	-81.32  
861.2   	-81.35  
861.6   	-81.38  
862     	-81.4   
862.4   	-81.42  
862.8   	-81.43  
863.2   	-81.44  
863.6   	-81.45  
864     	-81.46  
864.4   	-81.47  
864.8   	-81.48  
865.2   	-81.5   
865.6   	-81.51  
866     	-81.52  
866.4   	-81.53  
866.8   	-81.54  
867.2   	-81.54  
867.6   	-81.52  
868     	-81.5   
868.4   	-81.48  
868.8   	-81.45  
869.2   	-81.42  
869.6   	-81.4   
870     	-81.38  
870.4   	-81.37  
870.8   	-81.36  
871.2   	-81.35  
871.6   	-81.35  
872     	-81.35  
872.4   	-81.36  
872.8   	-81.37  
873.2   	-81.38  
873.6   	-81.4   
874     	-81.41  
874.4   	-81.42  
874.8   	-81.43  
875.2   	-81.45  
875.6   	-81.46  
876     	-81.48  
876.4   	-81.49  
876.8   	-81.5   
877.2   	-81.51  
877.6   	-81.51  
878     	-81.51  
878.4   	-81.51  
878.8   	-81.51  
879.2   	-81.5   
879.6   	-81.49  
880     	-81.49  
880.4   	-81.48  
880.8   	-81.47  
881.2   	-81.46  
881.6   	-81.45  
882     	-81.44  
882.4   	-81.44  
882.8   	-81.44  
883.2   	-81.43  
883.6   	-81.43  
884     	-81.43  
884.4   	-81.43  
884.8   	-81.43  
885.2   	-81.44  
885.6   	-81.45  
886     	-81.46  
886.4   	-81.47  
886.8   	-81.48  
887.2   	-81.48  
887.6   	-81.48  
888     	-81.47  
888.4   	-81.46  
888.8   	-81.44  
889.2   	-81.42  
889.6   	-81.4   
890     	-81.38  
890.4   	-81.36  
890.8   	-81.34  
891.2   	-81.32  
891.6   	-81.3   
892     	-81.28  
892.4   	-81.24  
892.8   	-81.2   
893.2   	-81.15  
893.6   	-81.03  
894     	-80.66  
894.4   	-79.72  
894.8   	-76.58  
895.2   	-64.43  
895.6   	-16.51  
896     	43.61   
896.4   	33.32   
896.8   	16.61   
897.2   	-1.279  
897.6   	-19.04  
898     	-37.9   
898.4   	-54.84  
898.8   	-65.92  
899.2   	-72.18  
899.6   	-75.67  
900     	-77.66  
900.4   	-78.84  
900.8   	-79.58  
901.2   	-80.06  
901.6   	-80.38  
902     	-80.6   
902.4   	-80.76  
902.8   	-80.87  
903.2   	-80.96  
903.6   	-81.02  
904     	-81.07  
904.4   	-81.11  
904.8   	-81.14  
905.2   	-81.15  
905.6   	-81.15  
906     	-81.14  
906.4   	-81.13  
906.8   	-81.12  
907.2   	-81.1   
907.6   	-81.09  
908     	-81.09  
908.4   	-81.08  
908.8   	-81.08  
909.2   	-81.08  
909.6   	-81.08  
910     	-81.09  
910.4   	-81.09  
910.8   	-81.07  
911.2   	-81.06  
911.6   	-81.04  
912     	-81.03  
912.4   	-81.02  
912.8   	-81.01  
913.2   	-81     
913.6   	-80.99  
914     	-80.99  
914.4   	-80.99  
914.8   	-80.99  
915.2   	-80.99  
915.6   	-81     
916     	-81     
916.4   	-81.01  
916.8   	-81.03  
917.2   	-81.04  
917.6   	-81.06  
918     	-81.09  
918.4   	-81.11  
918.8   	-81.14  
919.2   	-81.17  
919.6   	-81.2   
920     	-81.22  
920.4   	-81.25  
920.8   	-81.27  
921.2   	-81.3   
921.6   	-81.32  
922     	-81.34  
922.4   	-81.35  
922.8   	-81.34  
923.2   	-81.33  
923.6   	-81.3   
924     	-81.26  
924.4   	-81.21  
924.8   	-81.17  
925.2   	-81.13  
925.6   	-81.09  
926     	-81.05  
926.4   	-81     
926.8   	-80.95  
927.2   	-80.91  
927.6   	-80.87  
928     	-80.83  
928.4   	-80.8   
928.8   	-80.77  
929.2   	-80.75  
929.6   	-80.74  
930     	-80.73  
930.4   	-80.73  
930.8   	-80.73  
931.2   	-80.74  
931.6   	-80.75  
932     	-80.77  
932.4   	-80.79  
932.8   	-80.82  
933.2   	-80.85  
933.6   	-80.89  
934     	-80.93  
934.4   	-80.97  
934.8   	-81     
935.2   	-81.03  
935.6   	-81.06  
936     	-81.08  
936.4   	-81.1   
936.8   	-81.11  
937.2   	-81.12  
937.6   	-81.12  
938     	-81.12  
938.4   	-81.12  
938.8   	-81.13  
939.2   	-81.14  
939.6   	-81.15  
940     	-81.16  
940.4   	-81.18  
940.8   	-81.19  
941.2   	-81.2   
941.6   	-81.22  
942     	-81.23  
942.4   	-81.24  
942.8   	-81.26  
943.2   	-81.27  
943.6   	-81.29  
944     	-81.3   
944.4   	-81.31  
944.8   	-81.33  
945.2   	-81.34  
945.6   	-81.36  
946     	-81.38  
946.4   	-81.4   
946.8   	-81.42  
947.2   	-81.44  
947.6   	-81.46  
948     	-81.47  
948.4   	-81.48  
948.8   	-81.48  
949.2   	-81.49  
949.6   	-81.5   
950     	-81.51  
950.4   	-81.52  
950.8   	-81.53  
951.2   	-81.54  
951.6   	-81.55  
952     	-81.56  
952.4   	-81.57  
952.8   	-81.57  
953.2   	-81.58  
953.6   	-81.58  
954     	-81.58  
954.4   	-81.59  
954.8   	-81.59  
955.2   	-81.6   
955.6   	-81.61  
956     	-81.63  
956.4   	-81.64  
956.8   	-81.65  
957.2   	-81.65  
957.6   	-81.66  
958     	-81.67  
958.4   	-81.69  
958.8   	-81.7   
959.2   	-81.71  
959.6   	-81.72  
960     	-81.71  
960.4   	-81.69  
960.8   	-81.66  
961.2   	-81.63  
961.6   	-81.6   
962     	-81.57  
962.4   	-81.54  
962.8   	-81.5   
963.2   	-81.45  
963.6   	-81.4   
964     	-81.35  
964.4   	-81.3   
964.8   	-81.25  
965.2   	-81.21  
965.6   	-81.18  
966     	-81.14  
966.4   	-81.11  
966.8   	-81.08  
967.2   	-81.06  
967.6   	-81.04  
968     	-81.02  
968.4   	-81     
968.8   	-80.98  
969.2   	-80.95  
969.6   	-80.92  
970     	-80.88  
970.4   	-80.85  
970.8   	-80.81  
971.2   	-80.77  
971.6   	-80.74  
972     	-80.7   
972.4   	-80.66  
972.8   	-80.62  
973.2   	-80.59  
973.6   	-80.56  
974     	-80.53  
974.4   	-80.51  
974.8   	-80.49  
975.2   	-80.47  
975.6   	-80.45  
976     	-80.43  
976.4   	-80.42  
976.8   	-80.41  
977.2   	-80.41  
977.6   	-80.42  
978     	-80.43  
978.4   	-80.44  
978.8   	-80.46  
979.2   	-80.47  
979.6   	-80.47  
980     	-80.48  
980.4   	-80.49  
980.8   	-80.49  
981.2   	-80.5   
981.6   	-80.5   
982     	-80.5   
982.4   	-80.5   
982.8   	-80.5   
983.2   	-80.51  
983.6   	-80.51  
984     	-80.52  
984.4   	-80.54  
984.8   	-80.55  
985.2   	-80.58  
985.6   	-80.6   
986     	-80.61  
986.4   	-80.62  
986.8   	-80.61  
987.2   	-80.61  
987.6   	-80.6   
988     	-80.58  
988.4   	-80.57  
988.8   	-80.54  
989.2   	-80.52  
989.6   	-80.49  
990     	-80.46  
990.4   	-80.43  
990.8   	-80.4   
991.2   	-80.37  
991.6   	-80.35  
992     	-80.34  
992.4   	-80.33  
992.8   	-80.33  
993.2   	-80.33  
993.6   	-80.33  
994     	-80.33  
994.4   	-80.34  
994.8   	-80.35  
995.2   	-80.36  
995.6   	-80.38  
996     	-80.4   
996.4   	-80.41  
996.8   	-80.43  
997.2   	-80.44  
997.6   	-80.46  
998     	-80.48  
998.4   	-80.5   
998.8   	-80.53  
999.2   	-80.55  
999.6   	-80.58  
