
SWEPT_VAR_1 = 85.0    // Syn: Source PP \ NetStim \ PARAMETER \ interval (ms)

t
ms
loc = s( 0.55 )
thresh = 0.0 (mV)
9.3     
20.3    
30.1    
39.8    
49.6    
59.1    
69.3    
79      
88.7    
99.1    
109     
119.2   
129.5   
139.6   
149.6   
159.6   
170     
180.1   
190.3   
199.9   
209.8   
220.8   
230.7   
240.2   
249.9   
259.4   
269.6   
279.4   
289.3   
299.1   
309.2   
319.1   
328.8   
338.3   
348     
357.7   
367.8   
378.4   
388.4   
398.7   
408.4   
419.2   
429.2   
439.2   
449.3   
459.3   
469.3   
480     
489.8   
499.9   
509.7   
519.7   
529.4   
538.8   
548.7   
558.8   
569     
579.2   
588.8   
598.9   
608.9   
618.7   
628.5   
638     
647.6   
656.8   
666.4   
676.4   
686.2   
695.9   
705.3   
714.9   
724.5   
734.4   
744     
753.7   
763.9   
774.3   
784.5   
795.3   
805.6   
816.1   
825.8   
835.8   
845.7   
855.9   
866.8   
877.7   
888.3   
898.3   
908.1   
918.4   
928.6   
938.4   
948     
958.5   
968.6   
978.6   
988.4   
998.2   
