
SWEPT_VAR_1 = 65.0    // Syn: Source PP \ NetStim \ PARAMETER \ interval (ms)

t
ms
loc = s( 0.55 )
thresh = 0.0 (mV)
8.1     
17.9    
27.2    
36.2    
45.4    
54.2    
63.4    
72.7    
81.9    
90.9    
100     
108.6   
117.5   
126.6   
135.3   
144.1   
152.8   
161.7   
170.7   
179.8   
188.6   
197.8   
206.8   
215.7   
224.3   
233.5   
242     
250.4   
259.2   
267.7   
276.6   
285.8   
295.2   
304.2   
313.2   
321.8   
330.6   
339.2   
348.2   
357.4   
366.4   
375.4   
384.1   
393.3   
402.9   
412.1   
420.9   
429.7   
438.6   
447.3   
455.9   
464.9   
473.8   
482.7   
491.8   
500.7   
509.3   
518     
527.1   
536     
544.9   
553.9   
562.9   
571.8   
580.7   
589.6   
598.8   
608.1   
617     
626.2   
635.2   
644.5   
653.6   
662.2   
671.2   
680.5   
689.5   
697.9   
706.7   
715.4   
724.2   
732.9   
741.7   
750.4   
759     
767.8   
776.5   
785.8   
794.6   
803.8   
812.9   
821.8   
831     
839.8   
848.8   
857.8   
866.6   
875.7   
884.5   
893.1   
902.5   
911.5   
920.5   
929.3   
938.3   
947.2   
956     
965.2   
974.1   
983     
992     
