
SWEPT_VAR_1 = 95.0    // Syn: Source PP \ NetStim \ PARAMETER \ interval (ms)

t
ms
loc = s( 0.55 )
thresh = 0.0 (mV)
11.4    
23.5    
35.1    
45.9    
56.9    
68.5    
79.6    
90.3    
100.7   
111.4   
121.4   
131.3   
141.9   
152.9   
163.1   
174.5   
184.9   
195.4   
207.1   
217.4   
227.8   
238     
248.1   
259     
269.2   
279.9   
290.3   
301.7   
312     
322     
331.3   
342.4   
352.7   
362.5   
372.4   
382.6   
392.7   
403.3   
414.3   
424.9   
435.7   
445.5   
455.4   
465.7   
476.1   
485.8   
496.4   
507     
517.2   
527.2   
537.1   
547.4   
557.5   
568.9   
579.8   
589.7   
600.7   
612.1   
623.4   
634     
644.3   
655     
665.8   
676.3   
687     
697.7   
708.4   
718.6   
729.4   
739.7   
749.9   
760.7   
771.6   
782.9   
792.8   
803.3   
814.2   
824.8   
835.3   
846.5   
856.6   
866.4   
876.8   
887.6   
898.1   
909     
919.5   
930.2   
940.1   
950.6   
960.9   
971     
981     
991.2   
