
SWEPT_VAR_1 = 55.0    // Syn: Source PP \ NetStim \ PARAMETER \ interval (ms)

t
ms
loc = s( 0.55 )
thresh = 0.0 (mV)
8.2     
17.8    
26.6    
35.1    
43.6    
52      
60.4    
68.7    
77.2    
85.6    
94.1    
102.7   
111.2   
119.7   
128.3   
137     
145.6   
154.5   
163.1   
171.9   
180.4   
188.8   
197.3   
206.1   
214.9   
223.5   
231.9   
240.4   
249.1   
257.5   
266.1   
274.6   
283     
291.8   
300.5   
308.8   
317.2   
325.8   
334.2   
342.9   
351.4   
359.9   
368.7   
377.2   
385.7   
394.1   
402.7   
411.1   
419.8   
428.3   
436.9   
445.6   
454.2   
462.9   
471.4   
480.2   
489     
497.3   
505.8   
514.3   
522.7   
531.2   
539.7   
548.3   
556.8   
565.4   
574.1   
582.6   
591     
599.5   
608.1   
616.5   
625.2   
633.5   
641.7   
650.1   
658.6   
667     
675.3   
684     
692.4   
701     
709.5   
718.1   
726.7   
735.3   
743.7   
752.4   
760.9   
769.7   
778.5   
787     
795.3   
804     
812.6   
821.2   
829.8   
838.5   
847.3   
855.9   
864.5   
873.3   
881.8   
890     
898.7   
907.3   
915.9   
924.4   
932.8   
941.3   
950     
958.6   
967.5   
976.2   
985     
993.7   
