
SWEPT_VAR_1 = 75.0    // Syn: Source PP \ NetStim \ PARAMETER \ interval (ms)

t
ms
loc = s( 0.55 )
thresh = 0.0 (mV)
8.6     
18.7    
28      
37.7    
47.4    
56.8    
66.5    
76.6    
86.5    
96.4    
105.7   
114.9   
124.3   
133.6   
143.6   
153.3   
163.5   
173.8   
183.9   
194.1   
203.7   
212.7   
221.8   
230.7   
240     
249.5   
259     
268.2   
277.7   
287.3   
296.8   
306.1   
315.2   
324.7   
334.1   
343.7   
353.1   
362.4   
372.4   
382.3   
392.5   
402.2   
412.2   
422.2   
432     
441.5   
451.4   
460.7   
470.1   
479.5   
489.2   
498.9   
508.9   
518.3   
527.9   
537.4   
546.7   
556.3   
565.5   
574.5   
584     
593.4   
603.3   
613.2   
622.6   
632.3   
641.9   
651.8   
661.4   
670.7   
680.1   
689.7   
698.7   
708     
717.3   
726.8   
736.2   
745.7   
755.5   
765.6   
775.1   
784.5   
793.7   
803.1   
812.4   
822.3   
832.1   
841.8   
851.3   
860.4   
869.7   
879     
888.2   
897.1   
907.1   
917.2   
927     
936     
945.5   
955     
964.5   
974.3   
983.8   
993.7   
