
SWEPT_VAR_1 = 65.0    // Syn: Source PP \ NetStim \ PARAMETER \ interval (ms)

t	s.v( 0.05 )
ms	mV
0       	-64.65  
0.4     	-65.51  
0.8     	-66.35  
1.2     	-67.15  
1.6     	-67.92  
2       	-68.66  
2.4     	-69.34  
2.8     	-69.66  
3.2     	-69.56  
3.6     	-69.24  
4       	-68.85  
4.4     	-68.33  
4.8     	-67.61  
5.2     	-66.76  
5.6     	-65.62  
6       	-64.26  
6.4     	-62.83  
6.8     	-61     
7.2     	-57.91  
7.6     	-49.35  
8       	-6.025  
8.4     	43.64   
8.8     	31.75   
9.2     	14.83   
9.6     	-2.536  
10      	-19.12  
10.4    	-36.08  
10.8    	-51.03  
11.2    	-60.93  
11.6    	-66.16  
12      	-68.69  
12.4    	-69.69  
12.8    	-69.76  
13.2    	-69.53  
13.6    	-68.96  
14      	-68.12  
14.4    	-67.08  
14.8    	-66.03  
15.2    	-64.87  
15.6    	-63.6   
16      	-62.34  
16.4    	-60.99  
16.8    	-58.72  
17.2    	-53.27  
17.6    	-42.23  
18      	31.69   
18.4    	38.8    
18.8    	24.38   
19.2    	7.227   
19.6    	-9.338  
20      	-25.38  
20.4    	-41.17  
20.8    	-53.64  
21.2    	-61.19  
21.6    	-65.07  
22      	-66.85  
22.4    	-67.46  
22.8    	-67.33  
23.2    	-66.8   
23.6    	-66.03  
24      	-65.03  
24.4    	-63.97  
24.8    	-62.95  
25.2    	-61.72  
25.6    	-60.37  
26      	-58.88  
26.4    	-55.38  
26.8    	-43.04  
27.2    	27.18   
27.6    	38.63   
28      	24.34   
28.4    	7.275   
28.8    	-9.172  
29.2    	-25.03  
29.6    	-40.62  
30      	-53.04  
30.4    	-60.72  
30.8    	-64.62  
31.2    	-66.39  
31.6    	-66.94  
32      	-66.91  
32.4    	-66.35  
32.8    	-65.52  
33.2    	-64.45  
33.6    	-63.37  
34      	-62.32  
34.4    	-61.17  
34.8    	-59.81  
35.2    	-57.43  
35.6    	-51.68  
36      	-34.06  
36.4    	39.54   
36.8    	34.17   
37.2    	18.2    
37.6    	1.144   
38      	-14.82  
38.4    	-30.71  
38.8    	-45.38  
39.2    	-56.06  
39.6    	-62.17  
40      	-65.22  
40.4    	-66.49  
40.8    	-66.85  
41.2    	-66.62  
41.6    	-65.92  
42      	-64.96  
42.4    	-63.99  
42.8    	-63.05  
43.2    	-61.98  
43.6    	-60.63  
44      	-58.29  
44.4    	-55.28  
44.8    	-50.66  
45.2    	-34.5   
45.6    	40.92   
46      	33.48   
46.4    	17.04   
46.8    	-0.1683 
47.2    	-16.21  
47.6    	-32.31  
48      	-46.88  
48.4    	-57.02  
48.8    	-62.54  
49.2    	-65.18  
49.6    	-66.18  
50      	-66.39  
50.4    	-66.02  
50.8    	-65.41  
51.2    	-64.51  
51.6    	-63.51  
52      	-62.42  
52.4    	-61.18  
52.8    	-59.6   
53.2    	-56.79  
53.6    	-50.25  
54      	-34.87  
54.4    	38.22   
54.8    	34.32   
55.2    	18.77   
55.6    	1.901   
56      	-13.83  
56.4    	-29.31  
56.8    	-43.76  
57.2    	-54.61  
57.6    	-60.99  
58      	-64.27  
58.4    	-65.75  
58.8    	-66.23  
59.2    	-66.13  
59.6    	-65.61  
60      	-64.73  
60.4    	-63.74  
60.8    	-62.68  
61.2    	-61.58  
61.6    	-60.43  
62      	-59.05  
62.4    	-57.1   
62.8    	-51.72  
63.2    	-37.21  
63.6    	38.29   
64      	35.13   
64.4    	19.43   
64.8    	2.388   
65.2    	-13.51  
65.6    	-29.16  
66      	-43.89  
66.4    	-54.91  
66.8    	-61.28  
67.2    	-64.52  
67.6    	-65.92  
68      	-66.25  
68.4    	-66     
68.8    	-65.31  
69.2    	-64.47  
69.6    	-63.49  
70      	-62.43  
70.4    	-61.2   
70.8    	-59.98  
71.2    	-58.62  
71.6    	-56.68  
72      	-51.7   
72.4    	-39.47  
72.8    	35.78   
73.2    	36.17   
73.6    	20.68   
74      	3.569   
74.4    	-12.47  
74.8    	-28.19  
75.2    	-43.22  
75.6    	-54.58  
76      	-61.09  
76.4    	-64.24  
76.8    	-65.5   
77.2    	-65.84  
77.6    	-65.61  
78      	-65.09  
78.4    	-64.42  
78.8    	-63.55  
79.2    	-62.59  
79.6    	-61.58  
80      	-60.49  
80.4    	-59.27  
80.8    	-57.54  
81.2    	-53.4   
81.6    	-41.83  
82      	30.95   
82.4    	37.65   
82.8    	23.05   
83.2    	6.015   
83.6    	-10.14  
84      	-25.72  
84.4    	-40.91  
84.8    	-52.89  
85.2    	-60.3   
85.6    	-64.21  
86      	-65.97  
86.4    	-66.57  
86.8    	-66.51  
87.2    	-65.95  
87.6    	-65.09  
88      	-64.24  
88.4    	-63.26  
88.8    	-62.26  
89.2    	-60.99  
89.6    	-59.05  
90      	-54.29  
90.4    	-46.58  
90.8    	-14.14  
91.2    	40.08   
91.6    	29.99   
92      	13.59   
92.4    	-3.038  
92.8    	-18.54  
93.2    	-34.05  
93.6    	-47.63  
94      	-57.15  
94.4    	-62.49  
94.8    	-65.18  
95.2    	-66.35  
95.6    	-66.57  
96      	-66.2   
96.4    	-65.42  
96.8    	-64.57  
97.2    	-63.61  
97.6    	-62.48  
98      	-61.24  
98.4    	-59.89  
98.8    	-57.73  
99.2    	-52.72  
99.6    	-43.32  
100     	22.52   
100.4   	38.53   
100.8   	25.09   
101.2   	8.293   
101.6   	-7.882  
102     	-23.22  
102.4   	-38.33  
102.8   	-50.55  
103.2   	-58.45  
103.6   	-62.65  
104     	-64.7   
104.4   	-65.4   
104.8   	-65.32  
105.2   	-64.85  
105.6   	-64.09  
106     	-63.15  
106.4   	-62     
106.8   	-60.57  
107.2   	-58.79  
107.6   	-56.18  
108     	-50.4   
108.4   	-26.75  
108.8   	38.6    
109.2   	31.53   
109.6   	15.85   
110     	-0.539  
110.4   	-15.68  
110.8   	-30.63  
111.2   	-44.04  
111.6   	-53.93  
112     	-59.81  
112.4   	-62.77  
112.8   	-64.07  
113.2   	-64.44  
113.6   	-64.22  
114     	-63.54  
114.4   	-62.7   
114.8   	-61.64  
115.2   	-60.53  
115.6   	-59.43  
116     	-58.18  
116.4   	-55.7   
116.8   	-50.02  
117.2   	-38     
117.6   	35.41   
118     	34.82   
118.4   	19.73   
118.8   	3.043   
119.2   	-12.43  
119.6   	-27.43  
120     	-41.52  
120.4   	-52.26  
120.8   	-58.92  
121.2   	-62.44  
121.6   	-64.06  
122     	-64.53  
122.4   	-64.28  
122.8   	-63.65  
123.2   	-62.94  
123.6   	-62.16  
124     	-61.14  
124.4   	-60     
124.8   	-58.62  
125.2   	-57.09  
125.6   	-55.07  
126     	-50.31  
126.4   	-32.68  
126.8   	38.68   
127.2   	33.1    
127.6   	17.15   
128     	0.4118  
128.4   	-15.01  
128.8   	-30.24  
129.2   	-44.07  
129.6   	-54.19  
130     	-60.04  
130.4   	-63.02  
130.8   	-64.27  
131.2   	-64.61  
131.6   	-64.28  
132     	-63.6   
132.4   	-62.74  
132.8   	-61.81  
133.2   	-60.79  
133.6   	-59.52  
134     	-57.81  
134.4   	-54.52  
134.8   	-47.07  
135.2   	-13.97  
135.6   	38.8    
136     	29.12   
136.4   	12.95   
136.8   	-3.276  
137.2   	-18.3   
137.6   	-33.19  
138     	-46.08  
138.4   	-55.2   
138.8   	-60.38  
139.2   	-62.95  
139.6   	-63.9   
140     	-63.98  
140.4   	-63.55  
140.8   	-62.9   
141.2   	-62.14  
141.6   	-61.21  
142     	-60.12  
142.4   	-58.63  
142.8   	-55.65  
143.2   	-52.09  
143.6   	-46.91  
144     	-17.76  
144.4   	38.77   
144.8   	29.38   
145.2   	13.16   
145.6   	-3.166  
146     	-18.23  
146.4   	-33.24  
146.8   	-46.3   
147.2   	-55.69  
147.6   	-61.15  
148     	-63.89  
148.4   	-64.95  
148.8   	-65.13  
149.2   	-64.77  
149.6   	-64.12  
150     	-63.3   
150.4   	-62.22  
150.8   	-61.05  
151.2   	-59.69  
151.6   	-57.88  
152     	-54.55  
152.4   	-45.21  
152.8   	11.28   
153.2   	38.55   
153.6   	26.18   
154     	9.638   
154.4   	-6.415  
154.8   	-21.44  
155.2   	-36.31  
155.6   	-48.61  
156     	-56.97  
156.4   	-61.54  
156.8   	-63.66  
157.2   	-64.45  
157.6   	-64.59  
158     	-64.34  
158.4   	-63.78  
158.8   	-63     
159.2   	-62.12  
159.6   	-61.1   
160     	-59.95  
160.4   	-58.53  
160.8   	-56.06  
161.2   	-48.55  
161.6   	-18.78  
162     	39.51   
162.4   	30.28   
162.8   	14.08   
163.2   	-2.349  
163.6   	-17.53  
164     	-32.62  
164.4   	-45.94  
164.8   	-55.45  
165.2   	-60.9   
165.6   	-63.58  
166     	-64.65  
166.4   	-64.89  
166.8   	-64.74  
167.2   	-64.26  
167.6   	-63.51  
168     	-62.64  
168.4   	-61.61  
168.8   	-60.44  
169.2   	-59.11  
169.6   	-57.45  
170     	-53.22  
170.4   	-41.81  
170.8   	27.31   
171.2   	37.6    
171.6   	23.46   
172     	6.603   
172.4   	-9.383  
172.8   	-24.69  
173.2   	-39.7   
173.6   	-51.61  
174     	-59.19  
174.4   	-63.06  
174.8   	-64.76  
175.2   	-65.3   
175.6   	-65.22  
176     	-64.8   
176.4   	-64.07  
176.8   	-63.08  
177.2   	-62.03  
177.6   	-60.89  
178     	-59.53  
178.4   	-57.87  
178.8   	-54.94  
179.2   	-49.59  
179.6   	-29.43  
180     	39.47   
180.4   	32.33   
180.8   	16.21   
181.2   	-0.5215 
181.6   	-15.99  
182     	-31.39  
182.4   	-45.24  
182.8   	-55.14  
183.2   	-60.81  
183.6   	-63.69  
184     	-64.89  
184.4   	-65.14  
184.8   	-64.91  
185.2   	-64.27  
185.6   	-63.24  
186     	-62.02  
186.4   	-60.72  
186.8   	-59.37  
187.2   	-57.92  
187.6   	-55.68  
188     	-49.85  
188.4   	-35.93  
188.8   	37.29   
189.2   	34.18   
189.6   	18.59   
190     	1.801   
190.4   	-13.73  
190.8   	-28.96  
191.2   	-43.12  
191.6   	-53.71  
192     	-59.96  
192.4   	-63.19  
192.8   	-64.61  
193.2   	-65.09  
193.6   	-64.96  
194     	-64.32  
194.4   	-63.57  
194.8   	-62.61  
195.2   	-61.51  
195.6   	-60.35  
196     	-58.84  
196.4   	-56.48  
196.8   	-53.72  
197.2   	-48.78  
197.6   	-33.68  
198     	38.82   
198.4   	33.3    
198.8   	17.24   
199.2   	0.3484  
199.6   	-15.35  
200     	-31.06  
200.4   	-45.41  
200.8   	-55.73  
201.2   	-61.45  
201.6   	-64.27  
202     	-65.46  
202.4   	-65.67  
202.8   	-65.36  
203.2   	-64.8   
203.6   	-64.03  
204     	-63.04  
204.4   	-61.89  
204.8   	-60.58  
205.2   	-58.71  
205.6   	-56     
206     	-52.2   
206.4   	-43.05  
206.8   	22.87   
207.2   	38.19   
207.6   	24.39   
208     	7.573   
208.4   	-8.462  
208.8   	-23.68  
209.2   	-38.76  
209.6   	-50.94  
210     	-58.57  
210.4   	-62.55  
210.8   	-64.43  
211.2   	-65     
211.6   	-64.96  
212     	-64.55  
212.4   	-63.85  
212.8   	-62.89  
213.2   	-61.9   
213.6   	-60.74  
214     	-59.37  
214.4   	-57.55  
214.8   	-53.79  
215.2   	-46.77  
215.6   	-13.41  
216     	39.6    
216.4   	29.16   
216.8   	12.72   
217.2   	-3.644  
217.6   	-18.76  
218     	-33.8   
218.4   	-46.78  
218.8   	-55.91  
219.2   	-60.96  
219.6   	-63.39  
220     	-64.31  
220.4   	-64.39  
220.8   	-63.92  
221.2   	-63.1   
221.6   	-61.99  
222     	-60.69  
222.4   	-59.3   
222.8   	-57.68  
223.2   	-55.24  
223.6   	-50.8   
224     	-39.97  
224.4   	30.49   
224.8   	35.69   
225.2   	21.27   
225.6   	4.673   
226     	-10.76  
226.4   	-25.5   
226.8   	-39.68  
227.2   	-50.8   
227.6   	-57.98  
228     	-61.89  
228.4   	-63.7   
228.8   	-64.19  
229.2   	-64.02  
229.6   	-63.47  
230     	-62.63  
230.4   	-61.7   
230.8   	-60.6   
231.2   	-59.5   
231.6   	-58.35  
232     	-57.04  
232.4   	-55.26  
232.8   	-50.79  
233.2   	-36.61  
233.6   	36.89   
234     	34.53   
234.4   	18.84   
234.8   	1.929   
235.2   	-13.65  
235.6   	-28.84  
236     	-42.91  
236.4   	-53.4   
236.8   	-59.53  
237.2   	-62.5   
237.6   	-63.78  
238     	-64.17  
238.4   	-63.98  
238.8   	-63.34  
239.2   	-62.54  
239.6   	-61.56  
240     	-60.38  
240.4   	-58.67  
240.8   	-56.12  
241.2   	-51.66  
241.6   	-42.9   
242     	18.05   
242.4   	37.35   
242.8   	24.12   
243.2   	7.539   
243.6   	-8.241  
244     	-23.11  
244.4   	-37.78  
244.8   	-49.66  
245.2   	-57.52  
245.6   	-61.77  
246     	-63.78  
246.4   	-64.6   
246.8   	-64.61  
247.2   	-64.22  
247.6   	-63.46  
248     	-62.5   
248.4   	-61.33  
248.8   	-59.84  
249.2   	-57.74  
249.6   	-52.91  
250     	-42.12  
250.4   	22.4    
250.8   	36.97   
251.2   	23.8    
251.6   	7.331   
252     	-8.351  
252.4   	-23.14  
252.8   	-37.58  
253.2   	-49.26  
253.6   	-57.13  
254     	-61.34  
254.4   	-63.32  
254.8   	-64.2   
255.2   	-64.41  
255.6   	-64.16  
256     	-63.65  
256.4   	-62.76  
256.8   	-61.73  
257.2   	-60.56  
257.6   	-59.13  
258     	-57.3   
258.4   	-53.39  
258.8   	-43.24  
259.2   	18.39   
259.6   	37.95   
260     	24.83   
260.4   	8.199   
260.8   	-7.669  
261.2   	-22.56  
261.6   	-37.25  
262     	-49.06  
262.4   	-56.79  
262.8   	-61.04  
263.2   	-63.02  
263.6   	-63.61  
264     	-63.44  
264.4   	-62.82  
264.8   	-62.01  
265.2   	-61.05  
265.6   	-59.92  
266     	-58.65  
266.4   	-56.99  
266.8   	-53.9   
267.2   	-46.78  
267.6   	-18.43  
268     	37.94   
268.4   	29.05   
268.8   	13.19   
269.2   	-2.747  
269.6   	-17.31  
270     	-31.77  
270.4   	-44.43  
270.8   	-53.62  
271.2   	-59.01  
271.6   	-61.72  
272     	-62.91  
272.4   	-63.1   
272.8   	-62.75  
273.2   	-62.23  
273.6   	-61.53  
274     	-60.62  
274.4   	-59.58  
274.8   	-58.47  
275.2   	-56.94  
275.6   	-54.13  
276     	-47.7   
276.4   	-27.42  
276.8   	37.63   
277.2   	31.23   
277.6   	15.66   
278     	-0.4431 
278.4   	-15.09  
278.8   	-29.46  
279.2   	-42.61  
279.6   	-52.46  
280     	-58.49  
280.4   	-61.72  
280.8   	-63.27  
281.2   	-63.87  
281.6   	-63.87  
282     	-63.51  
282.4   	-62.92  
282.8   	-62.06  
283.2   	-61.14  
283.6   	-60.19  
284     	-58.96  
284.4   	-57.29  
284.8   	-54.41  
285.2   	-48.8   
285.6   	-30.45  
286     	38.47   
286.4   	32.67   
286.8   	16.87   
287.2   	0.3478  
287.6   	-14.82  
288     	-29.83  
288.4   	-43.7   
288.8   	-54.04  
289.2   	-60.25  
289.6   	-63.53  
290     	-65.01  
290.4   	-65.4   
290.8   	-65.17  
291.2   	-64.54  
291.6   	-63.66  
292     	-62.62  
292.4   	-61.6   
292.8   	-60.57  
293.2   	-59.37  
293.6   	-57.96  
294     	-56.25  
294.4   	-53.25  
294.8   	-43.94  
295.2   	22.88   
295.6   	38.69   
296     	24.28   
296.4   	7.168   
296.8   	-9.116  
297.2   	-24.68  
297.6   	-40.09  
298     	-52.32  
298.4   	-59.83  
298.8   	-63.65  
299.2   	-65.31  
299.6   	-65.78  
300     	-65.51  
300.4   	-64.95  
300.8   	-64.25  
301.2   	-63.32  
301.6   	-62.24  
302     	-61.04  
302.4   	-59.57  
302.8   	-57.24  
303.2   	-53.16  
303.6   	-48.97  
304     	-32.16  
304.4   	39.38   
304.8   	32.89   
305.2   	16.76   
305.6   	-0.1252 
306     	-15.77  
306.4   	-31.37  
306.8   	-45.5   
307.2   	-55.69  
307.6   	-61.43  
308     	-64.27  
308.4   	-65.46  
308.8   	-65.75  
309.2   	-65.46  
309.6   	-64.79  
310     	-63.95  
310.4   	-63.03  
310.8   	-62.01  
311.2   	-60.85  
311.6   	-59.58  
312     	-57.98  
312.4   	-54.51  
312.8   	-46.69  
313.2   	1.679   
313.6   	39.94   
314     	27.4    
314.4   	10.53   
314.8   	-6.012  
315.2   	-21.61  
315.6   	-37.18  
316     	-50.06  
316.4   	-58.45  
316.8   	-62.78  
317.2   	-64.66  
317.6   	-65.29  
318     	-65.13  
318.4   	-64.5   
318.8   	-63.64  
319.2   	-62.65  
319.6   	-61.52  
320     	-60.3   
320.4   	-58.98  
320.8   	-56.9   
321.2   	-51.19  
321.6   	-36.51  
322     	36.54   
322.4   	34.39   
322.8   	18.94   
323.2   	2.139   
323.6   	-13.45  
324     	-28.76  
324.4   	-43.09  
324.8   	-53.79  
325.2   	-60.12  
325.6   	-63.17  
326     	-64.46  
326.4   	-64.82  
326.8   	-64.53  
327.2   	-63.93  
327.6   	-63.16  
328     	-62.28  
328.4   	-61.31  
328.8   	-60.22  
329.2   	-59.02  
329.6   	-57.24  
330     	-52.4   
330.4   	-35.82  
330.8   	36.69   
331.2   	34.39   
331.6   	19.16   
332     	2.451   
332.4   	-13.06  
332.8   	-28.23  
333.2   	-42.4   
333.6   	-53.16  
334     	-59.73  
334.4   	-63.08  
334.8   	-64.63  
335.2   	-64.97  
335.6   	-64.83  
336     	-64.19  
336.4   	-63.3   
336.8   	-62.33  
337.2   	-61.15  
337.6   	-59.81  
338     	-57.5   
338.4   	-52.37  
338.8   	-43.1   
339.2   	20.08   
339.6   	37.36   
340     	24.44   
340.4   	7.98    
340.8   	-7.785  
341.2   	-22.63  
341.6   	-37.23  
342     	-49.07  
342.4   	-57.07  
342.8   	-61.42  
343.2   	-63.49  
343.6   	-64.3   
344     	-64.34  
344.4   	-64.02  
344.8   	-63.37  
345.2   	-62.55  
345.6   	-61.63  
346     	-60.7   
346.4   	-59.62  
346.8   	-58.32  
347.2   	-56.16  
347.6   	-50.41  
348     	-29.4   
348.4   	38.54   
348.8   	32.39   
349.2   	16.76   
349.6   	0.3059  
350     	-14.91  
350.4   	-29.99  
350.8   	-43.85  
351.2   	-54.22  
351.6   	-60.5   
352     	-63.78  
352.4   	-65.21  
352.8   	-65.66  
353.2   	-65.6   
353.6   	-65.25  
354     	-64.65  
354.4   	-63.79  
354.8   	-62.87  
355.2   	-61.74  
355.6   	-60.49  
356     	-59.12  
356.4   	-57.24  
356.8   	-52.09  
357.2   	-36.19  
357.6   	38.22   
358     	35.04   
358.4   	19.38   
358.8   	2.411   
359.2   	-13.39  
359.6   	-28.9   
360     	-43.41  
360.4   	-54.24  
360.8   	-60.73  
361.2   	-64.01  
361.6   	-65.43  
362     	-65.74  
362.4   	-65.5   
362.8   	-64.86  
363.2   	-63.97  
363.6   	-63.03  
364     	-62.09  
364.4   	-61.09  
364.8   	-59.99  
365.2   	-58.16  
365.6   	-54.67  
366     	-45.33  
366.4   	14.53   
366.8   	38.99   
367.2   	25.88   
367.6   	9.083   
368     	-7.15   
368.4   	-22.46  
368.8   	-37.66  
369.2   	-50.06  
369.6   	-58.01  
370     	-62.27  
370.4   	-64.25  
370.8   	-64.96  
371.2   	-64.97  
371.6   	-64.59  
372     	-63.96  
372.4   	-63.26  
372.8   	-62.42  
373.2   	-61.42  
373.6   	-60.19  
374     	-57.98  
374.4   	-54.08  
374.8   	-50.07  
375.2   	-36.56  
375.6   	37.21   
376     	34.25   
376.4   	18.93   
376.8   	2.189   
377.2   	-13.42  
377.6   	-28.75  
378     	-43.01  
378.4   	-53.8   
378.8   	-60.28  
379.2   	-63.61  
379.6   	-65.16  
380     	-65.6   
380.4   	-65.32  
380.8   	-64.59  
381.2   	-63.69  
381.6   	-62.71  
382     	-61.58  
382.4   	-60.31  
382.8   	-58.26  
383.2   	-53.07  
383.6   	-45.1   
384     	-2.829  
384.4   	38.94   
384.8   	27.87   
385.2   	11.52   
385.6   	-4.664  
386     	-19.66  
386.4   	-34.5   
386.8   	-47.07  
387.2   	-55.89  
387.6   	-60.89  
388     	-63.45  
388.4   	-64.35  
388.8   	-64.37  
389.2   	-63.95  
389.6   	-63.28  
390     	-62.49  
390.4   	-61.67  
390.8   	-60.74  
391.2   	-59.59  
391.6   	-58.28  
392     	-56.23  
392.4   	-52.36  
392.8   	-46.93  
393.2   	-16.56  
393.6   	39.9    
394     	29.53   
394.4   	13.02   
394.8   	-3.455  
395.2   	-18.67  
395.6   	-33.97  
396     	-47.27  
396.4   	-56.38  
396.8   	-61.53  
397.2   	-64.18  
397.6   	-65.2   
398     	-65.24  
398.4   	-64.86  
398.8   	-64.26  
399.2   	-63.53  
399.6   	-62.68  
400     	-61.68  
400.4   	-60.65  
400.8   	-59.57  
401.2   	-58.39  
401.6   	-57.01  
402     	-54.74  
402.4   	-46.5   
402.8   	-0.4984 
403.2   	40.11   
403.6   	28.3    
404     	11.61   
404.4   	-4.866  
404.8   	-20.24  
405.2   	-35.71  
405.6   	-48.9   
406     	-57.87  
406.4   	-62.84  
406.8   	-65.36  
407.2   	-66.45  
407.6   	-66.58  
408     	-66.17  
408.4   	-65.57  
408.8   	-64.77  
409.2   	-63.87  
409.6   	-62.73  
410     	-61.38  
410.4   	-59.63  
410.8   	-56.56  
411.2   	-53.13  
411.6   	-46.9   
412     	-6.08   
412.4   	40.12   
412.8   	28.72   
413.2   	12.16   
413.6   	-4.316  
414     	-19.71  
414.4   	-35.15  
414.8   	-48.26  
415.2   	-57.21  
415.6   	-62.04  
416     	-64.36  
416.4   	-65.23  
416.8   	-65.27  
417.2   	-64.87  
417.6   	-64.18  
418     	-63.43  
418.4   	-62.46  
418.8   	-61.37  
419.2   	-60.17  
419.6   	-58.63  
420     	-55.97  
420.4   	-47.3   
420.8   	-5.969  
421.2   	39.41   
421.6   	28.43   
422     	11.96   
422.4   	-4.408  
422.8   	-19.67  
423.2   	-34.87  
423.6   	-47.87  
424     	-56.87  
424.4   	-61.84  
424.8   	-64.35  
425.2   	-65.35  
425.6   	-65.5   
426     	-65.04  
426.4   	-64.28  
426.8   	-63.31  
427.2   	-62.28  
427.6   	-61.08  
428     	-59.77  
428.4   	-57.81  
428.8   	-54.59  
429.2   	-48.64  
429.6   	-22.73  
430     	39.88   
430.4   	30.66   
430.8   	14.37   
431.2   	-2.21   
431.6   	-17.58  
432     	-32.99  
432.4   	-46.61  
432.8   	-56.22  
433.2   	-61.53  
433.6   	-64.18  
434     	-65.25  
434.4   	-65.44  
434.8   	-65.18  
435.2   	-64.62  
435.6   	-63.89  
436     	-63.03  
436.4   	-61.98  
436.8   	-60.88  
437.2   	-59.66  
437.6   	-57.74  
438     	-51.26  
438.4   	-27.12  
438.8   	39.23   
439.2   	32.25   
439.6   	16.38   
440     	-0.264  
440.4   	-15.72  
440.8   	-31.06  
441.2   	-45.04  
441.6   	-55.35  
442     	-61.4   
442.4   	-64.48  
442.8   	-65.78  
443.2   	-66.17  
443.6   	-65.97  
444     	-65.4   
444.4   	-64.61  
444.8   	-63.7   
445.2   	-62.55  
445.6   	-61.35  
446     	-59.63  
446.4   	-55.26  
446.8   	-46.9   
447.2   	-16.23  
447.6   	39.69   
448     	30      
448.4   	13.76   
448.8   	-2.762  
449.2   	-18.13  
449.6   	-33.49  
450     	-46.85  
450.4   	-56.32  
450.8   	-61.6   
451.2   	-64.07  
451.6   	-64.96  
452     	-64.98  
452.4   	-64.5   
452.8   	-63.76  
453.2   	-62.87  
453.6   	-61.87  
454     	-60.65  
454.4   	-58.69  
454.8   	-55.28  
455.2   	-50.67  
455.6   	-37.85  
456     	33.59   
456.4   	34.93   
456.8   	20.27   
457.2   	3.668   
457.6   	-11.77  
458     	-26.62  
458.4   	-40.6   
458.8   	-51.39  
459.2   	-58.26  
459.6   	-61.93  
460     	-63.67  
460.4   	-64.19  
460.8   	-64.04  
461.2   	-63.6   
461.6   	-63     
462     	-62.26  
462.4   	-61.39  
462.8   	-60.43  
463.2   	-59.27  
463.6   	-57.9   
464     	-55.06  
464.4   	-46.46  
464.8   	-3.025  
465.2   	39.1    
465.6   	28.14   
466     	11.75   
466.4   	-4.478  
466.8   	-19.57  
467.2   	-34.62  
467.6   	-47.45  
468     	-56.42  
468.4   	-61.49  
468.8   	-64.09  
469.2   	-65.15  
469.6   	-65.35  
470     	-65.08  
470.4   	-64.45  
470.8   	-63.71  
471.2   	-62.82  
471.6   	-61.8   
472     	-60.56  
472.4   	-59.02  
472.8   	-56.65  
473.2   	-50.4   
473.6   	-35.51  
474     	36.97   
474.4   	34.66   
474.8   	19.44   
475.2   	2.724   
475.6   	-12.82  
476     	-27.99  
476.4   	-42.28  
476.8   	-53.22  
477.2   	-59.83  
477.6   	-63.11  
478     	-64.56  
478.4   	-65.02  
478.8   	-64.84  
479.2   	-64.28  
479.6   	-63.36  
480     	-62.38  
480.4   	-61.22  
480.8   	-59.75  
481.2   	-57.55  
481.6   	-53.81  
482     	-50.11  
482.4   	-40.53  
482.8   	32.66   
483.2   	35.76   
483.6   	21.08   
484     	4.357   
484.4   	-11.25  
484.8   	-26.32  
485.2   	-40.75  
485.6   	-51.86  
486     	-58.77  
486.4   	-62.49  
486.8   	-64.23  
487.2   	-64.8   
487.6   	-64.72  
488     	-64.31  
488.4   	-63.7   
488.8   	-62.89  
489.2   	-61.97  
489.6   	-60.9   
490     	-59.83  
490.4   	-58.54  
490.8   	-55.64  
491.2   	-49.12  
491.6   	-28.93  
492     	39.44   
492.4   	32.24   
492.8   	16.23   
493.2   	-0.4333 
493.6   	-15.86  
494     	-31.23  
494.4   	-45.08  
494.8   	-55.2   
495.2   	-61.13  
495.6   	-64     
496     	-65.17  
496.4   	-65.44  
496.8   	-65.19  
497.2   	-64.58  
497.6   	-63.79  
498     	-62.9   
498.4   	-61.81  
498.8   	-60.56  
499.2   	-59.21  
499.6   	-57.52  
500     	-53.27  
500.4   	-41.74  
500.8   	29.06   
501.2   	37.36   
501.6   	23.22   
502     	6.389   
502.4   	-9.564  
502.8   	-24.84  
503.2   	-39.67  
503.6   	-51.41  
504     	-58.91  
504.4   	-62.85  
504.8   	-64.66  
505.2   	-65.12  
505.6   	-65     
506     	-64.51  
506.4   	-63.75  
506.8   	-62.66  
507.2   	-61.51  
507.6   	-60.08  
508     	-57.89  
508.4   	-54.39  
508.8   	-48.76  
509.2   	-19.8   
509.6   	39.02   
510     	29.84   
510.4   	13.69   
510.8   	-2.715  
511.2   	-17.95  
511.6   	-33.13  
512     	-46.19  
512.4   	-55.44  
512.8   	-60.67  
513.2   	-63.23  
513.6   	-64.36  
514     	-64.6   
514.4   	-64.34  
514.8   	-63.67  
515.2   	-62.74  
515.6   	-61.69  
516     	-60.46  
516.4   	-59.08  
516.8   	-57.52  
517.2   	-55.14  
517.6   	-47.65  
518     	4.067   
518.4   	38.71   
518.8   	26.81   
519.2   	10.26   
519.6   	-5.851  
520     	-20.91  
520.4   	-35.82  
520.8   	-48.17  
521.2   	-56.62  
521.6   	-61.37  
522     	-63.73  
522.4   	-64.64  
522.8   	-64.81  
523.2   	-64.53  
523.6   	-63.96  
524     	-63.12  
524.4   	-62.09  
524.8   	-60.88  
525.2   	-59.76  
525.6   	-58.65  
526     	-57.11  
526.4   	-52.55  
526.8   	-38.12  
527.2   	35.2    
527.6   	35.58   
528     	20.53   
528.4   	3.642   
528.8   	-12.14  
529.2   	-27.53  
529.6   	-42.12  
530     	-53.24  
530.4   	-60.04  
530.8   	-63.66  
531.2   	-65.38  
531.6   	-65.95  
532     	-65.8   
532.4   	-65.2   
532.8   	-64.36  
533.2   	-63.52  
533.6   	-62.5   
534     	-61.44  
534.4   	-60.29  
534.8   	-58.89  
535.2   	-55.89  
535.6   	-45.53  
536     	10.55   
536.4   	39.14   
536.8   	26.81   
537.2   	10.19   
537.6   	-6.076  
538     	-21.33  
538.4   	-36.38  
538.8   	-48.87  
539.2   	-57.28  
539.6   	-61.95  
540     	-64.27  
540.4   	-65.16  
540.8   	-65.21  
541.2   	-64.83  
541.6   	-64.08  
542     	-63.08  
542.4   	-62.07  
542.8   	-60.94  
543.2   	-59.8   
543.6   	-58.32  
544     	-54.99  
544.4   	-47.3   
544.8   	-22.33  
545.2   	39.4    
545.6   	30.92   
546     	14.8    
546.4   	-1.776  
546.8   	-17.13  
547.2   	-32.41  
547.6   	-45.97  
548     	-55.79  
548.4   	-61.41  
548.8   	-64.18  
549.2   	-65.2   
549.6   	-65.33  
550     	-65.05  
550.4   	-64.42  
550.8   	-63.47  
551.2   	-62.37  
551.6   	-61.31  
552     	-60.22  
552.4   	-58.98  
552.8   	-57.26  
553.2   	-53.23  
553.6   	-41.73  
554     	28.11   
554.4   	37.51   
554.8   	23.28   
555.2   	6.439   
555.6   	-9.517  
556     	-24.77  
556.4   	-39.66  
556.8   	-51.55  
557.2   	-59.12  
557.6   	-63.04  
558     	-64.82  
558.4   	-65.36  
558.8   	-65.14  
559.2   	-64.55  
559.6   	-63.85  
560     	-62.95  
560.4   	-61.98  
560.8   	-60.89  
561.2   	-59.58  
561.6   	-57.94  
562     	-54.05  
562.4   	-45.26  
562.8   	-0.06651
563.2   	39.48   
563.6   	27.63   
564     	10.97   
564.4   	-5.401  
564.8   	-20.72  
565.2   	-36.09  
565.6   	-49.13  
566     	-57.98  
566.4   	-62.83  
566.8   	-65.19  
567.2   	-65.97  
567.6   	-66     
568     	-65.6   
568.4   	-65.02  
568.8   	-64.27  
569.2   	-63.32  
569.6   	-62.24  
570     	-61.07  
570.4   	-59.47  
570.8   	-56.38  
571.2   	-50.56  
571.6   	-33.86  
572     	38.5    
572.4   	34.2    
572.8   	18.51   
573.2   	1.618   
573.6   	-14.12  
574     	-29.67  
574.4   	-44.06  
574.8   	-54.81  
575.2   	-61.12  
575.6   	-64.32  
576     	-65.74  
576.4   	-66.14  
576.8   	-65.84  
577.2   	-65.22  
577.6   	-64.39  
578     	-63.3   
578.4   	-62.19  
578.8   	-60.9   
579.2   	-59.48  
579.6   	-57.82  
580     	-53.7   
580.4   	-40.49  
580.8   	31.82   
581.2   	36.82   
581.6   	22.42   
582     	5.59    
582.4   	-10.33  
582.8   	-25.67  
583.2   	-40.49  
583.6   	-52.19  
584     	-59.52  
584.4   	-63.39  
584.8   	-65.23  
585.2   	-65.89  
585.6   	-65.84  
586     	-65.33  
586.4   	-64.59  
586.8   	-63.6   
587.2   	-62.61  
587.6   	-61.54  
588     	-60.38  
588.4   	-58.64  
588.8   	-53.89  
589.2   	-43.5   
589.6   	22.57   
590     	38.35   
590.4   	24.58   
590.8   	7.659   
591.2   	-8.541  
591.6   	-23.96  
592     	-39.16  
592.4   	-51.39  
592.8   	-59.1   
593.2   	-63.18  
593.6   	-65.1   
594     	-65.83  
594.4   	-65.77  
594.8   	-65.21  
595.2   	-64.48  
595.6   	-63.6   
596     	-62.58  
596.4   	-61.41  
596.8   	-60.22  
597.2   	-58.85  
597.6   	-56.78  
598     	-52.18  
598.4   	-44.45  
598.8   	19.63   
599.2   	38.7    
599.6   	25.23   
600     	8.388   
600.4   	-7.808  
600.8   	-23.12  
601.2   	-38.23  
601.6   	-50.51  
602     	-58.55  
602.4   	-62.89  
602.8   	-64.97  
603.2   	-65.72  
603.6   	-65.74  
604     	-65.34  
604.4   	-64.7   
604.8   	-63.78  
605.2   	-62.72  
605.6   	-61.59  
606     	-60.46  
606.4   	-59.37  
606.8   	-58.16  
607.2   	-56.3   
607.6   	-49.79  
608     	-20.05  
608.4   	40.34   
608.8   	31.01   
609.2   	14.68   
609.6   	-2.019  
610     	-17.55  
610.4   	-33.05  
610.8   	-46.77  
611.2   	-56.52  
611.6   	-62.11  
612     	-64.94  
612.4   	-66.08  
612.8   	-66.33  
613.2   	-66.05  
613.6   	-65.47  
614     	-64.66  
614.4   	-63.74  
614.8   	-62.67  
615.2   	-61.36  
615.6   	-59.44  
616     	-56.05  
616.4   	-50.57  
616.8   	-36.47  
617.2   	37.35   
617.6   	34.89   
618     	19.53   
618.4   	2.666   
618.8   	-13.1   
619.2   	-28.57  
619.6   	-43.02  
620     	-53.96  
620.4   	-60.42  
620.8   	-63.68  
621.2   	-65.09  
621.6   	-65.49  
622     	-65.2   
622.4   	-64.52  
622.8   	-63.64  
623.2   	-62.73  
623.6   	-61.81  
624     	-60.65  
624.4   	-59.34  
624.8   	-57.89  
625.2   	-55.86  
625.6   	-50.78  
626     	-32.16  
626.4   	39.48   
626.8   	33.1    
627.2   	16.97   
627.6   	0.05358 
628     	-15.68  
628.4   	-31.37  
628.8   	-45.64  
629.2   	-55.91  
629.6   	-61.69  
630     	-64.5   
630.4   	-65.61  
630.8   	-65.75  
631.2   	-65.36  
631.6   	-64.7   
632     	-63.84  
632.4   	-62.84  
632.8   	-61.68  
633.2   	-60.53  
633.6   	-59.22  
634     	-57.47  
634.4   	-53.77  
634.8   	-44.9   
635.2   	11.49   
635.6   	39.13   
636     	26.44   
636.4   	9.723   
636.8   	-6.524  
637.2   	-21.8   
637.6   	-37.02  
638     	-49.65  
638.4   	-57.99  
638.8   	-62.55  
639.2   	-64.69  
639.6   	-65.46  
640     	-65.41  
640.4   	-64.94  
640.8   	-64.27  
641.2   	-63.45  
641.6   	-62.47  
642     	-61.42  
642.4   	-60.38  
642.8   	-59.26  
643.2   	-57.97  
643.6   	-55.41  
644     	-47.7   
644.4   	-17.15  
644.8   	40.24   
645.2   	30.18   
645.6   	13.73   
646     	-2.924  
646.4   	-18.41  
646.8   	-33.9   
647.2   	-47.43  
647.6   	-56.88  
648     	-62.23  
648.4   	-64.89  
648.8   	-65.94  
649.2   	-66.13  
649.6   	-65.8   
650     	-64.92  
650.4   	-63.94  
650.8   	-62.96  
651.2   	-62.01  
651.6   	-61.05  
652     	-59.97  
652.4   	-58.27  
652.8   	-53.94  
653.2   	-45.22  
653.6   	9.544   
654     	39.36   
654.4   	27      
654.8   	10.34   
655.2   	-5.981  
655.6   	-21.28  
656     	-36.52  
656.4   	-49.25  
656.8   	-57.78  
657.2   	-62.3   
657.6   	-64.48  
658     	-65.24  
658.4   	-65.19  
658.8   	-64.68  
659.2   	-63.91  
659.6   	-62.93  
660     	-61.87  
660.4   	-60.68  
660.8   	-59.31  
661.2   	-56.59  
661.6   	-49.72  
662     	-31.9   
662.4   	37.57   
662.8   	32.95   
663.2   	17.5    
663.6   	0.9277  
664     	-14.4   
664.4   	-29.45  
664.8   	-43.26  
665.2   	-53.64  
665.6   	-59.98  
666     	-63.39  
666.4   	-64.99  
666.8   	-65.52  
667.2   	-65.52  
667.6   	-65.15  
668     	-64.48  
668.4   	-63.63  
668.8   	-62.48  
669.2   	-61.18  
669.6   	-59.68  
670     	-56.78  
670.4   	-52.24  
670.8   	-45.16  
671.2   	4.171   
671.6   	39.23   
672     	27.34   
672.4   	10.85   
672.8   	-5.315  
673.2   	-20.38  
673.6   	-35.47  
674     	-48.24  
674.4   	-57.02  
674.8   	-61.9   
675.2   	-64.34  
675.6   	-65.36  
676     	-65.56  
676.4   	-65.16  
676.8   	-64.51  
677.2   	-63.62  
677.6   	-62.43  
678     	-61.2   
678.4   	-59.68  
678.8   	-57.53  
679.2   	-54.97  
679.6   	-52.5   
680     	-47.16  
680.4   	-10.59  
680.8   	39.76   
681.2   	28.83   
681.6   	12.34   
682     	-4.053  
682.4   	-19.27  
682.8   	-34.56  
683.2   	-47.71  
683.6   	-56.81  
684     	-61.85  
684.4   	-64.3   
684.8   	-65.32  
685.2   	-65.47  
685.6   	-65.24  
686     	-64.67  
686.4   	-63.81  
686.8   	-62.77  
687.2   	-61.52  
687.6   	-60.18  
688     	-58.6   
688.4   	-56.33  
688.8   	-52.09  
689.2   	-37.89  
689.6   	35.87   
690     	35.43   
690.4   	20.19   
690.8   	3.343   
691.2   	-12.38  
691.6   	-27.76  
692     	-42.39  
692.4   	-53.59  
692.8   	-60.3   
693.2   	-63.54  
693.6   	-64.9   
694     	-65.31  
694.4   	-65.1   
694.8   	-64.41  
695.2   	-63.56  
695.6   	-62.6   
696     	-61.46  
696.4   	-59.99  
696.8   	-56.83  
697.2   	-51.24  
697.6   	-41.23  
698     	25.83   
698.4   	36.68   
698.8   	23.23   
699.2   	6.792   
699.6   	-8.803  
700     	-23.52  
700.4   	-37.89  
700.8   	-49.45  
701.2   	-57.09  
701.6   	-61.36  
702     	-63.42  
702.4   	-64.21  
702.8   	-64.35  
703.2   	-64.09  
703.6   	-63.55  
704     	-62.66  
704.4   	-61.66  
704.8   	-60.64  
705.2   	-59.39  
705.6   	-57.42  
706     	-52.55  
706.4   	-40.77  
706.8   	29.83   
707.2   	36.49   
707.6   	22.42   
708     	5.822   
708.4   	-9.768  
708.8   	-24.57  
709.2   	-38.95  
709.6   	-50.41  
710     	-57.86  
710.4   	-61.88  
710.8   	-63.69  
711.2   	-64.3   
711.6   	-64.19  
712     	-63.58  
712.4   	-62.7   
712.8   	-61.75  
713.2   	-60.68  
713.6   	-59.24  
714     	-57.19  
714.4   	-54.91  
714.8   	-50.71  
715.2   	-34.14  
715.6   	36.11   
716     	33.45   
716.4   	18.37   
716.8   	1.967   
717.2   	-13.17  
717.6   	-27.89  
718     	-41.65  
718.4   	-52.06  
718.8   	-58.55  
719.2   	-62.02  
719.6   	-63.66  
720     	-64.26  
720.4   	-64.3   
720.8   	-63.89  
721.2   	-63.2   
721.6   	-62.36  
722     	-61.27  
722.4   	-60     
722.8   	-58.6   
723.2   	-56.59  
723.6   	-50.96  
724     	-32.82  
724.4   	37.53   
724.8   	33.26   
725.2   	17.8    
725.6   	1.31    
726     	-13.88  
726.4   	-28.72  
726.8   	-42.52  
727.2   	-52.99  
727.6   	-59.47  
728     	-62.88  
728.4   	-64.38  
728.8   	-64.84  
729.2   	-64.51  
729.6   	-63.73  
730     	-62.79  
730.4   	-61.83  
730.8   	-60.84  
731.2   	-59.67  
731.6   	-58.27  
732     	-56.08  
732.4   	-49.27  
732.8   	-23.94  
733.2   	38.9    
733.6   	30.93   
734     	15.01   
734.4   	-1.308  
734.8   	-16.29  
735.2   	-31.1   
735.6   	-44.3   
736     	-53.99  
736.4   	-59.69  
736.8   	-62.68  
737.2   	-63.96  
737.6   	-64.32  
738     	-64.21  
738.4   	-63.77  
738.8   	-63.12  
739.2   	-62.2   
739.6   	-61.06  
740     	-59.55  
740.4   	-57.89  
740.8   	-54.71  
741.2   	-46.12  
741.6   	-2.947  
742     	38.67   
742.4   	27.75   
742.8   	11.53   
743.2   	-4.421  
743.6   	-19.12  
744     	-33.77  
744.4   	-46.3   
744.8   	-55.04  
745.2   	-60.06  
745.6   	-62.57  
746     	-63.59  
746.4   	-63.83  
746.8   	-63.59  
747.2   	-62.98  
747.6   	-62.02  
748     	-60.88  
748.4   	-59.7   
748.8   	-58.37  
749.2   	-56.48  
749.6   	-52.73  
750     	-44.69  
750.4   	0.5216  
750.8   	38.37   
751.2   	26.94   
751.6   	10.6    
752     	-5.263  
752.4   	-19.86  
752.8   	-34.39  
753.2   	-46.6   
753.6   	-55.09  
754     	-59.84  
754.4   	-62.15  
754.8   	-63.03  
755.2   	-62.99  
755.6   	-62.48  
756     	-61.76  
756.4   	-60.84  
756.8   	-59.74  
757.2   	-58.59  
757.6   	-57.18  
758     	-55.29  
758.4   	-50.72  
758.8   	-35.48  
759.2   	35.51   
759.6   	33.15   
760     	17.78   
760.4   	1.382   
760.8   	-13.59  
761.2   	-28.15  
761.6   	-41.63  
762     	-51.69  
762.4   	-57.87  
762.8   	-61.18  
763.2   	-62.68  
763.6   	-63.1   
764     	-62.95  
764.4   	-62.35  
764.8   	-61.57  
765.2   	-60.53  
765.6   	-59.29  
766     	-57.99  
766.4   	-56.6   
766.8   	-54.57  
767.2   	-49.62  
767.6   	-31.83  
768     	37.51   
768.4   	32.16   
768.8   	16.31   
769.2   	-0.131  
769.6   	-15.12  
770     	-29.91  
770.4   	-43.4   
770.8   	-53.31  
771.2   	-59.14  
771.6   	-62.1   
772     	-63.42  
772.4   	-63.79  
772.8   	-63.58  
773.2   	-62.94  
773.6   	-62.17  
774     	-61.09  
774.4   	-59.75  
774.8   	-58.33  
775.2   	-56.61  
775.6   	-53.79  
776     	-47.5   
776.4   	-23.25  
776.8   	38.29   
777.2   	30.43   
777.6   	14.61   
778     	-1.512  
778.4   	-16.22  
778.8   	-30.68  
779.2   	-43.63  
779.6   	-53.05  
780     	-58.72  
780.4   	-61.63  
780.8   	-62.93  
781.2   	-63.26  
781.6   	-63.1   
782     	-62.63  
782.4   	-61.91  
782.8   	-61.16  
783.2   	-60.31  
783.6   	-59.38  
784     	-58.24  
784.4   	-56.62  
784.8   	-53.86  
785.2   	-48.41  
785.6   	-28.97  
786     	38.49   
786.4   	31.98   
786.8   	16.18   
787.2   	-0.1749 
787.6   	-15.1   
788     	-29.79  
788.4   	-43.28  
788.8   	-53.36  
789.2   	-59.41  
789.6   	-62.42  
790     	-63.71  
790.4   	-64.09  
790.8   	-63.94  
791.2   	-63.46  
791.6   	-62.66  
792     	-61.78  
792.4   	-60.9   
792.8   	-59.91  
793.2   	-58.41  
793.6   	-55.89  
794     	-50.17  
794.4   	-32.8   
794.8   	37.33   
795.2   	33.16   
795.6   	17.88   
796     	1.509   
796.4   	-13.53  
796.8   	-28.18  
797.2   	-41.85  
797.6   	-52.23  
798     	-58.68  
798.4   	-62.17  
798.8   	-63.78  
799.2   	-64.29  
799.6   	-64.17  
800     	-63.73  
800.4   	-62.96  
800.8   	-62.09  
801.2   	-61.05  
801.6   	-59.98  
802     	-58.64  
802.4   	-56.86  
802.8   	-54.11  
803.2   	-49.22  
803.6   	-34.62  
804     	38.18   
804.4   	33.53   
804.8   	17.74   
805.2   	1.065   
805.6   	-14.27  
806     	-29.37  
806.4   	-43.34  
806.8   	-53.74  
807.2   	-59.96  
807.6   	-63.16  
808     	-64.67  
808.4   	-64.97  
808.8   	-64.7   
809.2   	-64     
809.6   	-63.07  
810     	-62     
810.4   	-60.91  
810.8   	-59.74  
811.2   	-58.55  
811.6   	-56.83  
812     	-53.18  
812.4   	-45.95  
812.8   	-1.999  
813.2   	39.19   
813.6   	27.82   
814     	11.36   
814.4   	-4.803  
814.8   	-19.78  
815.2   	-34.76  
815.6   	-47.48  
816     	-56.26  
816.4   	-61.19  
816.8   	-63.58  
817.2   	-64.53  
817.6   	-64.64  
818     	-64.28  
818.4   	-63.47  
818.8   	-62.5   
819.2   	-61.5   
819.6   	-60.46  
820     	-59.33  
820.4   	-57.88  
820.8   	-55.39  
821.2   	-49.28  
821.6   	-29.95  
822     	38.21   
822.4   	32.52   
822.8   	16.87   
823.2   	0.3681  
823.6   	-14.8   
824     	-29.78  
824.4   	-43.51  
824.8   	-53.72  
825.2   	-59.89  
825.6   	-63.17  
826     	-64.69  
826.4   	-65.11  
826.8   	-64.92  
827.2   	-64.39  
827.6   	-63.67  
828     	-62.76  
828.4   	-61.73  
828.8   	-60.67  
829.2   	-59.47  
829.6   	-58.1   
830     	-55.82  
830.4   	-49.38  
830.8   	-30.36  
831.2   	38.93   
831.6   	33.03   
832     	17.17   
832.4   	0.5294  
832.8   	-14.83  
833.2   	-30.07  
833.6   	-44.23  
834     	-54.76  
834.4   	-60.89  
834.8   	-63.97  
835.2   	-65.28  
835.6   	-65.58  
836     	-65.28  
836.4   	-64.63  
836.8   	-63.84  
837.2   	-62.97  
837.6   	-61.87  
838     	-60.58  
838.4   	-58.8   
838.8   	-55.45  
839.2   	-48.95  
839.6   	-32     
840     	39.3    
840.4   	32.79   
840.8   	16.7    
841.2   	-0.1308 
841.6   	-15.67  
842     	-31.11  
842.4   	-45.16  
842.8   	-55.22  
843.2   	-60.8   
843.6   	-63.58  
844     	-64.66  
844.4   	-64.9   
844.8   	-64.6   
845.2   	-63.94  
845.6   	-63.06  
846     	-62.06  
846.4   	-60.96  
846.8   	-59.74  
847.2   	-58.32  
847.6   	-56.06  
848     	-52.2   
848.4   	-43.76  
848.8   	19.91   
849.2   	38.08   
849.6   	24.59   
850     	7.872   
850.4   	-8.04   
850.8   	-23.07  
851.2   	-37.92  
851.6   	-49.98  
852     	-57.89  
852.4   	-62.05  
852.8   	-64.04  
853.2   	-64.88  
853.6   	-64.98  
854     	-64.54  
854.4   	-63.89  
854.8   	-63.02  
855.2   	-61.98  
855.6   	-60.98  
856     	-59.81  
856.4   	-58.47  
856.8   	-56.62  
857.2   	-52.18  
857.6   	-33.5   
858     	39.11   
858.4   	33.36   
858.8   	17.36   
859.2   	0.5688  
859.6   	-14.87  
860     	-30.11  
860.4   	-44.04  
860.8   	-54.22  
861.2   	-60.11  
861.6   	-63.05  
862     	-64.16  
862.4   	-64.42  
862.8   	-64.14  
863.2   	-63.54  
863.6   	-62.62  
864     	-61.68  
864.4   	-60.61  
864.8   	-59.32  
865.2   	-57.38  
865.6   	-54.15  
866     	-49.93  
866.4   	-35.68  
866.8   	36.14   
867.2   	33.88   
867.6   	18.72   
868     	2.209   
868.4   	-13.04  
868.8   	-27.89  
869.2   	-41.72  
869.6   	-52.17  
870     	-58.5   
870.4   	-61.84  
870.8   	-63.46  
871.2   	-64.07  
871.6   	-64.04  
872     	-63.66  
872.4   	-63.07  
872.8   	-62.42  
873.2   	-61.58  
873.6   	-60.62  
874     	-59.48  
874.4   	-57.95  
874.8   	-55.44  
875.2   	-48.06  
875.6   	-12.38  
876     	39.99   
876.4   	28.81   
876.8   	12.15   
877.2   	-4.312  
877.6   	-19.61  
878     	-34.96  
878.4   	-48.09  
878.8   	-57.04  
879.2   	-61.96  
879.6   	-64.4   
880     	-65.31  
880.4   	-65.37  
880.8   	-64.98  
881.2   	-64.31  
881.6   	-63.52  
882     	-62.6   
882.4   	-61.41  
882.8   	-60.05  
883.2   	-58.18  
883.6   	-54.26  
884     	-46.36  
884.4   	-5.481  
884.8   	39.58   
885.2   	28.19   
885.6   	11.59   
886     	-4.818  
886.4   	-20.12  
886.8   	-35.45  
887.2   	-48.51  
887.6   	-57.39  
888     	-62.18  
888.4   	-64.42  
888.8   	-65.23  
889.2   	-65.02  
889.6   	-64.53  
890     	-63.71  
890.4   	-62.71  
890.8   	-61.61  
891.2   	-60.44  
891.6   	-58.95  
892     	-55.53  
892.4   	-49.06  
892.8   	-38.41  
893.2   	33.31   
893.6   	35.34   
894     	20.52   
894.4   	3.779   
894.8   	-11.8   
895.2   	-26.84  
895.6   	-41.18  
896     	-52.27  
896.4   	-59.19  
896.8   	-62.72  
897.2   	-64.39  
897.6   	-65.04  
898     	-65.12  
898.4   	-64.84  
898.8   	-64.2   
899.2   	-63.41  
899.6   	-62.42  
900     	-61.48  
900.4   	-60.52  
900.8   	-59.52  
901.2   	-58.28  
901.6   	-56.11  
902     	-48.48  
902.4   	-13.29  
902.8   	40.8    
903.2   	29.58   
903.6   	12.82   
904     	-3.918  
904.4   	-19.55  
904.8   	-35.29  
905.2   	-48.91  
905.6   	-58.06  
906     	-62.99  
906.4   	-65.36  
906.8   	-66.25  
907.2   	-66.39  
907.6   	-66.09  
908     	-65.26  
908.4   	-64.21  
908.8   	-63.08  
909.2   	-61.97  
909.6   	-60.76  
910     	-59.36  
910.4   	-57.26  
910.8   	-51.7   
911.2   	-38.35  
911.6   	35.85   
912     	35.78   
912.4   	20.5    
912.8   	3.556   
913.2   	-12.33  
913.6   	-27.91  
914     	-42.77  
914.4   	-54.01  
914.8   	-60.61  
915.2   	-64.02  
915.6   	-65.54  
916     	-66.02  
916.4   	-65.8   
916.8   	-65.28  
917.2   	-64.51  
917.6   	-63.54  
918     	-62.46  
918.4   	-61.21  
918.8   	-59.83  
919.2   	-58.04  
919.6   	-54.4   
920     	-46.4   
920.4   	-9.49   
920.8   	40.48   
921.2   	28.53   
921.6   	11.65   
922     	-5.051  
922.4   	-20.72  
922.8   	-36.56  
923.2   	-50.02  
923.6   	-58.8   
924     	-63.38  
924.4   	-65.52  
924.8   	-66.3   
925.2   	-66.26  
925.6   	-65.8   
926     	-65.13  
926.4   	-64.24  
926.8   	-63.25  
927.2   	-61.99  
927.6   	-60.27  
928     	-57.4   
928.4   	-52.53  
928.8   	-46.32  
929.2   	-19.26  
929.6   	39.95   
930     	30.3    
930.4   	13.91   
930.8   	-2.697  
931.2   	-18.11  
931.6   	-33.63  
932     	-47.34  
932.4   	-57.01  
932.8   	-62.37  
933.2   	-64.83  
933.6   	-65.75  
934     	-65.77  
934.4   	-65.3   
934.8   	-64.51  
935.2   	-63.61  
935.6   	-62.65  
936     	-61.57  
936.4   	-60.47  
936.8   	-59.16  
937.2   	-57.5   
937.6   	-53.46  
938     	-41.18  
938.4   	28.92   
938.8   	37.38   
939.2   	23.38   
939.6   	6.686   
940     	-9.141  
940.4   	-24.19  
940.8   	-38.89  
941.2   	-50.62  
941.6   	-58.21  
942     	-62.21  
942.4   	-64.13  
942.8   	-64.9   
943.2   	-64.98  
943.6   	-64.49  
944     	-63.68  
944.4   	-62.79  
944.8   	-61.74  
945.2   	-60.52  
945.6   	-58.95  
946     	-56.73  
946.4   	-52.92  
946.8   	-45.01  
947.2   	5.729   
947.6   	38.59   
948     	26.76   
948.4   	10.38   
948.8   	-5.615  
949.2   	-20.52  
949.6   	-35.35  
950     	-47.74  
950.4   	-56.32  
950.8   	-61.23  
951.2   	-63.68  
951.6   	-64.73  
952     	-64.9   
952.4   	-64.51  
952.8   	-63.8   
953.2   	-62.87  
953.6   	-61.77  
954     	-60.58  
954.4   	-59.16  
954.8   	-57.28  
955.2   	-53.16  
955.6   	-42.19  
956     	24.24   
956.4   	37.21   
956.8   	23.91   
957.2   	7.432   
957.6   	-8.218  
958     	-22.95  
958.4   	-37.48  
958.8   	-49.21  
959.2   	-57.08  
959.6   	-61.47  
960     	-63.66  
960.4   	-64.67  
960.8   	-64.88  
961.2   	-64.59  
961.6   	-64.09  
962     	-63.46  
962.4   	-62.61  
962.8   	-61.7   
963.2   	-60.68  
963.6   	-59.59  
964     	-58.19  
964.4   	-55.54  
964.8   	-46.74  
965.2   	4.492   
965.6   	39.86   
966     	27.3    
966.4   	10.5    
966.8   	-5.871  
967.2   	-21.2   
967.6   	-36.52  
968     	-49.3   
968.4   	-57.76  
968.8   	-62.31  
969.2   	-64.37  
969.6   	-65.11  
970     	-65.06  
970.4   	-64.58  
970.8   	-63.83  
971.2   	-62.9   
971.6   	-61.88  
972     	-60.58  
972.4   	-59.24  
972.8   	-57.54  
973.2   	-54.21  
973.6   	-46.08  
974     	-4.722  
974.4   	39.28   
974.8   	27.96   
975.2   	11.46   
975.6   	-4.773  
976     	-19.87  
976.4   	-34.99  
976.8   	-47.82  
977.2   	-56.67  
977.6   	-61.61  
978     	-64     
978.4   	-64.82  
978.8   	-64.85  
979.2   	-64.5   
979.6   	-63.84  
980     	-63     
980.4   	-62.05  
980.8   	-61.05  
981.2   	-59.79  
981.6   	-58.21  
982     	-55.62  
982.4   	-48.95  
982.8   	-28.8   
983.2   	38.81   
983.6   	32.33   
984     	16.52   
984.4   	-0.04613
984.8   	-15.3   
985.2   	-30.37  
985.6   	-44.09  
986     	-54.21  
986.4   	-60.27  
986.8   	-63.44  
987.2   	-64.86  
987.6   	-65.28  
988     	-65.16  
988.4   	-64.57  
988.8   	-63.73  
989.2   	-62.79  
989.6   	-61.84  
990     	-60.79  
990.4   	-59.52  
990.8   	-57.45  
991.2   	-52.61  
991.6   	-44.87  
992     	4.609   
992.4   	39.25   
992.8   	27.26   
993.2   	10.71   
993.6   	-5.501  
994     	-20.6   
994.4   	-35.71  
994.8   	-48.44  
995.2   	-57.13  
995.6   	-61.85  
996     	-64.09  
996.4   	-64.92  
996.8   	-65.04  
997.2   	-64.8   
997.6   	-64.34  
998     	-63.63  
998.4   	-62.62  
998.8   	-61.38  
999.2   	-59.99  
999.6   	-58.27  
