
SWEPT_VAR_1 = 35.0    // Syn: Source PP \ NetStim \ PARAMETER \ interval (ms)

t	s.v( 0.05 )
ms	mV
0       	-64.65  
0.4     	-65.51  
0.8     	-66.35  
1.2     	-67.15  
1.6     	-67.92  
2       	-68.66  
2.4     	-69.28  
2.8     	-69.55  
3.2     	-69.2   
3.6     	-68.46  
4       	-67.58  
4.4     	-66.57  
4.8     	-65.31  
5.2     	-63.39  
5.6     	-60.04  
6       	-51.71  
6.4     	-31.54  
6.8     	43.54   
7.2     	35.96   
7.6     	19.79   
8       	2.387   
8.4     	-14.12  
8.8     	-30.52  
9.2     	-45.86  
9.6     	-56.94  
10      	-62.82  
10.4    	-65.46  
10.8    	-66.36  
11.2    	-66.21  
11.6    	-65.24  
12      	-63.98  
12.4    	-62.74  
12.8    	-61.28  
13.2    	-59.49  
13.6    	-56.72  
14      	-50.12  
14.4    	-34.65  
14.8    	36.56   
15.2    	32.75   
15.6    	17.4    
16      	0.8909  
16.4    	-14.32  
16.8    	-29.06  
17.2    	-42.26  
17.6    	-51.93  
18      	-57.55  
18.4    	-60.25  
18.8    	-61.02  
19.2    	-60.88  
19.6    	-60.2   
20      	-59.23  
20.4    	-57.93  
20.8    	-56.29  
21.2    	-54.14  
21.6    	-50.13  
22      	-40.47  
22.4    	19.46   
22.8    	32.57   
23.2    	19.92   
23.6    	4.346   
24      	-9.918  
24.4    	-23.13  
24.8    	-35.62  
25.2    	-45.06  
25.6    	-51.5   
26      	-55.18  
26.4    	-56.84  
26.8    	-57.28  
27.2    	-56.98  
27.6    	-56.16  
28      	-55.18  
28.4    	-53.92  
28.8    	-52.12  
29.2    	-49.66  
29.6    	-44.8   
30      	-25.95  
30.4    	28.21   
30.8    	24.32   
31.2    	10.46   
31.6    	-3.348  
32      	-15.46  
32.4    	-27.14  
32.8    	-37.46  
33.2    	-44.93  
33.6    	-49.96  
34      	-52.71  
34.4    	-53.94  
34.8    	-54.15  
35.2    	-53.66  
35.6    	-52.77  
36      	-51.65  
36.4    	-50.15  
36.8    	-48.07  
37.2    	-44.65  
37.6    	-35.33  
38      	10.53   
38.4    	22.24   
38.8    	13.17   
39.2    	0.996   
39.6    	-9.894  
40      	-19.89  
40.4    	-29.75  
40.8    	-37.69  
41.2    	-43.08  
41.6    	-46.56  
42      	-48.47  
42.4    	-49.19  
42.8    	-49.18  
43.2    	-48.63  
43.6    	-47.62  
44      	-46.16  
44.4    	-44     
44.8    	-40.2   
45.2    	-30.63  
45.6    	-5.79   
46      	6.615   
46.4    	5.055   
46.8    	-1.604  
47.2    	-8.849  
47.6    	-15.91  
48      	-23.22  
48.4    	-30.2   
48.8    	-35.34  
49.2    	-38.64  
49.6    	-40.64  
50      	-41.81  
50.4    	-42.23  
50.8    	-41.89  
51.2    	-40.83  
51.6    	-38.62  
52      	-34.77  
52.4    	-28.17  
52.8    	-19.81  
53.2    	-12.69  
53.6    	-8.037  
54      	-7.926  
54.4    	-10.63  
54.8    	-14.53  
55.2    	-19.06  
55.6    	-24.05  
56      	-28.76  
56.4    	-32.21  
56.8    	-34.3   
57.2    	-35.41  
57.6    	-35.78  
58      	-35.46  
58.4    	-34.48  
58.8    	-32.79  
59.2    	-30.57  
59.6    	-28.12  
60      	-25.72  
60.4    	-22.62  
60.8    	-18.83  
61.2    	-16.7   
61.6    	-16.64  
62      	-17.95  
62.4    	-20.13  
62.8    	-22.88  
63.2    	-25.83  
63.6    	-28.45  
64      	-30.29  
64.4    	-31.28  
64.8    	-31.58  
65.2    	-31.26  
65.6    	-30.66  
66      	-29.8   
66.4    	-28.59  
66.8    	-27.25  
67.2    	-25.82  
67.6    	-24.3   
68      	-22.89  
68.4    	-22.02  
68.8    	-21.79  
69.2    	-22.13  
69.6    	-22.97  
70      	-24.13  
70.4    	-25.33  
70.8    	-26.4   
71.2    	-27.14  
71.6    	-27.59  
72      	-27.7   
72.4    	-27.6   
72.8    	-27.31  
73.2    	-26.88  
73.6    	-26.37  
74      	-25.8   
74.4    	-25.3   
74.8    	-24.88  
75.2    	-24.57  
75.6    	-24.4   
76      	-24.29  
76.4    	-24.27  
76.8    	-24.36  
77.2    	-24.49  
77.6    	-24.69  
78      	-24.89  
78.4    	-25.12  
78.8    	-25.33  
79.2    	-25.41  
79.6    	-25.4   
80      	-25.27  
80.4    	-25.09  
80.8    	-24.89  
81.2    	-24.67  
81.6    	-24.46  
82      	-24.31  
82.4    	-24.2   
82.8    	-24.1   
83.2    	-23.97  
83.6    	-23.85  
84      	-23.75  
84.4    	-23.75  
84.8    	-23.81  
85.2    	-23.89  
85.6    	-23.97  
86      	-24.07  
86.4    	-24.17  
86.8    	-24.29  
87.2    	-24.42  
87.6    	-24.54  
88      	-24.62  
88.4    	-24.69  
88.8    	-24.79  
89.2    	-24.79  
89.6    	-24.73  
90      	-24.63  
90.4    	-24.53  
90.8    	-24.43  
91.2    	-24.3   
91.6    	-24.12  
92      	-23.92  
92.4    	-23.87  
92.8    	-23.91  
93.2    	-23.93  
93.6    	-23.9   
94      	-23.87  
94.4    	-23.83  
94.8    	-23.81  
95.2    	-23.7   
95.6    	-23.58  
96      	-23.55  
96.4    	-23.49  
96.8    	-23.48  
97.2    	-23.48  
97.6    	-23.38  
98      	-23.33  
98.4    	-23.29  
98.8    	-23.26  
99.2    	-23.21  
99.6    	-23.19  
100     	-23.18  
100.4   	-23.25  
100.8   	-23.34  
101.2   	-23.44  
101.6   	-23.54  
102     	-23.54  
102.4   	-23.55  
102.8   	-23.57  
103.2   	-23.63  
103.6   	-23.63  
104     	-23.59  
104.4   	-23.56  
104.8   	-23.53  
105.2   	-23.5   
105.6   	-23.47  
106     	-23.49  
106.4   	-23.53  
106.8   	-23.6   
107.2   	-23.65  
107.6   	-23.65  
108     	-23.69  
108.4   	-23.76  
108.8   	-23.86  
109.2   	-23.88  
109.6   	-23.77  
110     	-23.61  
110.4   	-23.5   
110.8   	-23.36  
111.2   	-23.31  
111.6   	-23.27  
112     	-23.24  
112.4   	-23.14  
112.8   	-23.04  
113.2   	-23.05  
113.6   	-23.06  
114     	-23.04  
114.4   	-23.01  
114.8   	-22.95  
115.2   	-22.83  
115.6   	-22.73  
116     	-22.71  
116.4   	-22.76  
116.8   	-22.85  
117.2   	-22.93  
117.6   	-22.96  
118     	-22.91  
118.4   	-22.91  
118.8   	-22.97  
119.2   	-23.08  
119.6   	-23.16  
120     	-23.22  
120.4   	-23.34  
120.8   	-23.43  
121.2   	-23.54  
121.6   	-23.68  
122     	-23.83  
122.4   	-24     
122.8   	-24.11  
123.2   	-24.2   
123.6   	-24.21  
124     	-24.18  
124.4   	-24.03  
124.8   	-23.91  
125.2   	-23.81  
125.6   	-23.66  
126     	-23.6   
126.4   	-23.48  
126.8   	-23.43  
127.2   	-23.45  
127.6   	-23.53  
128     	-23.64  
128.4   	-23.71  
128.8   	-23.71  
129.2   	-23.75  
129.6   	-23.8   
130     	-23.8   
130.4   	-23.81  
130.8   	-23.83  
131.2   	-23.74  
131.6   	-23.63  
132     	-23.6   
132.4   	-23.59  
132.8   	-23.61  
133.2   	-23.69  
133.6   	-23.8   
134     	-23.93  
134.4   	-24.1   
134.8   	-24.22  
135.2   	-24.29  
135.6   	-24.35  
136     	-24.36  
136.4   	-24.35  
136.8   	-24.4   
137.2   	-24.45  
137.6   	-24.49  
138     	-24.45  
138.4   	-24.39  
138.8   	-24.37  
139.2   	-24.38  
139.6   	-24.43  
140     	-24.44  
140.4   	-24.38  
140.8   	-24.35  
141.2   	-24.32  
141.6   	-24.37  
142     	-24.39  
142.4   	-24.41  
142.8   	-24.47  
143.2   	-24.49  
143.6   	-24.51  
144     	-24.52  
144.4   	-24.53  
144.8   	-24.55  
145.2   	-24.56  
145.6   	-24.55  
146     	-24.48  
146.4   	-24.39  
146.8   	-24.36  
147.2   	-24.41  
147.6   	-24.42  
148     	-24.36  
148.4   	-24.36  
148.8   	-24.37  
149.2   	-24.34  
149.6   	-24.22  
150     	-24.18  
150.4   	-24.16  
150.8   	-24.1   
151.2   	-24.01  
151.6   	-23.94  
152     	-23.93  
152.4   	-23.92  
152.8   	-23.9   
153.2   	-23.86  
153.6   	-23.9   
154     	-23.88  
154.4   	-23.87  
154.8   	-23.88  
155.2   	-23.91  
155.6   	-23.98  
156     	-24.08  
156.4   	-24.13  
156.8   	-24.16  
157.2   	-24.17  
157.6   	-24.16  
158     	-24.21  
158.4   	-24.28  
158.8   	-24.25  
159.2   	-24.2   
159.6   	-24.18  
160     	-24.08  
160.4   	-23.96  
160.8   	-23.85  
161.2   	-23.83  
161.6   	-23.84  
162     	-23.85  
162.4   	-23.83  
162.8   	-23.8   
163.2   	-23.82  
163.6   	-23.85  
164     	-23.92  
164.4   	-24.06  
164.8   	-24.13  
165.2   	-24.15  
165.6   	-24.13  
166     	-24.11  
166.4   	-24.11  
166.8   	-24.04  
167.2   	-24.02  
167.6   	-23.98  
168     	-23.94  
168.4   	-23.93  
168.8   	-23.89  
169.2   	-23.85  
169.6   	-23.84  
170     	-23.79  
170.4   	-23.68  
170.8   	-23.59  
171.2   	-23.45  
171.6   	-23.33  
172     	-23.25  
172.4   	-23.24  
172.8   	-23.24  
173.2   	-23.26  
173.6   	-23.31  
174     	-23.27  
174.4   	-23.21  
174.8   	-23.19  
175.2   	-23.18  
175.6   	-23.17  
176     	-23.23  
176.4   	-23.22  
176.8   	-23.17  
177.2   	-23.18  
177.6   	-23.21  
178     	-23.24  
178.4   	-23.21  
178.8   	-23.12  
179.2   	-23.04  
179.6   	-22.99  
180     	-23.02  
180.4   	-23.07  
180.8   	-23.08  
181.2   	-23.13  
181.6   	-23.14  
182     	-23.17  
182.4   	-23.25  
182.8   	-23.31  
183.2   	-23.35  
183.6   	-23.35  
184     	-23.33  
184.4   	-23.31  
184.8   	-23.3   
185.2   	-23.33  
185.6   	-23.32  
186     	-23.28  
186.4   	-23.23  
186.8   	-23.22  
187.2   	-23.27  
187.6   	-23.35  
188     	-23.36  
188.4   	-23.41  
188.8   	-23.48  
189.2   	-23.55  
189.6   	-23.61  
190     	-23.6   
190.4   	-23.57  
190.8   	-23.51  
191.2   	-23.48  
191.6   	-23.46  
192     	-23.5   
192.4   	-23.52  
192.8   	-23.53  
193.2   	-23.53  
193.6   	-23.53  
194     	-23.47  
194.4   	-23.45  
194.8   	-23.51  
195.2   	-23.53  
195.6   	-23.52  
196     	-23.5   
196.4   	-23.5   
196.8   	-23.53  
197.2   	-23.55  
197.6   	-23.52  
198     	-23.45  
198.4   	-23.45  
198.8   	-23.51  
199.2   	-23.54  
199.6   	-23.55  
200     	-23.63  
200.4   	-23.72  
200.8   	-23.74  
201.2   	-23.77  
201.6   	-23.88  
202     	-24     
202.4   	-24.02  
202.8   	-24.02  
203.2   	-24.02  
203.6   	-23.98  
204     	-23.88  
204.4   	-23.84  
204.8   	-23.86  
205.2   	-23.88  
205.6   	-23.99  
206     	-24.1   
206.4   	-24.14  
206.8   	-24.09  
207.2   	-23.92  
207.6   	-23.76  
208     	-23.64  
208.4   	-23.56  
208.8   	-23.49  
209.2   	-23.43  
209.6   	-23.31  
210     	-23.28  
210.4   	-23.27  
210.8   	-23.38  
211.2   	-23.46  
211.6   	-23.56  
212     	-23.66  
212.4   	-23.79  
212.8   	-23.93  
213.2   	-24.06  
213.6   	-24.12  
214     	-24.15  
214.4   	-24.13  
214.8   	-24.03  
215.2   	-23.92  
215.6   	-23.87  
216     	-23.86  
216.4   	-23.85  
216.8   	-23.84  
217.2   	-23.81  
217.6   	-23.86  
218     	-23.92  
218.4   	-24     
218.8   	-23.99  
219.2   	-23.99  
219.6   	-24     
220     	-23.98  
220.4   	-23.91  
220.8   	-23.85  
221.2   	-23.85  
221.6   	-23.89  
222     	-23.91  
222.4   	-23.85  
222.8   	-23.82  
223.2   	-23.78  
223.6   	-23.82  
224     	-23.85  
224.4   	-23.88  
224.8   	-23.92  
225.2   	-23.93  
225.6   	-23.9   
226     	-23.9   
226.4   	-23.95  
226.8   	-24     
227.2   	-24.03  
227.6   	-24.07  
228     	-24.08  
228.4   	-24.09  
228.8   	-24.08  
229.2   	-24.06  
229.6   	-24.08  
230     	-24.16  
230.4   	-24.23  
230.8   	-24.27  
231.2   	-24.34  
231.6   	-24.28  
232     	-24.21  
232.4   	-24.18  
232.8   	-24.12  
233.2   	-24.02  
233.6   	-23.95  
234     	-23.86  
234.4   	-23.83  
234.8   	-23.81  
235.2   	-23.82  
235.6   	-23.82  
236     	-23.84  
236.4   	-23.91  
236.8   	-24.01  
237.2   	-24.07  
237.6   	-24.09  
238     	-24.02  
238.4   	-23.99  
238.8   	-23.95  
239.2   	-23.93  
239.6   	-23.94  
240     	-23.92  
240.4   	-23.88  
240.8   	-23.83  
241.2   	-23.83  
241.6   	-23.89  
242     	-23.94  
242.4   	-23.94  
242.8   	-23.97  
243.2   	-24     
243.6   	-24.07  
244     	-24.15  
244.4   	-24.25  
244.8   	-24.31  
245.2   	-24.3   
245.6   	-24.29  
246     	-24.28  
246.4   	-24.19  
246.8   	-24.17  
247.2   	-24.17  
247.6   	-24.26  
248     	-24.32  
248.4   	-24.33  
248.8   	-24.29  
249.2   	-24.23  
249.6   	-24.21  
250     	-24.15  
250.4   	-24.08  
250.8   	-24.03  
251.2   	-23.99  
251.6   	-23.96  
252     	-23.92  
252.4   	-23.83  
252.8   	-23.79  
253.2   	-23.69  
253.6   	-23.6   
254     	-23.59  
254.4   	-23.63  
254.8   	-23.69  
255.2   	-23.75  
255.6   	-23.74  
256     	-23.65  
256.4   	-23.54  
256.8   	-23.44  
257.2   	-23.44  
257.6   	-23.5   
258     	-23.57  
258.4   	-23.62  
258.8   	-23.68  
259.2   	-23.72  
259.6   	-23.74  
260     	-23.76  
260.4   	-23.75  
260.8   	-23.8   
261.2   	-23.86  
261.6   	-23.93  
262     	-24.04  
262.4   	-24.15  
262.8   	-24.21  
263.2   	-24.2   
263.6   	-24.17  
264     	-24.16  
264.4   	-24.17  
264.8   	-24.2   
265.2   	-24.21  
265.6   	-24.21  
266     	-24.19  
266.4   	-24.15  
266.8   	-24.1   
267.2   	-24.07  
267.6   	-24.03  
268     	-23.96  
268.4   	-23.85  
268.8   	-23.8   
269.2   	-23.79  
269.6   	-23.78  
270     	-23.75  
270.4   	-23.81  
270.8   	-23.83  
271.2   	-23.83  
271.6   	-23.79  
272     	-23.75  
272.4   	-23.75  
272.8   	-23.73  
273.2   	-23.72  
273.6   	-23.7   
274     	-23.7   
274.4   	-23.7   
274.8   	-23.7   
275.2   	-23.71  
275.6   	-23.75  
276     	-23.78  
276.4   	-23.79  
276.8   	-23.8   
277.2   	-23.81  
277.6   	-23.86  
278     	-23.88  
278.4   	-23.89  
278.8   	-23.91  
279.2   	-23.96  
279.6   	-24     
280     	-24.04  
280.4   	-24.08  
280.8   	-24.17  
281.2   	-24.24  
281.6   	-24.21  
282     	-24.11  
282.4   	-23.98  
282.8   	-23.9   
283.2   	-23.88  
283.6   	-23.89  
284     	-23.89  
284.4   	-23.86  
284.8   	-23.82  
285.2   	-23.81  
285.6   	-23.8   
286     	-23.76  
286.4   	-23.77  
286.8   	-23.85  
287.2   	-23.94  
287.6   	-23.93  
288     	-23.89  
288.4   	-23.85  
288.8   	-23.71  
289.2   	-23.56  
289.6   	-23.5   
290     	-23.49  
290.4   	-23.52  
290.8   	-23.57  
291.2   	-23.59  
291.6   	-23.57  
292     	-23.6   
292.4   	-23.7   
292.8   	-23.82  
293.2   	-23.88  
293.6   	-23.86  
294     	-23.79  
294.4   	-23.76  
294.8   	-23.75  
295.2   	-23.78  
295.6   	-23.81  
296     	-23.83  
296.4   	-23.87  
296.8   	-23.98  
297.2   	-24.04  
297.6   	-24.11  
298     	-24.2   
298.4   	-24.26  
298.8   	-24.25  
299.2   	-24.2   
299.6   	-24.16  
300     	-24.17  
300.4   	-24.18  
300.8   	-24.18  
301.2   	-24.16  
301.6   	-24.14  
302     	-24.1   
302.4   	-24.06  
302.8   	-24.07  
303.2   	-24.05  
303.6   	-24.01  
304     	-24.01  
304.4   	-24.04  
304.8   	-24.06  
305.2   	-24.11  
305.6   	-24.18  
306     	-24.26  
306.4   	-24.34  
306.8   	-24.36  
307.2   	-24.37  
307.6   	-24.36  
308     	-24.35  
308.4   	-24.35  
308.8   	-24.34  
309.2   	-24.32  
309.6   	-24.29  
310     	-24.28  
310.4   	-24.27  
310.8   	-24.27  
311.2   	-24.31  
311.6   	-24.29  
312     	-24.28  
312.4   	-24.35  
312.8   	-24.36  
313.2   	-24.34  
313.6   	-24.29  
314     	-24.23  
314.4   	-24.23  
314.8   	-24.26  
315.2   	-24.19  
315.6   	-24.12  
316     	-24.08  
316.4   	-24.06  
316.8   	-24.03  
317.2   	-24.03  
317.6   	-24.03  
318     	-24.03  
318.4   	-24.02  
318.8   	-24.03  
319.2   	-24.05  
319.6   	-24.06  
320     	-24.01  
320.4   	-23.91  
320.8   	-23.88  
321.2   	-23.86  
321.6   	-23.84  
322     	-23.8   
322.4   	-23.76  
322.8   	-23.7   
323.2   	-23.64  
323.6   	-23.55  
324     	-23.47  
324.4   	-23.42  
324.8   	-23.37  
325.2   	-23.35  
325.6   	-23.36  
326     	-23.37  
326.4   	-23.4   
326.8   	-23.4   
327.2   	-23.38  
327.6   	-23.42  
328     	-23.47  
328.4   	-23.52  
328.8   	-23.57  
329.2   	-23.64  
329.6   	-23.71  
330     	-23.77  
330.4   	-23.88  
330.8   	-23.97  
331.2   	-23.98  
331.6   	-24     
332     	-24.02  
332.4   	-23.92  
332.8   	-23.85  
333.2   	-23.81  
333.6   	-23.74  
334     	-23.7   
334.4   	-23.64  
334.8   	-23.65  
335.2   	-23.71  
335.6   	-23.73  
336     	-23.68  
336.4   	-23.64  
336.8   	-23.66  
337.2   	-23.66  
337.6   	-23.67  
338     	-23.69  
338.4   	-23.78  
338.8   	-23.87  
339.2   	-23.9   
339.6   	-23.89  
340     	-23.84  
340.4   	-23.76  
340.8   	-23.75  
341.2   	-23.81  
341.6   	-23.89  
342     	-23.95  
342.4   	-23.97  
342.8   	-23.95  
343.2   	-23.92  
343.6   	-23.9   
344     	-23.9   
344.4   	-23.93  
344.8   	-23.91  
345.2   	-23.95  
345.6   	-24.03  
346     	-24.1   
346.4   	-24.11  
346.8   	-24.1   
347.2   	-24.1   
347.6   	-24.07  
348     	-23.93  
348.4   	-23.78  
348.8   	-23.68  
349.2   	-23.62  
349.6   	-23.66  
350     	-23.77  
350.4   	-23.78  
350.8   	-23.79  
351.2   	-23.8   
351.6   	-23.77  
352     	-23.71  
352.4   	-23.64  
352.8   	-23.57  
353.2   	-23.56  
353.6   	-23.51  
354     	-23.5   
354.4   	-23.54  
354.8   	-23.63  
355.2   	-23.7   
355.6   	-23.8   
356     	-23.89  
356.4   	-24     
356.8   	-24.09  
357.2   	-24.19  
357.6   	-24.24  
358     	-24.25  
358.4   	-24.27  
358.8   	-24.26  
359.2   	-24.23  
359.6   	-24.13  
360     	-24     
360.4   	-23.95  
360.8   	-23.86  
361.2   	-23.85  
361.6   	-23.88  
362     	-23.91  
362.4   	-23.95  
362.8   	-23.92  
363.2   	-23.92  
363.6   	-23.95  
364     	-23.97  
364.4   	-23.95  
364.8   	-24.01  
365.2   	-24.03  
365.6   	-23.99  
366     	-23.91  
366.4   	-23.87  
366.8   	-23.89  
367.2   	-23.89  
367.6   	-23.93  
368     	-23.96  
368.4   	-24.01  
368.8   	-24.07  
369.2   	-24.12  
369.6   	-24.13  
370     	-24.14  
370.4   	-24.19  
370.8   	-24.27  
371.2   	-24.37  
371.6   	-24.44  
372     	-24.46  
372.4   	-24.46  
372.8   	-24.38  
373.2   	-24.27  
373.6   	-24.26  
374     	-24.3   
374.4   	-24.39  
374.8   	-24.45  
375.2   	-24.48  
375.6   	-24.57  
376     	-24.65  
376.4   	-24.59  
376.8   	-24.49  
377.2   	-24.42  
377.6   	-24.38  
378     	-24.34  
378.4   	-24.17  
378.8   	-24.01  
379.2   	-23.9   
379.6   	-23.89  
380     	-23.91  
380.4   	-23.94  
380.8   	-23.98  
381.2   	-23.99  
381.6   	-23.96  
382     	-23.89  
382.4   	-23.83  
382.8   	-23.72  
383.2   	-23.64  
383.6   	-23.62  
384     	-23.52  
384.4   	-23.47  
384.8   	-23.47  
385.2   	-23.48  
385.6   	-23.5   
386     	-23.52  
386.4   	-23.56  
386.8   	-23.63  
387.2   	-23.64  
387.6   	-23.65  
388     	-23.67  
388.4   	-23.67  
388.8   	-23.74  
389.2   	-23.78  
389.6   	-23.84  
390     	-23.91  
390.4   	-24.01  
390.8   	-24.11  
391.2   	-24.21  
391.6   	-24.28  
392     	-24.28  
392.4   	-24.32  
392.8   	-24.33  
393.2   	-24.3   
393.6   	-24.21  
394     	-24.14  
394.4   	-24.11  
394.8   	-24.1   
395.2   	-24.13  
395.6   	-24.17  
396     	-24.08  
396.4   	-23.88  
396.8   	-23.74  
397.2   	-23.63  
397.6   	-23.58  
398     	-23.55  
398.4   	-23.52  
398.8   	-23.55  
399.2   	-23.56  
399.6   	-23.55  
400     	-23.59  
400.4   	-23.63  
400.8   	-23.68  
401.2   	-23.68  
401.6   	-23.64  
402     	-23.61  
402.4   	-23.6   
402.8   	-23.6   
403.2   	-23.6   
403.6   	-23.62  
404     	-23.7   
404.4   	-23.79  
404.8   	-23.91  
405.2   	-23.91  
405.6   	-23.88  
406     	-23.84  
406.4   	-23.83  
406.8   	-23.83  
407.2   	-23.9   
407.6   	-23.98  
408     	-24.02  
408.4   	-24.01  
408.8   	-24.04  
409.2   	-24.02  
409.6   	-24.03  
410     	-24.07  
410.4   	-24.06  
410.8   	-24.09  
411.2   	-24.1   
411.6   	-24.05  
412     	-24     
412.4   	-23.98  
412.8   	-23.87  
413.2   	-23.79  
413.6   	-23.8   
414     	-23.8   
414.4   	-23.78  
414.8   	-23.81  
415.2   	-23.88  
415.6   	-23.93  
416     	-23.98  
416.4   	-24.01  
416.8   	-24.02  
417.2   	-24.01  
417.6   	-23.94  
418     	-23.93  
418.4   	-23.91  
418.8   	-23.98  
419.2   	-24.07  
419.6   	-24.13  
420     	-24.12  
420.4   	-24.09  
420.8   	-23.99  
421.2   	-23.93  
421.6   	-23.86  
422     	-23.82  
422.4   	-23.81  
422.8   	-23.77  
423.2   	-23.74  
423.6   	-23.64  
424     	-23.58  
424.4   	-23.62  
424.8   	-23.69  
425.2   	-23.78  
425.6   	-23.91  
426     	-24     
426.4   	-24.09  
426.8   	-24.18  
427.2   	-24.25  
427.6   	-24.3   
428     	-24.32  
428.4   	-24.29  
428.8   	-24.28  
429.2   	-24.27  
429.6   	-24.23  
430     	-24.21  
430.4   	-24.12  
430.8   	-24.06  
431.2   	-24.06  
431.6   	-24.1   
432     	-24.06  
432.4   	-24.01  
432.8   	-23.94  
433.2   	-23.93  
433.6   	-23.93  
434     	-23.99  
434.4   	-24.05  
434.8   	-24.12  
435.2   	-24.16  
435.6   	-24.2   
436     	-24.27  
436.4   	-24.31  
436.8   	-24.31  
437.2   	-24.31  
437.6   	-24.31  
438     	-24.37  
438.4   	-24.39  
438.8   	-24.33  
439.2   	-24.27  
439.6   	-24.2   
440     	-24.2   
440.4   	-24.23  
440.8   	-24.27  
441.2   	-24.24  
441.6   	-24.22  
442     	-24.18  
442.4   	-24.19  
442.8   	-24.26  
443.2   	-24.35  
443.6   	-24.35  
444     	-24.34  
444.4   	-24.26  
444.8   	-24.2   
445.2   	-24.12  
445.6   	-24.01  
446     	-23.87  
446.4   	-23.71  
446.8   	-23.66  
447.2   	-23.63  
447.6   	-23.59  
448     	-23.62  
448.4   	-23.68  
448.8   	-23.73  
449.2   	-23.8   
449.6   	-23.88  
450     	-23.94  
450.4   	-24.05  
450.8   	-24.11  
451.2   	-24.15  
451.6   	-24.07  
452     	-23.98  
452.4   	-23.88  
452.8   	-23.82  
453.2   	-23.82  
453.6   	-23.84  
454     	-23.92  
454.4   	-23.99  
454.8   	-23.96  
455.2   	-23.92  
455.6   	-23.96  
456     	-24.02  
456.4   	-24.02  
456.8   	-24.05  
457.2   	-24.06  
457.6   	-24.09  
458     	-24.1   
458.4   	-24.12  
458.8   	-24.14  
459.2   	-24.16  
459.6   	-24.13  
460     	-24.11  
460.4   	-24.1   
460.8   	-24.04  
461.2   	-23.93  
461.6   	-23.9   
462     	-23.91  
462.4   	-23.91  
462.8   	-23.89  
463.2   	-23.79  
463.6   	-23.61  
464     	-23.44  
464.4   	-23.33  
464.8   	-23.27  
465.2   	-23.21  
465.6   	-23.2   
466     	-23.19  
466.4   	-23.19  
466.8   	-23.25  
467.2   	-23.37  
467.6   	-23.47  
468     	-23.59  
468.4   	-23.71  
468.8   	-23.8   
469.2   	-23.85  
469.6   	-23.96  
470     	-24.07  
470.4   	-24.08  
470.8   	-24.11  
471.2   	-24.05  
471.6   	-23.94  
472     	-23.81  
472.4   	-23.71  
472.8   	-23.61  
473.2   	-23.56  
473.6   	-23.57  
474     	-23.6   
474.4   	-23.59  
474.8   	-23.57  
475.2   	-23.54  
475.6   	-23.44  
476     	-23.35  
476.4   	-23.35  
476.8   	-23.41  
477.2   	-23.43  
477.6   	-23.48  
478     	-23.56  
478.4   	-23.59  
478.8   	-23.68  
479.2   	-23.77  
479.6   	-23.91  
480     	-24     
480.4   	-24.04  
480.8   	-24.05  
481.2   	-24.06  
481.6   	-24.05  
482     	-23.9   
482.4   	-23.81  
482.8   	-23.82  
483.2   	-23.89  
483.6   	-23.97  
484     	-23.96  
484.4   	-23.97  
484.8   	-23.92  
485.2   	-23.88  
485.6   	-23.83  
486     	-23.85  
486.4   	-23.88  
486.8   	-23.9   
487.2   	-23.94  
487.6   	-23.92  
488     	-23.92  
488.4   	-23.93  
488.8   	-23.95  
489.2   	-24     
489.6   	-24.06  
490     	-24.11  
490.4   	-24.08  
490.8   	-23.97  
491.2   	-23.86  
491.6   	-23.84  
492     	-23.9   
492.4   	-23.99  
492.8   	-24.1   
493.2   	-24.24  
493.6   	-24.39  
494     	-24.41  
494.4   	-24.43  
494.8   	-24.42  
495.2   	-24.35  
495.6   	-24.28  
496     	-24.27  
496.4   	-24.27  
496.8   	-24.26  
497.2   	-24.3   
497.6   	-24.36  
498     	-24.37  
498.4   	-24.33  
498.8   	-24.34  
499.2   	-24.4   
499.6   	-24.46  
500     	-24.48  
500.4   	-24.46  
500.8   	-24.34  
501.2   	-24.19  
501.6   	-24.07  
502     	-23.96  
502.4   	-23.93  
502.8   	-23.94  
503.2   	-23.93  
503.6   	-23.92  
504     	-23.96  
504.4   	-23.96  
504.8   	-23.95  
505.2   	-23.96  
505.6   	-23.95  
506     	-23.92  
506.4   	-23.93  
506.8   	-23.96  
507.2   	-23.93  
507.6   	-23.94  
508     	-23.96  
508.4   	-24.02  
508.8   	-24.08  
509.2   	-24.14  
509.6   	-24.17  
510     	-24.2   
510.4   	-24.21  
510.8   	-24.23  
511.2   	-24.27  
511.6   	-24.26  
512     	-24.2   
512.4   	-24.07  
512.8   	-23.93  
513.2   	-23.88  
513.6   	-23.83  
514     	-23.77  
514.4   	-23.72  
514.8   	-23.63  
515.2   	-23.6   
515.6   	-23.53  
516     	-23.49  
516.4   	-23.51  
516.8   	-23.5   
517.2   	-23.48  
517.6   	-23.5   
518     	-23.55  
518.4   	-23.63  
518.8   	-23.7   
519.2   	-23.71  
519.6   	-23.78  
520     	-23.8   
520.4   	-23.88  
520.8   	-23.96  
521.2   	-23.97  
521.6   	-23.96  
522     	-23.92  
522.4   	-23.85  
522.8   	-23.82  
523.2   	-23.73  
523.6   	-23.66  
524     	-23.64  
524.4   	-23.66  
524.8   	-23.71  
525.2   	-23.71  
525.6   	-23.67  
526     	-23.63  
526.4   	-23.57  
526.8   	-23.59  
527.2   	-23.63  
527.6   	-23.68  
528     	-23.66  
528.4   	-23.57  
528.8   	-23.57  
529.2   	-23.6   
529.6   	-23.62  
530     	-23.63  
530.4   	-23.61  
530.8   	-23.6   
531.2   	-23.58  
531.6   	-23.58  
532     	-23.58  
532.4   	-23.57  
532.8   	-23.58  
533.2   	-23.6   
533.6   	-23.65  
534     	-23.7   
534.4   	-23.76  
534.8   	-23.76  
535.2   	-23.75  
535.6   	-23.75  
536     	-23.79  
536.4   	-23.85  
536.8   	-23.96  
537.2   	-24.04  
537.6   	-24.13  
538     	-24.16  
538.4   	-24.19  
538.8   	-24.2   
539.2   	-24.16  
539.6   	-24.13  
540     	-24.07  
540.4   	-23.99  
540.8   	-23.9   
541.2   	-23.87  
541.6   	-23.84  
542     	-23.79  
542.4   	-23.8   
542.8   	-23.78  
543.2   	-23.75  
543.6   	-23.73  
544     	-23.7   
544.4   	-23.74  
544.8   	-23.79  
545.2   	-23.83  
545.6   	-23.91  
546     	-24.02  
546.4   	-24.1   
546.8   	-24     
547.2   	-23.86  
547.6   	-23.73  
548     	-23.58  
548.4   	-23.44  
548.8   	-23.33  
549.2   	-23.25  
549.6   	-23.26  
550     	-23.33  
550.4   	-23.42  
550.8   	-23.56  
551.2   	-23.68  
551.6   	-23.82  
552     	-23.87  
552.4   	-23.87  
552.8   	-23.85  
553.2   	-23.76  
553.6   	-23.69  
554     	-23.62  
554.4   	-23.62  
554.8   	-23.65  
555.2   	-23.68  
555.6   	-23.74  
556     	-23.76  
556.4   	-23.78  
556.8   	-23.86  
557.2   	-23.92  
557.6   	-23.96  
558     	-23.99  
558.4   	-24.03  
558.8   	-24.09  
559.2   	-24.16  
559.6   	-24.25  
560     	-24.38  
560.4   	-24.42  
560.8   	-24.39  
561.2   	-24.43  
561.6   	-24.45  
562     	-24.49  
562.4   	-24.51  
562.8   	-24.5   
563.2   	-24.54  
563.6   	-24.6   
564     	-24.67  
564.4   	-24.64  
564.8   	-24.62  
565.2   	-24.62  
565.6   	-24.57  
566     	-24.5   
566.4   	-24.47  
566.8   	-24.45  
567.2   	-24.4   
567.6   	-24.37  
568     	-24.32  
568.4   	-24.26  
568.8   	-24.23  
569.2   	-24.21  
569.6   	-24.23  
570     	-24.24  
570.4   	-24.21  
570.8   	-24.16  
571.2   	-24.1   
571.6   	-24.03  
572     	-24.04  
572.4   	-24.03  
572.8   	-23.95  
573.2   	-23.9   
573.6   	-23.85  
574     	-23.86  
574.4   	-23.89  
574.8   	-23.94  
575.2   	-23.95  
575.6   	-23.96  
576     	-23.96  
576.4   	-23.9   
576.8   	-23.83  
577.2   	-23.83  
577.6   	-23.89  
578     	-23.98  
578.4   	-24.06  
578.8   	-24.16  
579.2   	-24.21  
579.6   	-24.21  
580     	-24.18  
580.4   	-24.16  
580.8   	-24.06  
581.2   	-23.97  
581.6   	-23.92  
582     	-23.93  
582.4   	-23.97  
582.8   	-24.03  
583.2   	-24.11  
583.6   	-24.17  
584     	-24.22  
584.4   	-24.22  
584.8   	-24.21  
585.2   	-24.19  
585.6   	-24.12  
586     	-24.07  
586.4   	-24.04  
586.8   	-24     
587.2   	-23.92  
587.6   	-23.8   
588     	-23.68  
588.4   	-23.49  
588.8   	-23.35  
589.2   	-23.29  
589.6   	-23.31  
590     	-23.36  
590.4   	-23.44  
590.8   	-23.52  
591.2   	-23.55  
591.6   	-23.58  
592     	-23.57  
592.4   	-23.53  
592.8   	-23.43  
593.2   	-23.4   
593.6   	-23.43  
594     	-23.45  
594.4   	-23.42  
594.8   	-23.43  
595.2   	-23.5   
595.6   	-23.59  
596     	-23.65  
596.4   	-23.7   
596.8   	-23.74  
597.2   	-23.76  
597.6   	-23.74  
598     	-23.73  
598.4   	-23.74  
598.8   	-23.75  
599.2   	-23.78  
599.6   	-23.85  
600     	-23.93  
600.4   	-24.04  
600.8   	-24.11  
601.2   	-24.18  
601.6   	-24.2   
602     	-24.18  
602.4   	-24.19  
602.8   	-24.19  
603.2   	-24.2   
603.6   	-24.2   
604     	-24.17  
604.4   	-24.14  
604.8   	-24.09  
605.2   	-24.04  
605.6   	-23.97  
606     	-23.92  
606.4   	-23.9   
606.8   	-23.86  
607.2   	-23.83  
607.6   	-23.78  
608     	-23.72  
608.4   	-23.65  
608.8   	-23.56  
609.2   	-23.43  
609.6   	-23.35  
610     	-23.28  
610.4   	-23.27  
610.8   	-23.28  
611.2   	-23.38  
611.6   	-23.49  
612     	-23.56  
612.4   	-23.59  
612.8   	-23.68  
613.2   	-23.76  
613.6   	-23.83  
614     	-23.93  
614.4   	-24.02  
614.8   	-24.14  
615.2   	-24.17  
615.6   	-24.2   
616     	-24.19  
616.4   	-24.17  
616.8   	-24.19  
617.2   	-24.1   
617.6   	-24     
618     	-23.91  
618.4   	-23.82  
618.8   	-23.76  
619.2   	-23.71  
619.6   	-23.64  
620     	-23.57  
620.4   	-23.54  
620.8   	-23.53  
621.2   	-23.51  
621.6   	-23.49  
622     	-23.44  
622.4   	-23.4   
622.8   	-23.39  
623.2   	-23.42  
623.6   	-23.46  
624     	-23.54  
624.4   	-23.64  
624.8   	-23.7   
625.2   	-23.74  
625.6   	-23.73  
626     	-23.68  
626.4   	-23.67  
626.8   	-23.69  
627.2   	-23.76  
627.6   	-23.81  
628     	-23.85  
628.4   	-23.89  
628.8   	-23.9   
629.2   	-23.96  
629.6   	-24.01  
630     	-23.9   
630.4   	-23.8   
630.8   	-23.77  
631.2   	-23.77  
631.6   	-23.82  
632     	-23.89  
632.4   	-23.95  
632.8   	-24     
633.2   	-24.01  
633.6   	-24.08  
634     	-24.16  
634.4   	-24.24  
634.8   	-24.25  
635.2   	-24.23  
635.6   	-24.27  
636     	-24.3   
636.4   	-24.32  
636.8   	-24.4   
637.2   	-24.43  
637.6   	-24.46  
638     	-24.48  
638.4   	-24.43  
638.8   	-24.33  
639.2   	-24.19  
639.6   	-24.12  
640     	-24.04  
640.4   	-23.98  
640.8   	-23.98  
641.2   	-24.03  
641.6   	-24.02  
642     	-23.91  
642.4   	-23.78  
642.8   	-23.62  
643.2   	-23.51  
643.6   	-23.5   
644     	-23.5   
644.4   	-23.48  
644.8   	-23.4   
645.2   	-23.33  
645.6   	-23.28  
646     	-23.32  
646.4   	-23.39  
646.8   	-23.46  
647.2   	-23.54  
647.6   	-23.51  
648     	-23.54  
648.4   	-23.57  
648.8   	-23.62  
649.2   	-23.64  
649.6   	-23.66  
650     	-23.62  
650.4   	-23.6   
650.8   	-23.59  
651.2   	-23.59  
651.6   	-23.65  
652     	-23.73  
652.4   	-23.82  
652.8   	-23.86  
653.2   	-23.77  
653.6   	-23.67  
654     	-23.61  
654.4   	-23.59  
654.8   	-23.51  
655.2   	-23.48  
655.6   	-23.43  
656     	-23.42  
656.4   	-23.47  
656.8   	-23.52  
657.2   	-23.58  
657.6   	-23.68  
658     	-23.76  
658.4   	-23.79  
658.8   	-23.82  
659.2   	-23.84  
659.6   	-23.88  
660     	-23.93  
660.4   	-23.94  
660.8   	-23.96  
661.2   	-24.01  
661.6   	-24.05  
662     	-24.03  
662.4   	-23.97  
662.8   	-23.93  
663.2   	-23.91  
663.6   	-23.89  
664     	-23.83  
664.4   	-23.82  
664.8   	-23.79  
665.2   	-23.74  
665.6   	-23.62  
666     	-23.48  
666.4   	-23.43  
666.8   	-23.46  
667.2   	-23.46  
667.6   	-23.49  
668     	-23.56  
668.4   	-23.64  
668.8   	-23.7   
669.2   	-23.77  
669.6   	-23.81  
670     	-23.91  
670.4   	-24.06  
670.8   	-24.17  
671.2   	-24.19  
671.6   	-24.2   
672     	-24.21  
672.4   	-24.15  
672.8   	-24.07  
673.2   	-24.01  
673.6   	-23.98  
674     	-23.93  
674.4   	-23.92  
674.8   	-23.97  
675.2   	-24.03  
675.6   	-24.15  
676     	-24.25  
676.4   	-24.27  
676.8   	-24.27  
677.2   	-24.26  
677.6   	-24.29  
678     	-24.34  
678.4   	-24.41  
678.8   	-24.39  
679.2   	-24.36  
679.6   	-24.36  
680     	-24.43  
680.4   	-24.46  
680.8   	-24.36  
681.2   	-24.21  
681.6   	-24.04  
682     	-23.9   
682.4   	-23.79  
682.8   	-23.62  
683.2   	-23.44  
683.6   	-23.32  
684     	-23.32  
684.4   	-23.39  
684.8   	-23.48  
685.2   	-23.51  
685.6   	-23.52  
686     	-23.56  
686.4   	-23.57  
686.8   	-23.54  
687.2   	-23.48  
687.6   	-23.46  
688     	-23.45  
688.4   	-23.51  
688.8   	-23.61  
689.2   	-23.7   
689.6   	-23.81  
690     	-23.89  
690.4   	-23.96  
690.8   	-24.02  
691.2   	-24.09  
691.6   	-24.13  
692     	-24.18  
692.4   	-24.22  
692.8   	-24.22  
693.2   	-24.19  
693.6   	-24.16  
694     	-24.17  
694.4   	-24.16  
694.8   	-24.24  
695.2   	-24.35  
695.6   	-24.41  
696     	-24.46  
696.4   	-24.49  
696.8   	-24.49  
697.2   	-24.52  
697.6   	-24.55  
698     	-24.54  
698.4   	-24.5   
698.8   	-24.44  
699.2   	-24.43  
699.6   	-24.47  
700     	-24.51  
700.4   	-24.49  
700.8   	-24.52  
701.2   	-24.55  
701.6   	-24.53  
702     	-24.49  
702.4   	-24.38  
702.8   	-24.32  
703.2   	-24.29  
703.6   	-24.33  
704     	-24.35  
704.4   	-24.35  
704.8   	-24.37  
705.2   	-24.44  
705.6   	-24.51  
706     	-24.55  
706.4   	-24.58  
706.8   	-24.62  
707.2   	-24.63  
707.6   	-24.59  
708     	-24.52  
708.4   	-24.46  
708.8   	-24.44  
709.2   	-24.43  
709.6   	-24.45  
710     	-24.44  
710.4   	-24.43  
710.8   	-24.32  
711.2   	-24.18  
711.6   	-24.05  
712     	-23.98  
712.4   	-23.97  
712.8   	-23.95  
713.2   	-23.9   
713.6   	-23.92  
714     	-23.93  
714.4   	-23.95  
714.8   	-23.95  
715.2   	-23.97  
715.6   	-23.98  
716     	-23.86  
716.4   	-23.76  
716.8   	-23.64  
717.2   	-23.62  
717.6   	-23.66  
718     	-23.72  
718.4   	-23.76  
718.8   	-23.8   
719.2   	-23.91  
719.6   	-24.04  
720     	-24.11  
720.4   	-24.12  
720.8   	-24.12  
721.2   	-24.11  
721.6   	-23.99  
722     	-23.85  
722.4   	-23.75  
722.8   	-23.67  
723.2   	-23.61  
723.6   	-23.65  
724     	-23.68  
724.4   	-23.66  
724.8   	-23.63  
725.2   	-23.6   
725.6   	-23.55  
726     	-23.44  
726.4   	-23.35  
726.8   	-23.31  
727.2   	-23.29  
727.6   	-23.28  
728     	-23.3   
728.4   	-23.39  
728.8   	-23.49  
729.2   	-23.51  
729.6   	-23.46  
730     	-23.37  
730.4   	-23.36  
730.8   	-23.41  
731.2   	-23.45  
731.6   	-23.53  
732     	-23.56  
732.4   	-23.62  
732.8   	-23.63  
733.2   	-23.62  
733.6   	-23.69  
734     	-23.74  
734.4   	-23.82  
734.8   	-23.91  
735.2   	-23.99  
735.6   	-24.03  
736     	-24.07  
736.4   	-24.14  
736.8   	-24.14  
737.2   	-24.12  
737.6   	-24.12  
738     	-24.09  
738.4   	-24.06  
738.8   	-24.04  
739.2   	-23.97  
739.6   	-23.95  
740     	-23.88  
740.4   	-23.81  
740.8   	-23.77  
741.2   	-23.8   
741.6   	-23.84  
742     	-23.82  
742.4   	-23.7   
742.8   	-23.57  
743.2   	-23.48  
743.6   	-23.45  
744     	-23.42  
744.4   	-23.42  
744.8   	-23.48  
745.2   	-23.59  
745.6   	-23.68  
746     	-23.72  
746.4   	-23.74  
746.8   	-23.73  
747.2   	-23.74  
747.6   	-23.79  
748     	-23.74  
748.4   	-23.73  
748.8   	-23.81  
749.2   	-23.91  
749.6   	-23.99  
750     	-24.04  
750.4   	-24.02  
750.8   	-23.92  
751.2   	-23.81  
751.6   	-23.72  
752     	-23.62  
752.4   	-23.54  
752.8   	-23.55  
753.2   	-23.55  
753.6   	-23.53  
754     	-23.49  
754.4   	-23.5   
754.8   	-23.47  
755.2   	-23.46  
755.6   	-23.49  
756     	-23.55  
756.4   	-23.55  
756.8   	-23.5   
757.2   	-23.42  
757.6   	-23.27  
758     	-23.08  
758.4   	-22.91  
758.8   	-22.81  
759.2   	-22.77  
759.6   	-22.72  
760     	-22.67  
760.4   	-22.61  
760.8   	-22.63  
761.2   	-22.68  
761.6   	-22.68  
762     	-22.75  
762.4   	-22.81  
762.8   	-22.8   
763.2   	-22.85  
763.6   	-22.99  
764     	-23.16  
764.4   	-23.31  
764.8   	-23.46  
765.2   	-23.56  
765.6   	-23.66  
766     	-23.76  
766.4   	-23.78  
766.8   	-23.83  
767.2   	-23.81  
767.6   	-23.74  
768     	-23.71  
768.4   	-23.75  
768.8   	-23.8   
769.2   	-23.9   
769.6   	-24.02  
770     	-24.09  
770.4   	-24.08  
770.8   	-24.11  
771.2   	-24.14  
771.6   	-24.14  
772     	-24.24  
772.4   	-24.34  
772.8   	-24.44  
773.2   	-24.54  
773.6   	-24.61  
774     	-24.69  
774.4   	-24.77  
774.8   	-24.75  
775.2   	-24.71  
775.6   	-24.7   
776     	-24.67  
776.4   	-24.55  
776.8   	-24.48  
777.2   	-24.36  
777.6   	-24.19  
778     	-24.04  
778.4   	-23.9   
778.8   	-23.76  
779.2   	-23.64  
779.6   	-23.58  
780     	-23.53  
780.4   	-23.51  
780.8   	-23.52  
781.2   	-23.56  
781.6   	-23.63  
782     	-23.74  
782.4   	-23.87  
782.8   	-23.95  
783.2   	-24.01  
783.6   	-24.09  
784     	-24.14  
784.4   	-24.15  
784.8   	-24.16  
785.2   	-24.19  
785.6   	-24.15  
786     	-24.07  
786.4   	-23.95  
786.8   	-23.8   
787.2   	-23.73  
787.6   	-23.7   
788     	-23.67  
788.4   	-23.67  
788.8   	-23.69  
789.2   	-23.74  
789.6   	-23.85  
790     	-24.01  
790.4   	-24.15  
790.8   	-24.25  
791.2   	-24.34  
791.6   	-24.41  
792     	-24.37  
792.4   	-24.35  
792.8   	-24.37  
793.2   	-24.29  
793.6   	-24.14  
794     	-23.93  
794.4   	-23.74  
794.8   	-23.62  
795.2   	-23.56  
795.6   	-23.59  
796     	-23.6   
796.4   	-23.6   
796.8   	-23.62  
797.2   	-23.67  
797.6   	-23.69  
798     	-23.76  
798.4   	-23.88  
798.8   	-24.04  
799.2   	-24.18  
799.6   	-24.29  
800     	-24.43  
800.4   	-24.5   
800.8   	-24.46  
801.2   	-24.38  
801.6   	-24.33  
802     	-24.33  
802.4   	-24.34  
802.8   	-24.4   
803.2   	-24.46  
803.6   	-24.41  
804     	-24.37  
804.4   	-24.38  
804.8   	-24.33  
805.2   	-24.27  
805.6   	-24.22  
806     	-24.14  
806.4   	-24.06  
806.8   	-24.07  
807.2   	-24.1   
807.6   	-24.16  
808     	-24.22  
808.4   	-24.31  
808.8   	-24.3   
809.2   	-24.3   
809.6   	-24.23  
810     	-24.17  
810.4   	-24.16  
810.8   	-24.15  
811.2   	-24.09  
811.6   	-24.07  
812     	-24.03  
812.4   	-23.95  
812.8   	-23.96  
813.2   	-24.01  
813.6   	-24.1   
814     	-24.2   
814.4   	-24.25  
814.8   	-24.26  
815.2   	-24.22  
815.6   	-24.17  
816     	-24.11  
816.4   	-24.08  
816.8   	-24.08  
817.2   	-24.02  
817.6   	-23.94  
818     	-23.91  
818.4   	-23.85  
818.8   	-23.71  
819.2   	-23.62  
819.6   	-23.56  
820     	-23.52  
820.4   	-23.48  
820.8   	-23.47  
821.2   	-23.44  
821.6   	-23.39  
822     	-23.31  
822.4   	-23.14  
822.8   	-23.04  
823.2   	-23.01  
823.6   	-23.05  
824     	-23.1   
824.4   	-23.2   
824.8   	-23.29  
825.2   	-23.35  
825.6   	-23.38  
826     	-23.47  
826.4   	-23.53  
826.8   	-23.55  
827.2   	-23.53  
827.6   	-23.53  
828     	-23.54  
828.4   	-23.56  
828.8   	-23.62  
829.2   	-23.68  
829.6   	-23.71  
830     	-23.74  
830.4   	-23.79  
830.8   	-23.86  
831.2   	-23.92  
831.6   	-24     
832     	-24.02  
832.4   	-23.94  
832.8   	-23.9   
833.2   	-23.84  
833.6   	-23.78  
834     	-23.7   
834.4   	-23.63  
834.8   	-23.55  
835.2   	-23.55  
835.6   	-23.61  
836     	-23.6   
836.4   	-23.63  
836.8   	-23.69  
837.2   	-23.74  
837.6   	-23.82  
838     	-23.83  
838.4   	-23.88  
838.8   	-23.9   
839.2   	-23.91  
839.6   	-23.88  
840     	-23.91  
840.4   	-23.91  
840.8   	-23.93  
841.2   	-23.95  
841.6   	-23.92  
842     	-23.87  
842.4   	-23.84  
842.8   	-23.78  
843.2   	-23.68  
843.6   	-23.58  
844     	-23.49  
844.4   	-23.4   
844.8   	-23.33  
845.2   	-23.31  
845.6   	-23.3   
846     	-23.29  
846.4   	-23.26  
846.8   	-23.28  
847.2   	-23.35  
847.6   	-23.45  
848     	-23.58  
848.4   	-23.68  
848.8   	-23.77  
849.2   	-23.9   
849.6   	-24.03  
850     	-24.09  
850.4   	-24.11  
850.8   	-24.14  
851.2   	-24.15  
851.6   	-24.11  
852     	-24.09  
852.4   	-24.11  
852.8   	-24.15  
853.2   	-24.2   
853.6   	-24.25  
854     	-24.26  
854.4   	-24.2   
854.8   	-24.12  
855.2   	-24.08  
855.6   	-24.08  
856     	-24.06  
856.4   	-23.99  
856.8   	-23.91  
857.2   	-23.81  
857.6   	-23.78  
858     	-23.75  
858.4   	-23.68  
858.8   	-23.66  
859.2   	-23.69  
859.6   	-23.71  
860     	-23.7   
860.4   	-23.69  
860.8   	-23.7   
861.2   	-23.71  
861.6   	-23.71  
862     	-23.72  
862.4   	-23.72  
862.8   	-23.7   
863.2   	-23.68  
863.6   	-23.7   
864     	-23.75  
864.4   	-23.79  
864.8   	-23.79  
865.2   	-23.8   
865.6   	-23.8   
866     	-23.78  
866.4   	-23.76  
866.8   	-23.79  
867.2   	-23.85  
867.6   	-23.92  
868     	-23.98  
868.4   	-24.06  
868.8   	-24.06  
869.2   	-24.03  
869.6   	-23.94  
870     	-23.89  
870.4   	-23.84  
870.8   	-23.78  
871.2   	-23.76  
871.6   	-23.78  
872     	-23.83  
872.4   	-23.92  
872.8   	-24.08  
873.2   	-24.19  
873.6   	-24.26  
874     	-24.23  
874.4   	-24.09  
874.8   	-23.99  
875.2   	-23.89  
875.6   	-23.71  
876     	-23.61  
876.4   	-23.58  
876.8   	-23.56  
877.2   	-23.5   
877.6   	-23.46  
878     	-23.34  
878.4   	-23.21  
878.8   	-23.14  
879.2   	-23.16  
879.6   	-23.23  
880     	-23.35  
880.4   	-23.51  
880.8   	-23.61  
881.2   	-23.71  
881.6   	-23.82  
882     	-23.93  
882.4   	-24.04  
882.8   	-24.2   
883.2   	-24.33  
883.6   	-24.47  
884     	-24.56  
884.4   	-24.55  
884.8   	-24.49  
885.2   	-24.42  
885.6   	-24.35  
886     	-24.28  
886.4   	-24.27  
886.8   	-24.29  
887.2   	-24.29  
887.6   	-24.26  
888     	-24.23  
888.4   	-24.23  
888.8   	-24.27  
889.2   	-24.39  
889.6   	-24.49  
890     	-24.49  
890.4   	-24.48  
890.8   	-24.41  
891.2   	-24.33  
891.6   	-24.24  
892     	-24.2   
892.4   	-24.21  
892.8   	-24.23  
893.2   	-24.22  
893.6   	-24.23  
894     	-24.29  
894.4   	-24.3   
894.8   	-24.28  
895.2   	-24.23  
895.6   	-24.17  
896     	-24.14  
896.4   	-24.07  
896.8   	-23.95  
897.2   	-23.81  
897.6   	-23.68  
898     	-23.57  
898.4   	-23.33  
898.8   	-23.17  
899.2   	-23.14  
899.6   	-23.16  
900     	-23.19  
900.4   	-23.25  
900.8   	-23.37  
901.2   	-23.53  
901.6   	-23.62  
902     	-23.57  
902.4   	-23.55  
902.8   	-23.54  
903.2   	-23.5   
903.6   	-23.49  
904     	-23.42  
904.4   	-23.35  
904.8   	-23.25  
905.2   	-23.24  
905.6   	-23.26  
906     	-23.29  
906.4   	-23.35  
906.8   	-23.39  
907.2   	-23.44  
907.6   	-23.47  
908     	-23.56  
908.4   	-23.69  
908.8   	-23.8   
909.2   	-23.89  
909.6   	-23.97  
910     	-24.03  
910.4   	-24.06  
910.8   	-24.13  
911.2   	-24.2   
911.6   	-24.27  
912     	-24.32  
912.4   	-24.28  
912.8   	-24.16  
913.2   	-24.07  
913.6   	-24.02  
914     	-23.97  
914.4   	-23.92  
914.8   	-23.9   
915.2   	-23.85  
915.6   	-23.78  
916     	-23.69  
916.4   	-23.63  
916.8   	-23.6   
917.2   	-23.63  
917.6   	-23.62  
918     	-23.58  
918.4   	-23.53  
918.8   	-23.47  
919.2   	-23.49  
919.6   	-23.56  
920     	-23.62  
920.4   	-23.67  
920.8   	-23.77  
921.2   	-23.8   
921.6   	-23.88  
922     	-24.01  
922.4   	-24.08  
922.8   	-24.11  
923.2   	-24.16  
923.6   	-24.17  
924     	-24.15  
924.4   	-24.07  
924.8   	-24.01  
925.2   	-23.96  
925.6   	-23.88  
926     	-23.78  
926.4   	-23.67  
926.8   	-23.58  
927.2   	-23.54  
927.6   	-23.54  
928     	-23.55  
928.4   	-23.51  
928.8   	-23.57  
929.2   	-23.58  
929.6   	-23.62  
930     	-23.65  
930.4   	-23.63  
930.8   	-23.6   
931.2   	-23.54  
931.6   	-23.56  
932     	-23.64  
932.4   	-23.66  
932.8   	-23.71  
933.2   	-23.77  
933.6   	-23.84  
934     	-23.94  
934.4   	-24.08  
934.8   	-24.12  
935.2   	-24.15  
935.6   	-24.15  
936     	-24.1   
936.4   	-24.03  
936.8   	-23.99  
937.2   	-23.89  
937.6   	-23.85  
938     	-23.88  
938.4   	-23.85  
938.8   	-23.84  
939.2   	-23.83  
939.6   	-23.87  
940     	-23.92  
940.4   	-23.98  
940.8   	-24.02  
941.2   	-23.98  
941.6   	-23.97  
942     	-23.97  
942.4   	-24.01  
942.8   	-24.04  
943.2   	-24.02  
943.6   	-23.99  
944     	-23.93  
944.4   	-23.86  
944.8   	-23.77  
945.2   	-23.65  
945.6   	-23.63  
946     	-23.66  
946.4   	-23.67  
946.8   	-23.63  
947.2   	-23.63  
947.6   	-23.64  
948     	-23.64  
948.4   	-23.63  
948.8   	-23.58  
949.2   	-23.52  
949.6   	-23.54  
950     	-23.58  
950.4   	-23.6   
950.8   	-23.61  
951.2   	-23.64  
951.6   	-23.69  
952     	-23.69  
952.4   	-23.69  
952.8   	-23.76  
953.2   	-23.87  
953.6   	-23.95  
954     	-23.97  
954.4   	-23.99  
954.8   	-23.99  
955.2   	-23.99  
955.6   	-23.98  
956     	-24.03  
956.4   	-24.12  
956.8   	-24.14  
957.2   	-24.15  
957.6   	-24.14  
958     	-24.08  
958.4   	-23.96  
958.8   	-23.81  
959.2   	-23.67  
959.6   	-23.59  
960     	-23.58  
960.4   	-23.55  
960.8   	-23.49  
961.2   	-23.49  
961.6   	-23.47  
962     	-23.44  
962.4   	-23.39  
962.8   	-23.37  
963.2   	-23.29  
963.6   	-23.24  
964     	-23.22  
964.4   	-23.23  
964.8   	-23.2   
965.2   	-23.18  
965.6   	-23.19  
966     	-23.25  
966.4   	-23.33  
966.8   	-23.43  
967.2   	-23.53  
967.6   	-23.62  
968     	-23.65  
968.4   	-23.66  
968.8   	-23.66  
969.2   	-23.72  
969.6   	-23.75  
970     	-23.78  
970.4   	-23.81  
970.8   	-23.83  
971.2   	-23.88  
971.6   	-23.92  
972     	-23.94  
972.4   	-23.92  
972.8   	-23.98  
973.2   	-24.04  
973.6   	-24.02  
974     	-24.02  
974.4   	-24.02  
974.8   	-24.06  
975.2   	-24.12  
975.6   	-24.13  
976     	-24.16  
976.4   	-24.16  
976.8   	-24.14  
977.2   	-24.11  
977.6   	-24.06  
978     	-24.03  
978.4   	-24.05  
978.8   	-24.05  
979.2   	-24.06  
979.6   	-24.08  
980     	-24.09  
980.4   	-24.1   
980.8   	-24.12  
981.2   	-24.11  
981.6   	-24.07  
982     	-23.98  
982.4   	-23.95  
982.8   	-24     
983.2   	-24.05  
983.6   	-24.01  
984     	-23.89  
984.4   	-23.86  
984.8   	-23.85  
985.2   	-23.85  
985.6   	-23.85  
986     	-23.91  
986.4   	-23.96  
986.8   	-23.99  
987.2   	-23.97  
987.6   	-23.97  
988     	-23.97  
988.4   	-23.97  
988.8   	-23.94  
989.2   	-23.97  
989.6   	-24.08  
990     	-24.21  
990.4   	-24.29  
990.8   	-24.4   
991.2   	-24.52  
991.6   	-24.57  
992     	-24.59  
992.4   	-24.62  
992.8   	-24.65  
993.2   	-24.65  
993.6   	-24.61  
994     	-24.49  
994.4   	-24.33  
994.8   	-24.19  
995.2   	-24.1   
995.6   	-24.04  
996     	-24.01  
996.4   	-24     
996.8   	-24.01  
997.2   	-24.04  
997.6   	-24.09  
998     	-24.11  
998.4   	-24.11  
998.8   	-24.1   
999.2   	-24.03  
999.6   	-24.05  
