
SWEPT_VAR_1 = 55.0    // Syn: Source PP \ NetStim \ PARAMETER \ interval (ms)

t	s.v( 0.05 )
ms	mV
0       	-64.65  
0.4     	-65.51  
0.8     	-66.35  
1.2     	-67.15  
1.6     	-67.92  
2       	-68.66  
2.4     	-69.3   
2.8     	-69.7   
3.2     	-69.77  
3.6     	-69.59  
4       	-68.91  
4.4     	-67.98  
4.8     	-66.67  
5.2     	-65.14  
5.6     	-63.5   
6       	-61.8   
6.4     	-60.13  
6.8     	-58.5   
7.2     	-56.25  
7.6     	-50.18  
8       	-31.7   
8.4     	44.1    
8.8     	35.46   
9.2     	18.96   
9.6     	1.35    
10      	-15.37  
10.4    	-32.35  
10.8    	-48.31  
11.2    	-59.32  
11.6    	-65.18  
12      	-68     
12.4    	-69.11  
12.8    	-69.28  
13.2    	-68.94  
13.6    	-68.28  
14      	-67.3   
14.4    	-66.33  
14.8    	-65.36  
15.2    	-64.18  
15.6    	-62.83  
16      	-60.6   
16.4    	-56.25  
16.8    	-52.76  
17.2    	-49.33  
17.6    	-34.1   
18      	40.03   
18.4    	34.53   
18.8    	18.7    
19.2    	1.669   
19.6    	-14.31  
20      	-30.16  
20.4    	-44.9   
20.8    	-55.78  
21.2    	-61.94  
21.6    	-65.03  
22      	-66.36  
22.4    	-66.66  
22.8    	-66.29  
23.2    	-65.63  
23.6    	-64.69  
24      	-63.53  
24.4    	-62.33  
24.8    	-60.94  
25.2    	-59.38  
25.6    	-56.02  
26      	-48.25  
26.4    	-26.12  
26.8    	39.42   
27.2    	31.8    
27.6    	15.87   
28      	-0.7483 
28.4    	-16.13  
28.8    	-31.34  
29.2    	-45.01  
29.6    	-54.95  
30      	-60.69  
30.4    	-63.51  
30.8    	-64.69  
31.2    	-64.86  
31.6    	-64.4   
32      	-63.46  
32.4    	-62.3   
32.8    	-61.06  
33.2    	-59.75  
33.6    	-58.18  
34      	-55.8   
34.4    	-50.49  
34.8    	-38.39  
35.2    	32.19   
35.6    	35.07   
36      	20.55   
36.4    	4.009   
36.8    	-11.38  
37.2    	-26.2   
37.6    	-40.36  
38      	-51.35  
38.4    	-58.26  
38.8    	-61.97  
39.2    	-63.74  
39.6    	-64.2   
40      	-63.84  
40.4    	-63.06  
40.8    	-62.16  
41.2    	-61.09  
41.6    	-59.91  
42      	-58.52  
42.4    	-56.49  
42.8    	-51.71  
43.2    	-42.41  
43.6    	22.01   
44      	36.65   
44.4    	23.43   
44.8    	6.992   
45.2    	-8.562  
45.6    	-23.14  
46      	-37.28  
46.4    	-48.6   
46.8    	-56.22  
47.2    	-60.43  
47.6    	-62.42  
48      	-63.19  
48.4    	-63.28  
48.8    	-62.99  
49.2    	-62.4   
49.6    	-61.46  
50      	-60.27  
50.4    	-58.94  
50.8    	-56.88  
51.2    	-52.52  
51.6    	-44.15  
52      	14.21   
52.4    	36.97   
52.8    	24.56   
53.2    	8.304   
53.6    	-7.11   
54      	-21.37  
54.4    	-35.32  
54.8    	-46.64  
55.2    	-54.42  
55.6    	-58.8   
56      	-60.96  
56.4    	-61.74  
56.8    	-61.71  
57.2    	-61.12  
57.6    	-60.26  
58      	-59.22  
58.4    	-58.06  
58.8    	-56.71  
59.2    	-54.82  
59.6    	-51.47  
60      	-42.58  
60.4    	16.99   
60.8    	35.46   
61.2    	22.81   
61.6    	6.779   
62      	-8.163  
62.4    	-21.97  
62.8    	-35.51  
63.2    	-46.46  
63.6    	-53.99  
64      	-58.33  
64.4    	-60.52  
64.8    	-61.45  
65.2    	-61.57  
65.6    	-61.11  
66      	-60.34  
66.4    	-59.43  
66.8    	-58.23  
67.2    	-56.49  
67.6    	-54.41  
68      	-50.58  
68.4    	-38.58  
68.8    	30.36   
69.2    	33.25   
69.6    	19.13   
70      	3.233   
70.4    	-11.19  
70.8    	-24.8   
71.2    	-37.85  
71.6    	-48.03  
72      	-54.85  
72.4    	-58.67  
72.8    	-60.58  
73.2    	-61.34  
73.6    	-61.33  
74      	-60.79  
74.4    	-60     
74.8    	-59.08  
75.2    	-58     
75.6    	-56.72  
76      	-54.9   
76.4    	-51.4   
76.8    	-43.08  
77.2    	11.36   
77.6    	36.18   
78      	23.89   
78.4    	7.775   
78.8    	-7.322  
79.2    	-21.15  
79.6    	-34.77  
80      	-46     
80.4    	-53.91  
80.8    	-58.52  
81.2    	-60.88  
81.6    	-61.78  
82      	-61.83  
82.4    	-61.52  
82.8    	-60.91  
83.2    	-59.99  
83.6    	-58.73  
84      	-57.06  
84.4    	-54.86  
84.8    	-51.09  
85.2    	-41.96  
85.6    	22.01   
86      	35.19   
86.4    	22.16   
86.8    	6.171   
87.2    	-8.642  
87.6    	-22.37  
88      	-35.71  
88.4    	-46.39  
88.8    	-53.83  
89.2    	-57.99  
89.6    	-59.84  
90      	-60.53  
90.4    	-60.42  
90.8    	-59.93  
91.2    	-59.19  
91.6    	-58.21  
92      	-57.1   
92.4    	-55.76  
92.8    	-53.94  
93.2    	-50.86  
93.6    	-44.12  
94      	-0.1333 
94.4    	35.31   
94.8    	24.76   
95.2    	9.244   
95.6    	-5.531  
96      	-18.85  
96.4    	-31.89  
96.8    	-42.95  
97.2    	-51.02  
97.6    	-56.03  
98      	-58.65  
98.4    	-59.89  
98.8    	-60.23  
99.2    	-60.04  
99.6    	-59.43  
100     	-58.61  
100.4   	-57.46  
100.8   	-56.04  
101.2   	-54.36  
101.6   	-51.96  
102     	-48.04  
102.4   	-36.46  
102.8   	30.12   
103.2   	32.11   
103.6   	18.15   
104     	2.688   
104.4   	-11.25  
104.8   	-24.43  
105.2   	-37.05  
105.6   	-47.03  
106     	-53.93  
106.4   	-57.85  
106.8   	-59.79  
107.2   	-60.5   
107.6   	-60.4   
108     	-59.8   
108.4   	-58.72  
108.8   	-57.52  
109.2   	-56.2   
109.6   	-54.61  
110     	-52.55  
110.4   	-49.45  
110.8   	-43.09  
111.2   	6.511   
111.6   	34.98   
112     	23.56   
112.4   	8.006   
112.8   	-6.537  
113.2   	-19.68  
113.6   	-32.6   
114     	-43.27  
114.4   	-51.08  
114.8   	-55.81  
115.2   	-58.29  
115.6   	-59.43  
116     	-59.73  
116.4   	-59.4   
116.8   	-58.79  
117.2   	-57.84  
117.6   	-56.62  
118     	-55.18  
118.4   	-53.5   
118.8   	-50.86  
119.2   	-45.08  
119.6   	-17.31  
120     	34.78   
120.4   	26.96   
120.8   	11.74   
121.2   	-3.137  
121.6   	-16.36  
122     	-29.27  
122.4   	-40.76  
122.8   	-49.41  
123.2   	-55.08  
123.6   	-58.19  
124     	-59.76  
124.4   	-60.25  
124.8   	-60.25  
125.2   	-59.82  
125.6   	-58.94  
126     	-57.87  
126.4   	-56.62  
126.8   	-55.07  
127.2   	-52.74  
127.6   	-48.87  
128     	-39.11  
128.4   	27.5    
128.8   	33.35   
129.2   	19.58   
129.6   	3.883   
130     	-10.33  
130.4   	-23.63  
130.8   	-36.47  
131.2   	-46.57  
131.6   	-53.65  
132     	-57.71  
132.4   	-59.72  
132.8   	-60.58  
133.2   	-60.64  
133.6   	-60.17  
134     	-59.48  
134.4   	-58.56  
134.8   	-57.46  
135.2   	-56.15  
135.6   	-54.41  
136     	-51.94  
136.4   	-47.82  
136.8   	-33.25  
137.2   	34.7    
137.6   	31.03   
138     	15.87   
138.4   	0.1549  
138.8   	-13.89  
139.2   	-27.41  
139.6   	-39.84  
140     	-49.24  
140.4   	-55.3   
140.8   	-58.58  
141.2   	-60.1   
141.6   	-60.57  
142     	-60.5   
142.4   	-60.04  
142.8   	-59.25  
143.2   	-58.27  
143.6   	-57.1   
144     	-55.7   
144.4   	-53.85  
144.8   	-50.92  
145.2   	-43.73  
145.6   	4.934   
146     	35.71   
146.4   	24.48   
146.8   	8.766   
147.2   	-6.097  
147.6   	-19.55  
148     	-32.82  
148.4   	-43.99  
148.8   	-52.14  
149.2   	-57.17  
149.6   	-59.8   
150     	-60.96  
150.4   	-61.29  
150.8   	-61.15  
151.2   	-60.61  
151.6   	-59.88  
152     	-58.97  
152.4   	-57.82  
152.8   	-56.34  
153.2   	-54.44  
153.6   	-51.78  
154     	-46.71  
154.4   	-20.46  
154.8   	37.26   
155.2   	28.73   
155.6   	12.96   
156     	-2.613  
156.4   	-16.61  
156.8   	-30.38  
157.2   	-42.49  
157.6   	-51.48  
158     	-57.11  
158.4   	-60.17  
158.8   	-61.64  
159.2   	-62.19  
159.6   	-62.03  
160     	-61.42  
160.4   	-60.59  
160.8   	-59.52  
161.2   	-58.27  
161.6   	-56.74  
162     	-54.54  
162.4   	-50.31  
162.8   	-40.83  
163.2   	24.69   
163.6   	35.4    
164     	21.97   
164.4   	5.885   
164.8   	-9.011  
165.2   	-22.88  
165.6   	-36.43  
166     	-47.2   
166.4   	-54.52  
166.8   	-58.53  
167.2   	-60.58  
167.6   	-61.35  
168     	-61.37  
168.4   	-60.9   
168.8   	-60.12  
169.2   	-59.14  
169.6   	-58.06  
170     	-56.79  
170.4   	-55.18  
170.8   	-52.86  
171.2   	-48.8   
171.6   	-36.33  
172     	33.17   
172.4   	32.74   
172.8   	17.81   
173.2   	1.762   
173.6   	-12.72  
174     	-26.61  
174.4   	-39.59  
174.8   	-49.45  
175.2   	-55.77  
175.6   	-59.11  
176     	-60.61  
176.4   	-61.19  
176.8   	-61.19  
177.2   	-60.7   
177.6   	-59.94  
178     	-58.96  
178.4   	-57.68  
178.8   	-56.05  
179.2   	-53.9   
179.6   	-50.67  
180     	-44.26  
180.4   	3.813   
180.8   	36.77   
181.2   	24.53   
181.6   	8.338   
182     	-6.831  
182.4   	-20.62  
182.8   	-34.08  
183.2   	-45.07  
183.6   	-52.82  
184     	-57.33  
184.4   	-59.44  
184.8   	-60.18  
185.2   	-60.23  
185.6   	-59.87  
186     	-59.13  
186.4   	-58.21  
186.8   	-57.1   
187.2   	-55.63  
187.6   	-53.77  
188     	-50.91  
188.4   	-43.39  
188.8   	6.542   
189.2   	35.38   
189.6   	23.42   
190     	7.425   
190.4   	-7.447  
190.8   	-21.03  
191.2   	-34.4   
191.6   	-45.34  
192     	-53.01  
192.4   	-57.37  
192.8   	-59.51  
193.2   	-60.38  
193.6   	-60.5   
194     	-60.12  
194.4   	-59.42  
194.8   	-58.46  
195.2   	-57.37  
195.6   	-56.07  
196     	-54.32  
196.4   	-51.64  
196.8   	-45.67  
197.2   	-13.47  
197.6   	36.18   
198     	26.8    
198.4   	11.07   
198.8   	-4.176  
199.2   	-17.91  
199.6   	-31.45  
200     	-43.12  
200.4   	-51.57  
200.8   	-56.76  
201.2   	-59.5   
201.6   	-60.84  
202     	-61.24  
202.4   	-61.21  
202.8   	-60.86  
203.2   	-60.22  
203.6   	-59.13  
204     	-57.86  
204.4   	-56.52  
204.8   	-54.9   
205.2   	-52.35  
205.6   	-45.93  
206     	-8.625  
206.4   	38.02   
206.8   	26.7    
207.2   	10.29   
207.6   	-5.398  
208     	-19.65  
208.4   	-33.76  
208.8   	-45.62  
209.2   	-53.91  
209.6   	-58.64  
210     	-61.03  
210.4   	-62.03  
210.8   	-62.21  
211.2   	-61.95  
211.6   	-61.39  
212     	-60.52  
212.4   	-59.44  
212.8   	-58.38  
213.2   	-57.12  
213.6   	-55.48  
214     	-52.97  
214.4   	-47.44  
214.8   	-19.5   
215.2   	39.21   
215.6   	28.33   
216     	11.62   
216.4   	-4.606  
216.8   	-19.46  
217.2   	-34.27  
217.6   	-46.74  
218     	-55.09  
218.4   	-59.59  
218.8   	-61.71  
219.2   	-62.39  
219.6   	-62.36  
220     	-61.81  
220.4   	-60.94  
220.8   	-59.97  
221.2   	-58.87  
221.6   	-57.72  
222     	-56.27  
222.4   	-54.43  
222.8   	-51.6   
223.2   	-41.58  
223.6   	29.04   
224     	35.14   
224.4   	20.69   
224.8   	4.21    
225.2   	-10.93  
225.6   	-25.29  
226     	-38.93  
226.4   	-49.43  
226.8   	-56.26  
227.2   	-59.9   
227.6   	-61.58  
228     	-62.17  
228.4   	-62.11  
228.8   	-61.6   
229.2   	-60.82  
229.6   	-59.87  
230     	-58.73  
230.4   	-57.42  
230.8   	-55.56  
231.2   	-52.13  
231.6   	-41.27  
232     	26.12   
232.4   	35.2    
232.8   	21.49   
233.2   	5.221   
233.6   	-9.822  
234     	-23.96  
234.4   	-37.53  
234.8   	-48.22  
235.2   	-55.39  
235.6   	-59.41  
236     	-61.45  
236.4   	-62.16  
236.8   	-62.08  
237.2   	-61.51  
237.6   	-60.7   
238     	-59.69  
238.4   	-58.46  
238.8   	-57.02  
239.2   	-55.24  
239.6   	-52.67  
240     	-46.06  
240.4   	0.6428  
240.8   	37.24   
241.2   	25.55   
241.6   	9.287   
242     	-6.22   
242.4   	-20.42  
242.8   	-34.39  
243.2   	-45.78  
243.6   	-53.61  
244     	-57.99  
244.4   	-59.99  
244.8   	-60.7   
245.2   	-60.71  
245.6   	-60.27  
246     	-59.57  
246.4   	-58.72  
246.8   	-57.63  
247.2   	-56.47  
247.6   	-55.15  
248     	-53.36  
248.4   	-49.75  
248.8   	-38.59  
249.2   	30.7    
249.6   	33.31   
250     	18.6    
250.4   	2.461   
250.8   	-12.11  
251.2   	-25.97  
251.6   	-39     
252     	-48.93  
252.4   	-55.41  
252.8   	-58.77  
253.2   	-60.33  
253.6   	-60.81  
254     	-60.41  
254.4   	-59.76  
254.8   	-58.97  
255.2   	-57.98  
255.6   	-56.81  
256     	-55.46  
256.4   	-53.65  
256.8   	-50.28  
257.2   	-39.74  
257.6   	26.52   
258     	33.92   
258.4   	20.04   
258.8   	4.028   
259.2   	-10.53  
259.6   	-24.22  
260     	-37.39  
260.4   	-47.73  
260.8   	-54.76  
261.2   	-58.7   
261.6   	-60.54  
262     	-61.18  
262.4   	-60.96  
262.8   	-60.39  
263.2   	-59.63  
263.6   	-58.72  
264     	-57.68  
264.4   	-56.48  
264.8   	-55.04  
265.2   	-52.81  
265.6   	-46.68  
266     	-16.75  
266.4   	37.26   
266.8   	27.74   
267.2   	11.64   
267.6   	-4.04   
268     	-18.21  
268.4   	-32.16  
268.8   	-44.07  
269.2   	-52.62  
269.6   	-57.67  
270     	-60.28  
270.4   	-61.43  
270.8   	-61.75  
271.2   	-61.54  
271.6   	-60.81  
272     	-59.84  
272.4   	-58.56  
272.8   	-57.37  
273.2   	-56     
273.6   	-54.22  
274     	-50.04  
274.4   	-32.08  
274.8   	35.41   
275.2   	31.58   
275.6   	16.34   
276     	0.3166  
276.4   	-14.19  
276.8   	-28.24  
277.2   	-41.04  
277.6   	-50.69  
278     	-56.84  
278.4   	-60.1   
278.8   	-61.53  
279.2   	-61.83  
279.6   	-61.51  
280     	-60.85  
280.4   	-60.08  
280.8   	-59.02  
281.2   	-57.8   
281.6   	-56.18  
282     	-53.63  
282.4   	-47.74  
282.8   	-27.57  
283.2   	35.84   
283.6   	30.09   
284     	14.7    
284.4   	-1.128  
284.8   	-15.46  
285.2   	-29.47  
285.6   	-42.11  
286     	-51.52  
286.4   	-57.35  
286.8   	-60.55  
287.2   	-62.11  
287.6   	-62.56  
288     	-62.28  
288.4   	-61.59  
288.8   	-60.59  
289.2   	-59.44  
289.6   	-58.3   
290     	-57     
290.4   	-55.51  
290.8   	-53.61  
291.2   	-49.81  
291.6   	-35.87  
292     	34.71   
292.4   	33.39   
292.8   	18.26   
293.2   	1.973   
293.6   	-12.87  
294     	-27.17  
294.4   	-40.52  
294.8   	-50.62  
295.2   	-56.97  
295.6   	-60.32  
296     	-61.88  
296.4   	-62.27  
296.8   	-62.08  
297.2   	-61.54  
297.6   	-60.6   
298     	-59.56  
298.4   	-58.46  
298.8   	-57.26  
299.2   	-55.82  
299.6   	-53.34  
300     	-47.33  
300.4   	-17.85  
300.8   	38.25   
301.2   	28.15   
301.6   	11.88   
302     	-4.064  
302.4   	-18.64  
302.8   	-33.13  
303.2   	-45.51  
303.6   	-54.29  
304     	-59.25  
304.4   	-61.48  
304.8   	-62.26  
305.2   	-62.27  
305.6   	-61.68  
306     	-60.91  
306.4   	-59.9   
306.8   	-58.68  
307.2   	-57.3   
307.6   	-55.53  
308     	-51.83  
308.4   	-44.07  
308.8   	4.973   
309.2   	36.59   
309.6   	25.05   
310     	9.04    
310.4   	-6.262  
310.8   	-20.33  
311.2   	-34.18  
311.6   	-45.61  
312     	-53.71  
312.4   	-58.33  
312.8   	-60.74  
313.2   	-61.73  
313.6   	-61.84  
314     	-61.42  
314.4   	-60.48  
314.8   	-59.3   
315.2   	-58.11  
315.6   	-56.72  
316     	-55     
316.4   	-51.66  
316.8   	-43.46  
317.2   	10.41   
317.6   	36.03   
318     	24.05   
318.4   	8.022   
318.8   	-7.081  
319.2   	-20.96  
319.6   	-34.59  
320     	-45.8   
320.4   	-53.72  
320.8   	-58.31  
321.2   	-60.57  
321.6   	-61.54  
322     	-61.77  
322.4   	-61.52  
322.8   	-60.85  
323.2   	-59.87  
323.6   	-58.71  
324     	-57.38  
324.4   	-55.69  
324.8   	-53.07  
325.2   	-47.44  
325.6   	-24.55  
326     	37.22   
326.4   	29.3    
326.8   	13.42   
327.2   	-2.436  
327.6   	-16.72  
328     	-30.75  
328.4   	-43.1   
328.8   	-52.06  
329.2   	-57.39  
329.6   	-60.18  
330     	-61.36  
330.4   	-61.56  
330.8   	-61.24  
331.2   	-60.43  
331.6   	-59.27  
332     	-57.97  
332.4   	-56.56  
332.8   	-54.92  
333.2   	-52.48  
333.6   	-47.02  
334     	-26.44  
334.4   	35.83   
334.8   	29.42   
335.2   	14.01   
335.6   	-1.607  
336     	-15.64  
336.4   	-29.39  
336.8   	-41.69  
337.2   	-50.84  
337.6   	-56.57  
338     	-59.68  
338.4   	-61.05  
338.8   	-61.43  
339.2   	-61.25  
339.6   	-60.72  
340     	-59.95  
340.4   	-58.97  
340.8   	-57.78  
341.2   	-56.5   
341.6   	-54.88  
342     	-52.44  
342.4   	-47.01  
342.8   	-15.92  
343.2   	37.04   
343.6   	28.01   
344     	12.27   
344.4   	-3.235  
344.8   	-17.24  
345.2   	-30.99  
345.6   	-42.92  
346     	-51.71  
346.4   	-57.12  
346.8   	-59.96  
347.2   	-61.21  
347.6   	-61.43  
348     	-61.15  
348.4   	-60.54  
348.8   	-59.57  
349.2   	-58.37  
349.6   	-57.14  
350     	-55.6   
350.4   	-52.98  
350.8   	-47.98  
351.2   	-30.95  
351.6   	35.43   
352     	30.62   
352.4   	15.39   
352.8   	-0.3336 
353.2   	-14.44  
353.6   	-28.13  
354     	-40.64  
354.4   	-49.99  
354.8   	-56.01  
355.2   	-59.29  
355.6   	-60.85  
356     	-61.38  
356.4   	-61.19  
356.8   	-60.66  
357.2   	-59.91  
357.6   	-58.92  
358     	-57.49  
358.4   	-55.77  
358.8   	-53.55  
359.2   	-49.68  
359.6   	-40.12  
360     	24.02   
360.4   	34.68   
360.8   	21.35   
361.2   	5.422   
361.6   	-9.242  
362     	-22.89  
362.4   	-36.21  
362.8   	-46.89  
363.2   	-54.36  
363.6   	-58.68  
364     	-60.79  
364.4   	-61.59  
364.8   	-61.71  
365.2   	-61.26  
365.6   	-60.39  
366     	-59.43  
366.4   	-58.26  
366.8   	-56.83  
367.2   	-55.1   
367.6   	-53.02  
368     	-49.86  
368.4   	-39.86  
368.8   	27.81   
369.2   	34.52   
369.6   	20.48   
370     	4.415   
370.4   	-10.25  
370.8   	-24.04  
371.2   	-37.28  
371.6   	-47.58  
372     	-54.55  
372.4   	-58.32  
372.8   	-60.11  
373.2   	-60.73  
373.6   	-60.62  
374     	-60.22  
374.4   	-59.6   
374.8   	-58.58  
375.2   	-57.25  
375.6   	-55.63  
376     	-53.63  
376.4   	-50.48  
376.8   	-42.56  
377.2   	15.69   
377.6   	34.86   
378     	22.51   
378.4   	6.804   
378.8   	-7.723  
379.2   	-20.96  
379.6   	-33.81  
380     	-44.28  
380.4   	-51.73  
380.8   	-56.17  
381.2   	-58.42  
381.6   	-59.44  
382     	-59.64  
382.4   	-59.38  
382.8   	-58.81  
383.2   	-57.96  
383.6   	-56.65  
384     	-55.21  
384.4   	-53.52  
384.8   	-50.82  
385.2   	-44.88  
385.6   	-10.48  
386     	35.24   
386.4   	25.55   
386.8   	10.03   
387.2   	-4.792  
387.6   	-18.03  
388     	-31.11  
388.4   	-42.29  
388.8   	-50.49  
389.2   	-55.63  
389.6   	-58.28  
390     	-59.58  
390.4   	-60.02  
390.8   	-59.65  
391.2   	-59.03  
391.6   	-58.25  
392     	-57.15  
392.4   	-55.75  
392.8   	-54.06  
393.2   	-51.16  
393.6   	-45.08  
394     	-11.43  
394.4   	35.2    
394.8   	25.86   
395.2   	10.44   
395.6   	-4.365  
396     	-17.55  
396.4   	-30.47  
396.8   	-41.58  
397.2   	-49.75  
397.6   	-54.98  
398     	-57.73  
398.4   	-59.02  
398.8   	-59.5   
399.2   	-59.46  
399.6   	-58.95  
400     	-58.15  
400.4   	-57.14  
400.8   	-55.94  
401.2   	-54.33  
401.6   	-51.91  
402     	-47.66  
402.4   	-36.04  
402.8   	30.24   
403.2   	31.73   
403.6   	17.41   
404     	1.895   
404.4   	-11.96  
404.8   	-25.08  
405.2   	-37.59  
405.6   	-47.26  
406     	-53.83  
406.4   	-57.49  
406.8   	-59.26  
407.2   	-59.77  
407.6   	-59.74  
408     	-59.3   
408.4   	-58.64  
408.8   	-57.79  
409.2   	-56.62  
409.6   	-55.03  
410     	-52.81  
410.4   	-49.12  
410.8   	-40.12  
411.2   	24.79   
411.6   	33.78   
412     	19.66   
412.4   	3.684   
412.8   	-10.7   
413.2   	-24.19  
413.6   	-37.23  
414     	-47.27  
414.4   	-54.02  
414.8   	-57.79  
415.2   	-59.5   
415.6   	-60.11  
416     	-59.98  
416.4   	-59.6   
416.8   	-59.02  
417.2   	-58.24  
417.6   	-57.18  
418     	-55.82  
418.4   	-54.07  
418.8   	-51.54  
419.2   	-46.78  
419.6   	-26.13  
420     	36.1    
420.4   	28.79   
420.8   	13.16   
421.2   	-2.341  
421.6   	-16.19  
422     	-29.75  
422.4   	-41.76  
422.8   	-50.68  
423.2   	-56.19  
423.6   	-59.11  
424     	-60.49  
424.4   	-60.99  
424.8   	-60.96  
425.2   	-60.52  
425.6   	-59.74  
426     	-58.72  
426.4   	-57.34  
426.8   	-55.74  
427.2   	-53.58  
427.6   	-50.12  
428     	-40.89  
428.4   	26.15   
428.8   	34.71   
429.2   	20.68   
429.6   	4.55    
430     	-10.13  
430.4   	-23.82  
430.8   	-36.98  
431.2   	-47.27  
431.6   	-54.25  
432     	-58.21  
432.4   	-60.23  
432.8   	-60.94  
433.2   	-60.87  
433.6   	-60.36  
434     	-59.65  
434.4   	-58.87  
434.8   	-57.69  
435.2   	-56.25  
435.6   	-54.34  
436     	-51.58  
436.4   	-45.75  
436.8   	-4.824  
437.2   	36.69   
437.6   	25.46   
438     	9.394   
438.4   	-5.854  
438.8   	-19.7   
439.2   	-33.36  
439.6   	-44.78  
440     	-52.98  
440.4   	-57.83  
440.8   	-60.34  
441.2   	-61.54  
441.6   	-61.8   
442     	-61.62  
442.4   	-61.11  
442.8   	-60.29  
443.2   	-59.31  
443.6   	-57.97  
444     	-56.31  
444.4   	-54.39  
444.8   	-51.36  
445.2   	-42.51  
445.6   	24.13   
446     	35.91   
446.4   	21.89   
446.8   	5.49    
447.2   	-9.619  
447.6   	-23.81  
448     	-37.57  
448.4   	-48.43  
448.8   	-55.56  
449.2   	-59.47  
449.6   	-61.35  
450     	-62.05  
450.4   	-61.97  
450.8   	-61.53  
451.2   	-60.58  
451.6   	-59.57  
452     	-58.44  
452.4   	-57.16  
452.8   	-55.66  
453.2   	-53.61  
453.6   	-48.95  
454     	-30.96  
454.4   	36.14   
454.8   	31.21   
455.2   	15.83   
455.6   	-0.1053 
456     	-14.45  
456.4   	-28.35  
456.8   	-41.02  
457.2   	-50.6   
457.6   	-56.59  
458     	-59.75  
458.4   	-61.22  
458.8   	-61.67  
459.2   	-61.42  
459.6   	-60.86  
460     	-59.99  
460.4   	-59.01  
460.8   	-57.84  
461.2   	-56.45  
461.6   	-54.65  
462     	-52.09  
462.4   	-45.28  
462.8   	-1.674  
463.2   	36.82   
463.6   	25.88   
464     	9.924   
464.4   	-5.37   
464.8   	-19.3   
465.2   	-33.05  
465.6   	-44.65  
466     	-53.02  
466.4   	-58     
466.8   	-60.4   
467.2   	-61.45  
467.6   	-61.67  
468     	-61.46  
468.4   	-60.82  
468.8   	-59.96  
469.2   	-58.95  
469.6   	-57.65  
470     	-56.13  
470.4   	-53.98  
470.8   	-49.06  
471.2   	-33.91  
471.6   	34.53   
472     	32.1    
472.4   	17.18   
472.8   	1.256   
473.2   	-13.12  
473.6   	-26.89  
474     	-39.74  
474.4   	-49.55  
474.8   	-55.92  
475.2   	-59.43  
475.6   	-61.19  
476     	-61.86  
476.4   	-61.76  
476.8   	-61.32  
477.2   	-60.61  
477.6   	-59.65  
478     	-58.39  
478.4   	-56.78  
478.8   	-54.79  
479.2   	-52.04  
479.6   	-47.4   
480     	-26.04  
480.4   	36.98   
480.8   	29.79   
481.2   	14.16   
481.6   	-1.58   
482     	-15.71  
482.4   	-29.49  
482.8   	-41.75  
483.2   	-50.69  
483.6   	-56.29  
484     	-59.16  
484.4   	-60.42  
484.8   	-60.84  
485.2   	-60.8   
485.6   	-60.36  
486     	-59.73  
486.4   	-58.89  
486.8   	-57.79  
487.2   	-56.54  
487.6   	-54.97  
488     	-52.78  
488.4   	-49.11  
488.8   	-35.93  
489.2   	35.05   
489.6   	32.39   
490     	16.92   
490.4   	0.7101  
490.8   	-13.92  
491.2   	-28.11  
491.6   	-41.11  
492     	-50.76  
492.4   	-56.6   
492.8   	-59.51  
493.2   	-60.61  
493.6   	-60.64  
494     	-60.18  
494.4   	-59.48  
494.8   	-58.66  
495.2   	-57.66  
495.6   	-56.5   
496     	-54.93  
496.4   	-52.12  
496.8   	-46.09  
497.2   	-19.41  
497.6   	35.74   
498     	27.54   
498.4   	11.94   
498.8   	-3.424  
499.2   	-17.28  
499.6   	-30.9   
500     	-42.69  
500.4   	-51.36  
500.8   	-56.73  
501.2   	-59.58  
501.6   	-60.89  
502     	-61.14  
502.4   	-60.91  
502.8   	-60.33  
503.2   	-59.41  
503.6   	-58.43  
504     	-57.24  
504.4   	-55.81  
504.8   	-53.35  
505.2   	-48.14  
505.6   	-33.61  
506     	33.68   
506.4   	31.84   
506.8   	16.91   
507.2   	1.075   
507.6   	-13.19  
508     	-26.93  
508.4   	-39.74  
508.8   	-49.51  
509.2   	-55.91  
509.6   	-59.29  
510     	-60.73  
510.4   	-61.17  
510.8   	-61.08  
511.2   	-60.58  
511.6   	-59.83  
512     	-58.78  
512.4   	-57.5   
512.8   	-55.79  
513.2   	-53.37  
513.6   	-49.29  
514     	-37.81  
514.4   	30.4    
514.8   	33.1    
515.2   	18.95   
515.6   	3.094   
516     	-11.25  
516.4   	-24.76  
516.8   	-37.55  
517.2   	-47.4   
517.6   	-54.03  
518     	-57.86  
518.4   	-59.81  
518.8   	-60.67  
519.2   	-60.77  
519.6   	-60.34  
520     	-59.54  
520.4   	-58.53  
520.8   	-57.24  
521.2   	-55.66  
521.6   	-53.28  
522     	-49.24  
522.4   	-38.88  
522.8   	26.25   
523.2   	33.28   
523.6   	19.96   
524     	4.398   
524.4   	-9.757  
524.8   	-22.86  
525.2   	-35.52  
525.6   	-45.58  
526     	-52.54  
526.4   	-56.45  
526.8   	-58.39  
527.2   	-59.18  
527.6   	-59.28  
528     	-58.69  
528.4   	-57.77  
528.8   	-56.72  
529.2   	-55.5   
529.6   	-54     
530     	-51.86  
530.4   	-48.62  
530.8   	-41.8   
531.2   	10.41   
531.6   	33.39   
532     	22.06   
532.4   	6.801   
532.8   	-7.314  
533.2   	-20.18  
533.6   	-32.92  
534     	-43.5   
534.4   	-51.29  
534.8   	-56.12  
535.2   	-58.68  
535.6   	-59.82  
536     	-60.08  
536.4   	-59.81  
536.8   	-59.16  
537.2   	-58.31  
537.6   	-57.13  
538     	-55.66  
538.4   	-53.58  
538.8   	-50.49  
539.2   	-44.76  
539.6   	-16.87  
540     	35.39   
540.4   	26.88   
540.8   	11.55   
541.2   	-3.382  
541.6   	-16.7   
542     	-29.74  
542.4   	-41.15  
542.8   	-49.5   
543.2   	-54.91  
543.6   	-57.87  
544     	-59.33  
544.4   	-59.89  
544.8   	-59.78  
545.2   	-59.2   
545.6   	-58.38  
546     	-57.38  
546.4   	-56.16  
546.8   	-54.64  
547.2   	-52.56  
547.6   	-48.95  
548     	-38.39  
548.4   	27.64   
548.8   	32.81   
549.2   	19.04   
549.6   	3.494   
550     	-10.47  
550.4   	-23.45  
550.8   	-35.93  
551.2   	-45.57  
551.6   	-52.31  
552     	-56.16  
552.4   	-58.12  
552.8   	-58.92  
553.2   	-58.95  
553.6   	-58.48  
554     	-57.76  
554.4   	-56.76  
554.8   	-55.63  
555.2   	-54.25  
555.6   	-52.4   
556     	-49.51  
556.4   	-42.69  
556.8   	6.993   
557.2   	33.85   
557.6   	22.86   
558     	7.526   
558.4   	-6.707  
558.8   	-19.54  
559.2   	-32.2   
559.6   	-42.73  
560     	-50.41  
560.4   	-55.28  
560.8   	-57.75  
561.2   	-58.93  
561.6   	-59.34  
562     	-59.23  
562.4   	-58.8   
562.8   	-58.16  
563.2   	-57.23  
563.6   	-55.99  
564     	-54.28  
564.4   	-51.81  
564.8   	-47.24  
565.2   	-31.57  
565.6   	33.12   
566     	30.31   
566.4   	15.55   
566.8   	0.1906  
567.2   	-13.44  
567.6   	-26.51  
568     	-38.7   
568.4   	-48.02  
568.8   	-54.37  
569.2   	-57.96  
569.6   	-59.73  
570     	-60.31  
570.4   	-60.24  
570.8   	-59.77  
571.2   	-59.08  
571.6   	-58.2   
572     	-57.07  
572.4   	-55.49  
572.8   	-53.59  
573.2   	-50.86  
573.6   	-45.91  
574     	-20.89  
574.4   	36.97   
574.8   	27.7    
575.2   	11.67   
575.6   	-3.822  
576     	-17.71  
576.4   	-31.42  
576.8   	-43.25  
577.2   	-51.76  
577.6   	-56.77  
578     	-59.3   
578.4   	-60.44  
578.8   	-60.72  
579.2   	-60.45  
579.6   	-59.76  
580     	-58.72  
580.4   	-57.44  
580.8   	-56.01  
581.2   	-54.23  
581.6   	-51.74  
582     	-46.9   
582.4   	-27.82  
582.8   	35.39   
583.2   	29.22   
583.6   	13.83   
584     	-1.642  
584.4   	-15.48  
584.8   	-29.03  
585.2   	-41.29  
585.6   	-50.46  
586     	-56.25  
586.4   	-59.36  
586.8   	-60.82  
587.2   	-61.26  
587.6   	-60.98  
588     	-60.37  
588.4   	-59.55  
588.8   	-58.46  
589.2   	-57.12  
589.6   	-55.46  
590     	-53.2   
590.4   	-48.6   
590.8   	-33.96  
591.2   	34.95   
591.6   	31.3    
592     	15.93   
592.4   	0.0005337
592.8   	-14.31  
593.2   	-28.19  
593.6   	-40.89  
594     	-50.38  
594.4   	-56.31  
594.8   	-59.33  
595.2   	-60.68  
595.6   	-61.18  
596     	-61.03  
596.4   	-60.45  
596.8   	-59.61  
597.2   	-58.51  
597.6   	-57.12  
598     	-55.49  
598.4   	-52.97  
598.8   	-48.84  
599.2   	-36.55  
599.6   	32.74   
600     	32.25   
600.4   	17.36   
600.8   	1.506   
601.2   	-12.69  
601.6   	-26.22  
602     	-38.84  
602.4   	-48.52  
602.8   	-54.84  
603.2   	-58.33  
603.6   	-59.9   
604     	-60.42  
604.4   	-60.34  
604.8   	-59.85  
605.2   	-59.11  
605.6   	-58.21  
606     	-56.95  
606.4   	-55.48  
606.8   	-53.63  
607.2   	-50.94  
607.6   	-45.21  
608     	-8.529  
608.4   	36.46   
608.8   	25.54   
609.2   	9.597   
609.6   	-5.517  
610     	-19.17  
610.4   	-32.65  
610.8   	-44.03  
611.2   	-52.2   
611.6   	-56.98  
612     	-59.37  
612.4   	-60.33  
612.8   	-60.49  
613.2   	-60.17  
613.6   	-59.48  
614     	-58.5   
614.4   	-57.34  
614.8   	-55.9   
615.2   	-54.09  
615.6   	-51.34  
616     	-45.52  
616.4   	-13.23  
616.8   	35.9    
617.2   	26.28   
617.6   	10.66   
618     	-4.32   
618.4   	-17.68  
618.8   	-30.77  
619.2   	-42.02  
619.6   	-50.28  
620     	-55.39  
620.4   	-58.12  
620.8   	-59.36  
621.2   	-59.65  
621.6   	-59.42  
622     	-58.89  
622.4   	-58.14  
622.8   	-57.18  
623.2   	-56     
623.6   	-54.5   
624     	-52.3   
624.4   	-48.77  
624.8   	-40.36  
625.2   	22.64   
625.6   	33.81   
626     	20.11   
626.4   	4.272   
626.8   	-9.999  
627.2   	-23.25  
627.6   	-36.12  
628     	-46.27  
628.4   	-53.22  
628.8   	-57.08  
629.2   	-58.96  
629.6   	-59.57  
630     	-59.37  
630.4   	-58.83  
630.8   	-57.96  
631.2   	-56.87  
631.6   	-55.56  
632     	-53.86  
632.4   	-51.66  
632.8   	-48.05  
633.2   	-37.46  
633.6   	29.76   
634     	31.32   
634.4   	16.6    
634.8   	0.9934  
635.2   	-12.88  
635.6   	-26.17  
636     	-38.68  
636.4   	-48.21  
636.8   	-54.43  
637.2   	-57.83  
637.6   	-59.39  
638     	-59.84  
638.4   	-59.59  
638.8   	-58.81  
639.2   	-57.52  
639.6   	-55.94  
640     	-54.18  
640.4   	-51.98  
640.8   	-49.25  
641.2   	-44.54  
641.6   	-18.39  
642     	33.81   
642.4   	26.2    
642.8   	11.12   
643.2   	-3.544  
643.6   	-16.57  
644     	-29.33  
644.4   	-40.5   
644.8   	-48.75  
645.2   	-54.09  
645.6   	-56.93  
646     	-58.27  
646.4   	-58.64  
646.8   	-58.39  
647.2   	-57.7   
647.6   	-56.7   
648     	-55.53  
648.4   	-54.23  
648.8   	-52.53  
649.2   	-49.98  
649.6   	-44.41  
650     	-10.81  
650.4   	33.27   
650.8   	24.79   
651.2   	9.821   
651.6   	-4.527  
652     	-17.32  
652.4   	-29.87  
652.8   	-40.8   
653.2   	-48.92  
653.6   	-54.31  
654     	-57.29  
654.4   	-58.58  
654.8   	-58.98  
655.2   	-58.82  
655.6   	-58.24  
656     	-57.31  
656.4   	-56.07  
656.8   	-54.66  
657.2   	-52.95  
657.6   	-50.46  
658     	-46.23  
658.4   	-28.11  
658.8   	33.44   
659.2   	28.25   
659.6   	13.29   
660     	-1.646  
660.4   	-14.79  
660.8   	-27.48  
661.2   	-38.99  
661.6   	-47.56  
662     	-53.26  
662.4   	-56.47  
662.8   	-58.03  
663.2   	-58.57  
663.6   	-58.42  
664     	-57.85  
664.4   	-57.06  
664.8   	-56.07  
665.2   	-54.73  
665.6   	-52.99  
666     	-50.59  
666.4   	-46.1   
666.8   	-25.18  
667.2   	32.67   
667.6   	27.42   
668     	12.74   
668.4   	-1.94   
668.8   	-14.9   
669.2   	-27.45  
669.6   	-38.87  
670     	-47.42  
670.4   	-53.14  
670.8   	-56.4   
671.2   	-57.95  
671.6   	-58.5   
672     	-58.3   
672.4   	-57.72  
672.8   	-56.97  
673.2   	-55.98  
673.6   	-54.68  
674     	-52.85  
674.4   	-50.02  
674.8   	-43.4   
675.2   	-2.949  
675.6   	33.37   
676     	23.7    
676.4   	8.621   
676.8   	-5.539  
677.2   	-18.17  
677.6   	-30.63  
678     	-41.28  
678.4   	-49.22  
678.8   	-54.42  
679.2   	-57.21  
679.6   	-58.44  
680     	-58.94  
680.4   	-58.93  
680.8   	-58.46  
681.2   	-57.8   
681.6   	-57.02  
682     	-56.03  
682.4   	-54.62  
682.8   	-52.62  
683.2   	-49.12  
683.6   	-40.42  
684     	21.22   
684.4   	33.86   
684.8   	20.89   
685.2   	5.249   
685.6   	-8.921  
686     	-21.93  
686.4   	-34.68  
686.8   	-44.97  
687.2   	-52.38  
687.6   	-56.86  
688     	-59.32  
688.4   	-60.41  
688.8   	-60.64  
689.2   	-60.39  
689.6   	-59.8   
690     	-58.79  
690.4   	-57.49  
690.8   	-55.74  
691.2   	-53.62  
691.6   	-50.31  
692     	-41.38  
692.4   	21.27   
692.8   	34.43   
693.2   	21.42   
693.6   	5.644   
694     	-8.808  
694.4   	-22.12  
694.8   	-35.03  
695.2   	-45.39  
695.6   	-52.62  
696     	-56.88  
696.4   	-59.07  
696.8   	-59.97  
697.2   	-60.14  
697.6   	-59.9   
698     	-59.38  
698.4   	-58.57  
698.8   	-57.39  
699.2   	-56.02  
699.6   	-54.26  
700     	-51.75  
700.4   	-47.42  
700.8   	-32.78  
701.2   	34.31   
701.6   	30.75   
702     	15.54   
702.4   	-0.1655 
702.8   	-14.18  
703.2   	-27.71  
703.6   	-40.12  
704     	-49.47  
704.4   	-55.56  
704.8   	-58.91  
705.2   	-60.44  
705.6   	-60.84  
706     	-60.72  
706.4   	-60.05  
706.8   	-59.19  
707.2   	-58.22  
707.6   	-57.03  
708     	-55.35  
708.4   	-53.1   
708.8   	-49.47  
709.2   	-40.59  
709.6   	24.21   
710     	34.43   
710.4   	20.86   
710.8   	4.948   
711.2   	-9.544  
711.6   	-22.96  
712     	-35.86  
712.4   	-46.05  
712.8   	-53.15  
713.2   	-57.19  
713.6   	-59.28  
714     	-60.16  
714.4   	-60.26  
714.8   	-59.89  
715.2   	-59.19  
715.6   	-58.27  
716     	-57.13  
716.4   	-55.65  
716.8   	-53.77  
717.2   	-50.82  
717.6   	-45.41  
718     	-15.23  
718.4   	36.19   
718.8   	26.34   
719.2   	10.5    
719.6   	-4.61   
720     	-18.11  
720.4   	-31.33  
720.8   	-42.57  
721.2   	-50.75  
721.6   	-55.76  
722     	-58.36  
722.4   	-59.51  
722.8   	-59.86  
723.2   	-59.69  
723.6   	-59.16  
724     	-58.29  
724.4   	-57.18  
724.8   	-55.82  
725.2   	-54.08  
725.6   	-51.72  
726     	-48.2   
726.4   	-39.51  
726.8   	25.03   
727.2   	33.48   
727.6   	19.78   
728     	4.044   
728.4   	-10.18  
728.8   	-23.42  
729.2   	-36.18  
729.6   	-46.31  
730     	-53.34  
730.4   	-57.48  
730.8   	-59.65  
731.2   	-60.5   
731.6   	-60.48  
732     	-60.08  
732.4   	-59.36  
732.8   	-58.4   
733.2   	-57.3   
733.6   	-55.89  
734     	-54.07  
734.4   	-51.31  
734.8   	-45.89  
735.2   	-21.25  
735.6   	36.66   
736     	27.83   
736.4   	12.02   
736.8   	-3.378  
737.2   	-17.18  
737.6   	-30.79  
738     	-42.74  
738.4   	-51.53  
738.8   	-56.87  
739.2   	-59.64  
739.6   	-60.93  
740     	-61.26  
740.4   	-61     
740.8   	-60.43  
741.2   	-59.62  
741.6   	-58.46  
742     	-56.9   
742.4   	-54.9   
742.8   	-52.03  
743.2   	-46.4   
743.6   	-21.33  
744     	36.29   
744.4   	28.3    
744.8   	12.79   
745.2   	-2.578  
745.6   	-16.31  
746     	-29.72  
746.4   	-41.61  
746.8   	-50.24  
747.2   	-55.58  
747.6   	-58.42  
748     	-59.69  
748.4   	-60.14  
748.8   	-60.09  
749.2   	-59.61  
749.6   	-58.85  
750     	-57.91  
750.4   	-56.73  
750.8   	-55.29  
751.2   	-53.31  
751.6   	-49.95  
752     	-41.98  
752.4   	16.43   
752.8   	34.91   
753.2   	22.48   
753.6   	6.729   
754     	-7.806  
754.4   	-21.04  
754.8   	-34.02  
755.2   	-44.61  
755.6   	-52.22  
756     	-56.74  
756.4   	-59     
756.8   	-60.04  
757.2   	-60.29  
757.6   	-60.01  
758     	-59.33  
758.4   	-58.46  
758.8   	-57.31  
759.2   	-55.92  
759.6   	-54.11  
760     	-51.19  
760.4   	-45.83  
760.8   	-20.22  
761.2   	35.36   
761.6   	27.76   
762     	12.52   
762.4   	-2.546  
762.8   	-15.98  
763.2   	-29.05  
763.6   	-40.66  
764     	-49.36  
764.4   	-54.93  
764.8   	-58.01  
765.2   	-59.54  
765.6   	-60.14  
766     	-60.1   
766.4   	-59.73  
766.8   	-59     
767.2   	-58.04  
767.6   	-56.93  
768     	-55.52  
768.4   	-53.65  
768.8   	-50.9   
769.2   	-45.67  
769.6   	-17.24  
770     	36.21   
770.4   	27.44   
770.8   	11.83   
771.2   	-3.397  
771.6   	-17.01  
772     	-30.4   
772.4   	-42.14  
772.8   	-50.85  
773.2   	-56.17  
773.6   	-59     
774     	-60.28  
774.4   	-60.45  
774.8   	-60.07  
775.2   	-59.48  
775.6   	-58.72  
776     	-57.78  
776.4   	-56.72  
776.8   	-55.41  
777.2   	-53.68  
777.6   	-51.12  
778     	-44.91  
778.4   	-3.714  
778.8   	36.69   
779.2   	25.41   
779.6   	9.407   
780     	-5.769  
780.4   	-19.51  
780.8   	-33.13  
781.2   	-44.62  
781.6   	-52.79  
782     	-57.6   
782.4   	-60.09  
782.8   	-61.26  
783.2   	-61.57  
783.6   	-61.3   
784     	-60.67  
784.4   	-59.84  
784.8   	-58.79  
785.2   	-57.5   
785.6   	-55.89  
786     	-53.54  
786.4   	-48.82  
786.8   	-28.22  
787.2   	36.74   
787.6   	30.01   
788     	14.45   
788.4   	-1.266  
788.8   	-15.35  
789.2   	-29.03  
789.6   	-41.35  
790     	-50.57  
790.4   	-56.45  
790.8   	-59.61  
791.2   	-61.05  
791.6   	-61.48  
792     	-61.25  
792.4   	-60.58  
792.8   	-59.65  
793.2   	-58.64  
793.6   	-57.4   
794     	-55.7   
794.4   	-53.18  
794.8   	-47.1   
795.2   	-18.83  
795.6   	36.36   
796     	27.96   
796.4   	12.36   
796.8   	-3.051  
797.2   	-16.88  
797.6   	-30.44  
798     	-42.33  
798.4   	-51.04  
798.8   	-56.38  
799.2   	-59.26  
799.6   	-60.57  
800     	-60.98  
800.4   	-60.9   
800.8   	-60.56  
801.2   	-59.9   
801.6   	-59.07  
802     	-58.01  
802.4   	-56.73  
802.8   	-54.88  
803.2   	-51.2   
803.6   	-41.84  
804     	19.09   
804.4   	35.87   
804.8   	22.65   
805.2   	6.432   
805.6   	-8.589  
806     	-22.49  
806.4   	-36.13  
806.8   	-47.12  
807.2   	-54.7   
807.6   	-59.07  
808     	-61.27  
808.4   	-62.19  
808.8   	-62.35  
809.2   	-62.03  
809.6   	-61.44  
810     	-60.49  
810.4   	-59.33  
810.8   	-57.92  
811.2   	-56.2   
811.6   	-53.79  
812     	-49.37  
812.4   	-32.6   
812.8   	35.86   
813.2   	31.91   
813.6   	16.7    
814     	0.6988  
814.4   	-13.71  
814.8   	-27.59  
815.2   	-40.44  
815.6   	-50.21  
816     	-56.47  
816.4   	-59.82  
816.8   	-61.44  
817.2   	-61.98  
817.6   	-61.84  
818     	-61.36  
818.4   	-60.6   
818.8   	-59.52  
819.2   	-58.23  
819.6   	-56.78  
820     	-54.97  
820.4   	-51.82  
820.8   	-42.76  
821.2   	21.26   
821.6   	35.54   
822     	22.52   
822.4   	6.528   
822.8   	-8.321  
823.2   	-22.04  
823.6   	-35.4   
824     	-46.21  
824.4   	-53.83  
824.8   	-58.34  
825.2   	-60.52  
825.6   	-61.36  
826     	-61.45  
826.4   	-61.03  
826.8   	-60.41  
827.2   	-59.44  
827.6   	-58.24  
828     	-56.96  
828.4   	-55.3   
828.8   	-52.94  
829.2   	-48.4   
829.6   	-33.3   
830     	34.62   
830.4   	31.61   
830.8   	16.65   
831.2   	0.8551  
831.6   	-13.35  
832     	-27     
832.4   	-39.64  
832.8   	-49.31  
833.2   	-55.6   
833.6   	-59     
834     	-60.6   
834.4   	-61.22  
834.8   	-61.27  
835.2   	-60.81  
835.6   	-60.02  
836     	-59.03  
836.4   	-57.93  
836.8   	-56.49  
837.2   	-54.65  
837.6   	-51.88  
838     	-45.58  
838.4   	-4.09   
838.8   	37.31   
839.2   	25.5    
839.6   	9.24    
840     	-6.145  
840.4   	-20.17  
840.8   	-34.04  
841.2   	-45.44  
841.6   	-53.44  
842     	-58.09  
842.4   	-60.39  
842.8   	-61.39  
843.2   	-61.56  
843.6   	-61.28  
844     	-60.78  
844.4   	-59.86  
844.8   	-58.85  
845.2   	-57.73  
845.6   	-56.23  
846     	-54.47  
846.4   	-51.96  
846.8   	-46.32  
847.2   	-11.34  
847.6   	37.86   
848     	27.18   
848.4   	10.93   
848.8   	-4.737  
849.2   	-18.97  
849.6   	-33.07  
850     	-45.04  
850.4   	-53.55  
850.8   	-58.59  
851.2   	-61.15  
851.6   	-62.15  
852     	-62.38  
852.4   	-62.15  
852.8   	-61.57  
853.2   	-60.73  
853.6   	-59.73  
854     	-58.55  
854.4   	-57.22  
854.8   	-55.48  
855.2   	-52.31  
855.6   	-42.01  
856     	26.24   
856.4   	36.18   
856.8   	21.71   
857.2   	5.05    
857.6   	-10.31  
858     	-24.81  
858.4   	-38.84  
858.8   	-49.85  
859.2   	-56.95  
859.6   	-60.76  
860     	-62.5   
860.4   	-63     
860.8   	-62.76  
861.2   	-62.12  
861.6   	-61.15  
862     	-60.13  
862.4   	-59.03  
862.8   	-57.83  
863.2   	-56.46  
863.6   	-54.18  
864     	-47.37  
864.4   	-15.56  
864.8   	38.25   
865.2   	28.27   
865.6   	12.07   
866     	-3.904  
866.4   	-18.51  
866.8   	-32.98  
867.2   	-45.43  
867.6   	-54.32  
868     	-59.45  
868.4   	-62.07  
868.8   	-63.17  
869.2   	-63.34  
869.6   	-62.81  
870     	-61.96  
870.4   	-61.06  
870.8   	-60.13  
871.2   	-59.15  
871.6   	-58     
872     	-56.49  
872.4   	-53.52  
872.8   	-47.64  
873.2   	-16.31  
873.6   	38.62   
874     	28.83   
874.4   	12.59   
874.8   	-3.413  
875.2   	-17.98  
875.6   	-32.36  
876     	-44.75  
876.4   	-53.57  
876.8   	-58.77  
877.2   	-61.43  
877.6   	-62.55  
878     	-62.75  
878.4   	-62.41  
878.8   	-61.83  
879.2   	-61.07  
879.6   	-60.14  
880     	-58.89  
880.4   	-57.1   
880.8   	-54.37  
881.2   	-49     
881.6   	-33.08  
882     	36      
882.4   	32.3    
882.8   	16.85   
883.2   	0.5018  
883.6   	-14.39  
884     	-28.95  
884.4   	-42.37  
884.8   	-52.49  
885.2   	-58.6   
885.6   	-61.78  
886     	-63.28  
886.4   	-63.74  
886.8   	-63.42  
887.2   	-62.66  
887.6   	-61.43  
888     	-60.11  
888.4   	-58.69  
888.8   	-56.58  
889.2   	-52.31  
889.6   	-43.9   
890     	10.4    
890.4   	36.69   
890.8   	24.81   
891.2   	8.662   
891.6   	-6.772  
892     	-21.03  
892.4   	-35.02  
892.8   	-46.55  
893.2   	-54.67  
893.6   	-59.28  
894     	-61.48  
894.4   	-62.25  
894.8   	-62.36  
895.2   	-62.01  
895.6   	-61.26  
896     	-60.26  
896.4   	-59.11  
896.8   	-57.84  
897.2   	-56.24  
897.6   	-54.2   
898     	-50.74  
898.4   	-38.18  
898.8   	32.74   
899.2   	33.67   
899.6   	19.09   
900     	2.911   
900.4   	-11.84  
900.8   	-25.95  
901.2   	-39.22  
901.6   	-49.38  
902     	-55.91  
902.4   	-59.5   
902.8   	-61.25  
903.2   	-61.84  
903.6   	-61.74  
904     	-61.22  
904.4   	-60.29  
904.8   	-59.23  
905.2   	-58.02  
905.6   	-56.67  
906     	-54.84  
906.4   	-51.89  
906.8   	-45.67  
907.2   	-6.611  
907.6   	37.23   
908     	26.3    
908.4   	10.21   
908.8   	-5.271  
909.2   	-19.39  
909.6   	-33.3   
910     	-44.92  
910.4   	-53.21  
910.8   	-58.13  
911.2   	-60.64  
911.6   	-61.79  
912     	-61.95  
912.4   	-61.55  
912.8   	-60.73  
913.2   	-59.58  
913.6   	-58.47  
914     	-57.27  
914.4   	-55.87  
914.8   	-54.13  
915.2   	-50.9   
915.6   	-40.67  
916     	26.94   
916.4   	35.05   
916.8   	21.04   
917.2   	4.794   
917.6   	-10.07  
918     	-24     
918.4   	-37.43  
918.8   	-48     
919.2   	-55.1   
919.6   	-59.04  
920     	-60.97  
920.4   	-61.63  
920.8   	-61.61  
921.2   	-61.01  
921.6   	-60.13  
922     	-59.07  
922.4   	-57.81  
922.8   	-56.35  
923.2   	-54.59  
923.6   	-51.35  
924     	-42.56  
924.4   	14.98   
924.8   	35.72   
925.2   	23.27   
925.6   	7.228   
926     	-7.723  
926.4   	-21.44  
926.8   	-34.85  
927.2   	-45.77  
927.6   	-53.41  
928     	-57.81  
928.4   	-60.06  
928.8   	-60.95  
929.2   	-61.12  
929.6   	-60.83  
930     	-60.23  
930.4   	-59.27  
930.8   	-58.08  
931.2   	-56.69  
931.6   	-54.75  
932     	-51.44  
932.4   	-44.33  
932.8   	1.467   
933.2   	36.19   
933.6   	24.86   
934     	8.937   
934.4   	-6.156  
934.8   	-19.89  
935.2   	-33.39  
935.6   	-44.59  
936     	-52.5   
936.4   	-57.07  
936.8   	-59.37  
937.2   	-60.38  
937.6   	-60.52  
938     	-60.15  
938.4   	-59.42  
938.8   	-58.52  
939.2   	-57.53  
939.6   	-56.2   
940     	-54.33  
940.4   	-51.61  
940.8   	-45.64  
941.2   	-12.86  
941.6   	35.76   
942     	26.52   
942.4   	10.91   
942.8   	-4.213  
943.2   	-17.79  
943.6   	-31.14  
944     	-42.63  
944.4   	-50.99  
944.8   	-56.13  
945.2   	-58.83  
945.6   	-60.13  
946     	-60.5   
946.4   	-60.28  
946.8   	-59.78  
947.2   	-59.05  
947.6   	-58.13  
948     	-56.93  
948.4   	-55.48  
948.8   	-53.54  
949.2   	-50.49  
949.6   	-41.85  
950     	23.1    
950.4   	34.86   
950.8   	21.24   
951.2   	5.143   
951.6   	-9.597  
952     	-23.38  
952.4   	-36.75  
952.8   	-47.19  
953.2   	-54.08  
953.6   	-57.88  
954     	-59.78  
954.4   	-60.57  
954.8   	-60.64  
955.2   	-60.27  
955.6   	-59.47  
956     	-58.55  
956.4   	-57.55  
956.8   	-56.38  
957.2   	-54.72  
957.6   	-52.09  
958     	-47.29  
958.4   	-26.57  
958.8   	35.47   
959.2   	29.51   
959.6   	14.24   
960     	-1.213  
960.4   	-15.01  
960.8   	-28.45  
961.2   	-40.71  
961.6   	-49.99  
962     	-55.98  
962.4   	-59.2   
962.8   	-60.69  
963.2   	-61.18  
963.6   	-60.95  
964     	-60.47  
964.4   	-59.6   
964.8   	-58.5   
965.2   	-57.43  
965.6   	-56.22  
966     	-54.84  
966.4   	-52.99  
966.8   	-49.81  
967.2   	-39.23  
967.6   	30.65   
968     	34.17   
968.4   	19.26   
968.8   	2.956   
969.2   	-11.8   
969.6   	-25.89  
970     	-39.28  
970.4   	-49.62  
970.8   	-56.3   
971.2   	-59.96  
971.6   	-61.65  
972     	-62.12  
972.4   	-62.04  
972.8   	-61.55  
973.2   	-60.72  
973.6   	-59.66  
974     	-58.52  
974.4   	-57.18  
974.8   	-55.51  
975.2   	-53.16  
975.6   	-47.92  
976     	-27.86  
976.4   	37      
976.8   	30.47   
977.2   	14.83   
977.6   	-1.129  
978     	-15.53  
978.4   	-29.61  
978.8   	-42.22  
979.2   	-51.65  
979.6   	-57.44  
980     	-60.47  
980.4   	-61.78  
980.8   	-62.21  
981.2   	-62.04  
981.6   	-61.62  
982     	-60.88  
982.4   	-60.04  
982.8   	-59     
983.2   	-57.76  
983.6   	-56.33  
984     	-54.37  
984.4   	-50.16  
984.8   	-33.13  
985.2   	36.88   
985.6   	32.27   
986     	16.6    
986.4   	0.2925  
986.8   	-14.51  
987.2   	-28.96  
987.6   	-42.22  
988     	-52.11  
988.4   	-57.97  
988.8   	-60.96  
989.2   	-62.23  
989.6   	-62.58  
990     	-62.22  
990.4   	-61.35  
990.8   	-60.36  
991.2   	-59.32  
991.6   	-58.2   
992     	-56.88  
992.4   	-55.09  
992.8   	-51.83  
993.2   	-45.12  
993.6   	-5.464  
994     	37.55   
994.4   	26.6    
994.8   	10.48   
995.2   	-5.086  
995.6   	-19.25  
996     	-33.29  
996.4   	-45.16  
996.8   	-53.63  
997.2   	-58.58  
997.6   	-61.07  
998     	-62.13  
998.4   	-62.38  
998.8   	-62.08  
999.2   	-61.4   
999.6   	-60.56  
