
SWEPT_VAR_1 = 45.0    // Syn: Source PP \ NetStim \ PARAMETER \ interval (ms)

t	s.v( 0.05 )
ms	mV
0       	-64.65  
0.4     	-65.51  
0.8     	-66.35  
1.2     	-67.15  
1.6     	-67.92  
2       	-68.66  
2.4     	-69.25  
2.8     	-69.56  
3.2     	-69.52  
3.6     	-69.21  
4       	-68.71  
4.4     	-68     
4.8     	-66.48  
5.2     	-63.18  
5.6     	-57.44  
6       	-50.24  
6.4     	-33.95  
6.8     	42.43   
7.2     	37.1    
7.6     	21.48   
8       	4.202   
8.4     	-12.27  
8.8     	-28.51  
9.2     	-44.17  
9.6     	-55.99  
10      	-62.75  
10.4    	-66.15  
10.8    	-67.7   
11.2    	-68     
11.6    	-67.54  
12      	-66.92  
12.4    	-66.09  
12.8    	-64.84  
13.2    	-63.38  
13.6    	-61.98  
14      	-60.43  
14.4    	-58.35  
14.8    	-53.54  
15.2    	-43.12  
15.6    	27.25   
16      	38.07   
16.4    	24.28   
16.8    	7.5     
17.2    	-8.569  
17.6    	-23.88  
18      	-38.88  
18.4    	-50.86  
18.8    	-58.47  
19.2    	-62.34  
19.6    	-63.91  
20      	-64.31  
20.4    	-64.07  
20.8    	-63.3   
21.2    	-62.32  
21.6    	-61.23  
22      	-59.97  
22.4    	-58.49  
22.8    	-56.56  
23.2    	-52.27  
23.6    	-36.35  
24      	35.09   
24.4    	33.3    
24.8    	18.32   
25.2    	1.953   
25.6    	-13.12  
26      	-27.69  
26.4    	-41.01  
26.8    	-51.02  
27.2    	-57.18  
27.6    	-60.36  
28      	-61.66  
28.4    	-61.84  
28.8    	-61.52  
29.2    	-60.8   
29.6    	-59.64  
30      	-58.29  
30.4    	-56.6   
30.8    	-53.88  
31.2    	-48.63  
31.6    	-34.34  
32      	32.49   
32.4    	31.28   
32.8    	16.6    
33.2    	0.7791  
33.6    	-13.49  
34      	-27.13  
34.4    	-39.6   
34.8    	-48.89  
35.2    	-54.86  
35.6    	-57.97  
36      	-59.27  
36.4    	-59.54  
36.8    	-59.13  
37.2    	-58.43  
37.6    	-57.46  
38      	-56.12  
38.4    	-54.42  
38.8    	-52.26  
39.2    	-48.97  
39.6    	-41.35  
40      	16.32   
40.4    	32.83   
40.8    	19.89   
41.2    	4.29    
41.6    	-9.768  
42      	-22.7   
42.4    	-35.08  
42.8    	-44.76  
43.2    	-51.48  
43.6    	-55.39  
44      	-57.37  
44.4    	-57.93  
44.8    	-57.85  
45.2    	-57.35  
45.6    	-56.56  
46      	-55.34  
46.4    	-53.72  
46.8    	-51.63  
47.2    	-48.23  
47.6    	-38.86  
48      	20.55   
48.4    	30.24   
48.8    	17.89   
49.2    	3.134   
49.6    	-10.06  
50      	-22.24  
50.4    	-33.94  
50.8    	-43.11  
51.2    	-49.71  
51.6    	-53.78  
52      	-55.79  
52.4    	-56.7   
52.8    	-56.9   
53.2    	-56.44  
53.6    	-55.56  
54      	-54.28  
54.4    	-52.7   
54.8    	-50.57  
55.2    	-47.3   
55.6    	-39.44  
56      	13.79   
56.4    	29.34   
56.8    	18.3    
57.2    	4.054   
57.6    	-8.721  
58      	-20.28  
58.4    	-31.51  
58.8    	-40.55  
59.2    	-46.91  
59.6    	-51.23  
60      	-53.75  
60.4    	-54.86  
60.8    	-55.13  
61.2    	-54.75  
61.6    	-53.93  
62      	-52.71  
62.4    	-51.11  
62.8    	-48.92  
63.2    	-45.21  
63.6    	-33.91  
64      	16.84   
64.4    	24.73   
64.8    	14.26   
65.2    	1.336   
65.6    	-10.18  
66      	-20.86  
66.4    	-31.41  
66.8    	-39.87  
67.2    	-45.98  
67.6    	-50.17  
68      	-52.63  
68.4    	-53.81  
68.8    	-54.15  
69.2    	-53.93  
69.6    	-53.33  
70      	-52.41  
70.4    	-51.03  
70.8    	-49.14  
71.2    	-46.03  
71.6    	-38.62  
72      	2.035   
72.4    	24.49   
72.8    	17.59   
73.2    	5.331   
73.6    	-6.164  
74      	-16.38  
74.4    	-26.62  
74.8    	-35.87  
75.2    	-42.58  
75.6    	-47.4   
76      	-50.46  
76.4    	-52.09  
76.8    	-52.78  
77.2    	-52.58  
77.6    	-51.88  
78      	-50.73  
78.4    	-49.05  
78.8    	-46.8   
79.2    	-43.02  
79.6    	-32.03  
80      	8.271   
80.4    	18.9    
80.8    	12.08   
81.2    	1.573   
81.6    	-8.156  
82      	-17.05  
82.4    	-26.14  
82.8    	-34.43  
83.2    	-40.43  
83.6    	-44.69  
84      	-47.63  
84.4    	-49.29  
84.8    	-49.95  
85.2    	-49.92  
85.6    	-49.43  
86      	-48.37  
86.4    	-46.72  
86.8    	-44.29  
87.2    	-39.66  
87.6    	-26.59  
88      	2.4     
88.4    	11.47   
88.8    	7.268   
89.2    	-0.683  
89.6    	-8.565  
90      	-16.12  
90.4    	-24.14  
90.8    	-31.84  
91.2    	-37.59  
91.6    	-41.59  
92      	-44.38  
92.4    	-46.17  
92.8    	-46.97  
93.2    	-47.14  
93.6    	-46.81  
94      	-45.98  
94.4    	-44.57  
94.8    	-42.09  
95.2    	-37.19  
95.6    	-24.73  
96      	-3.187  
96.4    	6.09    
96.8    	4.113   
97.2    	-1.832  
97.6    	-8.26   
98      	-14.67  
98.4    	-21.65  
98.8    	-28.78  
99.2    	-34.45  
99.6    	-38.34  
100     	-41.03  
100.4   	-42.82  
100.8   	-43.88  
101.2   	-44.33  
101.6   	-44.06  
102     	-43.15  
102.4   	-41.44  
102.8   	-38.23  
103.2   	-31.89  
103.6   	-19.58  
104     	-6.291  
104.4   	0.2885  
104.8   	-0.467  
105.2   	-4.525  
105.6   	-9.454  
106     	-14.77  
106.4   	-20.82  
106.8   	-27.21  
107.2   	-32.5   
107.6   	-36.19  
108     	-38.64  
108.4   	-40.07  
108.8   	-40.68  
109.2   	-40.62  
109.6   	-39.86  
110     	-38.21  
110.4   	-35.07  
110.8   	-29.82  
111.2   	-22.63  
111.6   	-15.19  
112     	-8.377  
112.4   	-5.967  
112.8   	-7.226  
113.2   	-10.21  
113.6   	-14.02  
114     	-18.61  
114.4   	-23.86  
114.8   	-28.82  
115.2   	-32.54  
115.6   	-35.02  
116     	-36.42  
116.4   	-36.99  
116.8   	-36.88  
117.2   	-36.08  
117.6   	-34.4   
118     	-31.87  
118.4   	-28.59  
118.8   	-25     
119.2   	-20.84  
119.6   	-16.33  
120     	-13.71  
120.4   	-13.44  
120.8   	-14.74  
121.2   	-17.05  
121.6   	-20.15  
122     	-23.75  
122.4   	-27.21  
122.8   	-29.95  
123.2   	-31.79  
123.6   	-32.8   
124     	-33.1   
124.4   	-32.87  
124.8   	-32.17  
125.2   	-30.93  
125.6   	-29.35  
126     	-27.52  
126.4   	-25.43  
126.8   	-23.03  
127.2   	-20.65  
127.6   	-19.25  
128     	-19.04  
128.4   	-19.78  
128.8   	-21.25  
129.2   	-23.32  
129.6   	-25.59  
130     	-27.68  
130.4   	-29.24  
130.8   	-30.16  
131.2   	-30.5   
131.6   	-30.39  
132     	-29.84  
132.4   	-29     
132.8   	-28.04  
133.2   	-27.07  
133.6   	-26.06  
134     	-24.92  
134.4   	-23.85  
134.8   	-23.03  
135.2   	-22.69  
135.6   	-22.85  
136     	-23.37  
136.4   	-24.22  
136.8   	-25.27  
137.2   	-26.29  
137.6   	-27.04  
138     	-27.57  
138.4   	-27.75  
138.8   	-27.6   
139.2   	-27.29  
139.6   	-26.85  
140     	-26.37  
140.4   	-25.88  
140.8   	-25.49  
141.2   	-25.22  
141.6   	-25.09  
142     	-24.93  
142.4   	-24.8   
142.8   	-24.83  
143.2   	-25.03  
143.6   	-25.37  
144     	-25.76  
144.4   	-26.2   
144.8   	-26.59  
145.2   	-26.83  
145.6   	-26.94  
146     	-26.9   
146.4   	-26.68  
146.8   	-26.41  
147.2   	-26.12  
147.6   	-25.78  
148     	-25.52  
148.4   	-25.32  
148.8   	-25.22  
149.2   	-25.12  
149.6   	-25.09  
150     	-25.17  
150.4   	-25.27  
150.8   	-25.45  
151.2   	-25.65  
151.6   	-25.86  
152     	-26.1   
152.4   	-26.29  
152.8   	-26.37  
153.2   	-26.35  
153.6   	-26.3   
154     	-26.23  
154.4   	-26.12  
154.8   	-25.98  
155.2   	-25.86  
155.6   	-25.8   
156     	-25.75  
156.4   	-25.66  
156.8   	-25.52  
157.2   	-25.38  
157.6   	-25.25  
158     	-25.21  
158.4   	-25.15  
158.8   	-25.13  
159.2   	-25.1   
159.6   	-25.11  
160     	-25.2   
160.4   	-25.23  
160.8   	-25.21  
161.2   	-25.13  
161.6   	-25.01  
162     	-24.93  
162.4   	-24.81  
162.8   	-24.68  
163.2   	-24.56  
163.6   	-24.41  
164     	-24.21  
164.4   	-24.05  
164.8   	-23.97  
165.2   	-23.97  
165.6   	-23.96  
166     	-23.99  
166.4   	-24.07  
166.8   	-24.21  
167.2   	-24.35  
167.6   	-24.44  
168     	-24.52  
168.4   	-24.57  
168.8   	-24.6   
169.2   	-24.57  
169.6   	-24.57  
170     	-24.57  
170.4   	-24.54  
170.8   	-24.48  
171.2   	-24.45  
171.6   	-24.45  
172     	-24.5   
172.4   	-24.54  
172.8   	-24.62  
173.2   	-24.73  
173.6   	-24.79  
174     	-24.85  
174.4   	-24.99  
174.8   	-25.08  
175.2   	-25.03  
175.6   	-24.95  
176     	-24.95  
176.4   	-24.97  
176.8   	-24.98  
177.2   	-24.92  
177.6   	-24.88  
178     	-24.83  
178.4   	-24.83  
178.8   	-24.9   
179.2   	-24.98  
179.6   	-25.03  
180     	-25.06  
180.4   	-25.08  
180.8   	-25.11  
181.2   	-25.02  
181.6   	-24.84  
182     	-24.7   
182.4   	-24.67  
182.8   	-24.65  
183.2   	-24.67  
183.6   	-24.69  
184     	-24.7   
184.4   	-24.71  
184.8   	-24.7   
185.2   	-24.67  
185.6   	-24.72  
186     	-24.75  
186.4   	-24.8   
186.8   	-24.88  
187.2   	-24.98  
187.6   	-25.06  
188     	-25.08  
188.4   	-25.03  
188.8   	-24.95  
189.2   	-24.84  
189.6   	-24.77  
190     	-24.73  
190.4   	-24.67  
190.8   	-24.62  
191.2   	-24.64  
191.6   	-24.66  
192     	-24.75  
192.4   	-24.83  
192.8   	-24.9   
193.2   	-24.98  
193.6   	-25.05  
194     	-25.1   
194.4   	-25.1   
194.8   	-25.12  
195.2   	-25.08  
195.6   	-25.06  
196     	-25.04  
196.4   	-25.03  
196.8   	-25.03  
197.2   	-25.05  
197.6   	-25.05  
198     	-25.04  
198.4   	-25.06  
198.8   	-25.09  
199.2   	-25.13  
199.6   	-25.18  
200     	-25.22  
200.4   	-25.16  
200.8   	-25.13  
201.2   	-25.09  
201.6   	-25.02  
202     	-24.98  
202.4   	-24.98  
202.8   	-24.95  
203.2   	-24.87  
203.6   	-24.83  
204     	-24.84  
204.4   	-24.89  
204.8   	-24.93  
205.2   	-24.94  
205.6   	-24.96  
206     	-24.97  
206.4   	-25.06  
206.8   	-25.14  
207.2   	-25.22  
207.6   	-25.28  
208     	-25.3   
208.4   	-25.33  
208.8   	-25.37  
209.2   	-25.43  
209.6   	-25.45  
210     	-25.45  
210.4   	-25.44  
210.8   	-25.46  
211.2   	-25.39  
211.6   	-25.34  
212     	-25.27  
212.4   	-25.29  
212.8   	-25.35  
213.2   	-25.4   
213.6   	-25.44  
214     	-25.44  
214.4   	-25.44  
214.8   	-25.36  
215.2   	-25.21  
215.6   	-25.09  
216     	-25.01  
216.4   	-24.96  
216.8   	-24.89  
217.2   	-24.85  
217.6   	-24.85  
218     	-24.8   
218.4   	-24.72  
218.8   	-24.63  
219.2   	-24.61  
219.6   	-24.65  
220     	-24.59  
220.4   	-24.54  
220.8   	-24.52  
221.2   	-24.5   
221.6   	-24.49  
222     	-24.47  
222.4   	-24.49  
222.8   	-24.57  
223.2   	-24.63  
223.6   	-24.73  
224     	-24.81  
224.4   	-24.87  
224.8   	-24.94  
225.2   	-24.99  
225.6   	-25.08  
226     	-25.15  
226.4   	-25.13  
226.8   	-25.13  
227.2   	-25.18  
227.6   	-25.22  
228     	-25.18  
228.4   	-25.18  
228.8   	-25.21  
229.2   	-25.21  
229.6   	-25.14  
230     	-25.11  
230.4   	-25.05  
230.8   	-24.98  
231.2   	-24.95  
231.6   	-24.92  
232     	-24.93  
232.4   	-24.94  
232.8   	-25.01  
233.2   	-25.09  
233.6   	-25.18  
234     	-25.24  
234.4   	-25.26  
234.8   	-25.29  
235.2   	-25.31  
235.6   	-25.4   
236     	-25.44  
236.4   	-25.49  
236.8   	-25.52  
237.2   	-25.54  
237.6   	-25.48  
238     	-25.38  
238.4   	-25.24  
238.8   	-25.13  
239.2   	-25.07  
239.6   	-25.09  
240     	-25.05  
240.4   	-25.02  
240.8   	-24.99  
241.2   	-24.94  
241.6   	-24.88  
242     	-24.84  
242.4   	-24.86  
242.8   	-24.93  
243.2   	-24.92  
243.6   	-24.89  
244     	-24.8   
244.4   	-24.73  
244.8   	-24.71  
245.2   	-24.77  
245.6   	-24.83  
246     	-24.86  
246.4   	-24.84  
246.8   	-24.85  
247.2   	-24.91  
247.6   	-25.01  
248     	-25.11  
248.4   	-25.2   
248.8   	-25.27  
249.2   	-25.34  
249.6   	-25.34  
250     	-25.35  
250.4   	-25.37  
250.8   	-25.38  
251.2   	-25.34  
251.6   	-25.3   
252     	-25.31  
252.4   	-25.3   
252.8   	-25.25  
253.2   	-25.2   
253.6   	-25.21  
254     	-25.27  
254.4   	-25.27  
254.8   	-25.28  
255.2   	-25.26  
255.6   	-25.22  
256     	-25.18  
256.4   	-25.14  
256.8   	-25.12  
257.2   	-25.14  
257.6   	-25.16  
258     	-25.18  
258.4   	-25.18  
258.8   	-25.23  
259.2   	-25.3   
259.6   	-25.33  
260     	-25.37  
260.4   	-25.38  
260.8   	-25.33  
261.2   	-25.24  
261.6   	-25.2   
262     	-25.15  
262.4   	-25.13  
262.8   	-25.12  
263.2   	-25.13  
263.6   	-25.14  
264     	-25.1   
264.4   	-25.11  
264.8   	-25.15  
265.2   	-25.22  
265.6   	-25.22  
266     	-25.21  
266.4   	-25.22  
266.8   	-25.23  
267.2   	-25.22  
267.6   	-25.26  
268     	-25.27  
268.4   	-25.21  
268.8   	-25.14  
269.2   	-25.07  
269.6   	-25.07  
270     	-25.09  
270.4   	-25.1   
270.8   	-25.07  
271.2   	-25.02  
271.6   	-25.02  
272     	-25.07  
272.4   	-25.1   
272.8   	-25.03  
273.2   	-24.96  
273.6   	-24.96  
274     	-24.89  
274.4   	-24.79  
274.8   	-24.75  
275.2   	-24.75  
275.6   	-24.78  
276     	-24.78  
276.4   	-24.77  
276.8   	-24.73  
277.2   	-24.65  
277.6   	-24.64  
278     	-24.64  
278.4   	-24.63  
278.8   	-24.61  
279.2   	-24.61  
279.6   	-24.6   
280     	-24.64  
280.4   	-24.71  
280.8   	-24.76  
281.2   	-24.86  
281.6   	-24.95  
282     	-25.02  
282.4   	-25.07  
282.8   	-25.11  
283.2   	-25.13  
283.6   	-25.16  
284     	-25.21  
284.4   	-25.27  
284.8   	-25.32  
285.2   	-25.36  
285.6   	-25.4   
286     	-25.34  
286.4   	-25.28  
286.8   	-25.24  
287.2   	-25.2   
287.6   	-25.14  
288     	-25.15  
288.4   	-25.24  
288.8   	-25.34  
289.2   	-25.42  
289.6   	-25.49  
290     	-25.52  
290.4   	-25.5   
290.8   	-25.46  
291.2   	-25.42  
291.6   	-25.32  
292     	-25.21  
292.4   	-25.09  
292.8   	-25.05  
293.2   	-25.08  
293.6   	-25.1   
294     	-25.11  
294.4   	-25.12  
294.8   	-25.15  
295.2   	-25.2   
295.6   	-25.24  
296     	-25.28  
296.4   	-25.26  
296.8   	-25.2   
297.2   	-25.17  
297.6   	-25.15  
298     	-25.04  
298.4   	-24.94  
298.8   	-24.79  
299.2   	-24.72  
299.6   	-24.68  
300     	-24.66  
300.4   	-24.72  
300.8   	-24.78  
301.2   	-24.79  
301.6   	-24.76  
302     	-24.71  
302.4   	-24.66  
302.8   	-24.63  
303.2   	-24.63  
303.6   	-24.67  
304     	-24.76  
304.4   	-24.87  
304.8   	-24.89  
305.2   	-24.9   
305.6   	-24.87  
306     	-24.9   
306.4   	-24.92  
306.8   	-24.99  
307.2   	-25.08  
307.6   	-25.14  
308     	-25.19  
308.4   	-25.17  
308.8   	-25.11  
309.2   	-25     
309.6   	-24.87  
310     	-24.75  
310.4   	-24.63  
310.8   	-24.55  
311.2   	-24.5   
311.6   	-24.51  
312     	-24.55  
312.4   	-24.55  
312.8   	-24.56  
313.2   	-24.61  
313.6   	-24.7   
314     	-24.78  
314.4   	-24.88  
314.8   	-24.96  
315.2   	-25.02  
315.6   	-25.08  
316     	-25.13  
316.4   	-25.14  
316.8   	-25.16  
317.2   	-25.13  
317.6   	-25.03  
318     	-24.92  
318.4   	-24.85  
318.8   	-24.81  
319.2   	-24.81  
319.6   	-24.83  
320     	-24.82  
320.4   	-24.76  
320.8   	-24.78  
321.2   	-24.8   
321.6   	-24.81  
322     	-24.77  
322.4   	-24.76  
322.8   	-24.76  
323.2   	-24.8   
323.6   	-24.83  
324     	-24.9   
324.4   	-24.95  
324.8   	-24.99  
325.2   	-25.01  
325.6   	-25.01  
326     	-25     
326.4   	-24.98  
326.8   	-24.97  
327.2   	-25.02  
327.6   	-25.13  
328     	-25.18  
328.4   	-25.19  
328.8   	-25.21  
329.2   	-25.1   
329.6   	-25     
330     	-24.9   
330.4   	-24.83  
330.8   	-24.79  
331.2   	-24.76  
331.6   	-24.72  
332     	-24.73  
332.4   	-24.82  
332.8   	-24.94  
333.2   	-24.95  
333.6   	-24.93  
334     	-24.88  
334.4   	-24.88  
334.8   	-24.96  
335.2   	-25.01  
335.6   	-25.08  
336     	-25.15  
336.4   	-25.2   
336.8   	-25.24  
337.2   	-25.28  
337.6   	-25.3   
338     	-25.29  
338.4   	-25.25  
338.8   	-25.24  
339.2   	-25.23  
339.6   	-25.22  
340     	-25.19  
340.4   	-25.16  
340.8   	-25.17  
341.2   	-25.19  
341.6   	-25.21  
342     	-25.25  
342.4   	-25.34  
342.8   	-25.44  
343.2   	-25.46  
343.6   	-25.36  
344     	-25.22  
344.4   	-25.11  
344.8   	-25.11  
345.2   	-25.18  
345.6   	-25.26  
346     	-25.33  
346.4   	-25.42  
346.8   	-25.44  
347.2   	-25.47  
347.6   	-25.46  
348     	-25.44  
348.4   	-25.44  
348.8   	-25.45  
349.2   	-25.48  
349.6   	-25.51  
350     	-25.47  
350.4   	-25.4   
350.8   	-25.33  
351.2   	-25.2   
351.6   	-25.08  
352     	-24.97  
352.4   	-24.87  
352.8   	-24.85  
353.2   	-24.9   
353.6   	-25.02  
354     	-25.18  
354.4   	-25.3   
354.8   	-25.41  
355.2   	-25.52  
355.6   	-25.57  
356     	-25.58  
356.4   	-25.6   
356.8   	-25.59  
357.2   	-25.58  
357.6   	-25.55  
358     	-25.47  
358.4   	-25.39  
358.8   	-25.36  
359.2   	-25.38  
359.6   	-25.44  
360     	-25.5   
360.4   	-25.58  
360.8   	-25.64  
361.2   	-25.62  
361.6   	-25.53  
362     	-25.47  
362.4   	-25.46  
362.8   	-25.47  
363.2   	-25.52  
363.6   	-25.56  
364     	-25.58  
364.4   	-25.56  
364.8   	-25.54  
365.2   	-25.53  
365.6   	-25.52  
366     	-25.53  
366.4   	-25.52  
366.8   	-25.5   
367.2   	-25.44  
367.6   	-25.41  
368     	-25.4   
368.4   	-25.35  
368.8   	-25.3   
369.2   	-25.24  
369.6   	-25.16  
370     	-25.12  
370.4   	-25.1   
370.8   	-25.13  
371.2   	-25.14  
371.6   	-25.2   
372     	-25.31  
372.4   	-25.42  
372.8   	-25.48  
373.2   	-25.51  
373.6   	-25.5   
374     	-25.51  
374.4   	-25.44  
374.8   	-25.41  
375.2   	-25.43  
375.6   	-25.42  
376     	-25.34  
376.4   	-25.27  
376.8   	-25.24  
377.2   	-25.21  
377.6   	-25.18  
378     	-25.19  
378.4   	-25.21  
378.8   	-25.25  
379.2   	-25.26  
379.6   	-25.23  
380     	-25.18  
380.4   	-25.19  
380.8   	-25.26  
381.2   	-25.36  
381.6   	-25.46  
382     	-25.49  
382.4   	-25.48  
382.8   	-25.48  
383.2   	-25.49  
383.6   	-25.5   
384     	-25.47  
384.4   	-25.43  
384.8   	-25.36  
385.2   	-25.33  
385.6   	-25.36  
386     	-25.34  
386.4   	-25.24  
386.8   	-25.17  
387.2   	-25.17  
387.6   	-25.09  
388     	-25.02  
388.4   	-24.97  
388.8   	-24.96  
389.2   	-25     
389.6   	-25.04  
390     	-25.08  
390.4   	-25.1   
390.8   	-25.18  
391.2   	-25.26  
391.6   	-25.31  
392     	-25.35  
392.4   	-25.39  
392.8   	-25.4   
393.2   	-25.37  
393.6   	-25.32  
394     	-25.29  
394.4   	-25.25  
394.8   	-25.23  
395.2   	-25.23  
395.6   	-25.29  
396     	-25.37  
396.4   	-25.41  
396.8   	-25.43  
397.2   	-25.46  
397.6   	-25.47  
398     	-25.44  
398.4   	-25.38  
398.8   	-25.33  
399.2   	-25.22  
399.6   	-25.18  
400     	-25.11  
400.4   	-25.03  
400.8   	-24.96  
401.2   	-24.87  
401.6   	-24.76  
402     	-24.67  
402.4   	-24.58  
402.8   	-24.52  
403.2   	-24.49  
403.6   	-24.53  
404     	-24.56  
404.4   	-24.55  
404.8   	-24.53  
405.2   	-24.54  
405.6   	-24.61  
406     	-24.64  
406.4   	-24.62  
406.8   	-24.62  
407.2   	-24.62  
407.6   	-24.62  
408     	-24.66  
408.4   	-24.7   
408.8   	-24.7   
409.2   	-24.81  
409.6   	-24.88  
410     	-24.85  
410.4   	-24.88  
410.8   	-24.9   
411.2   	-24.92  
411.6   	-24.95  
412     	-24.97  
412.4   	-24.99  
412.8   	-25     
413.2   	-24.97  
413.6   	-24.93  
414     	-24.87  
414.4   	-24.83  
414.8   	-24.79  
415.2   	-24.77  
415.6   	-24.85  
416     	-24.92  
416.4   	-24.96  
416.8   	-24.99  
417.2   	-24.99  
417.6   	-25.06  
418     	-25.15  
418.4   	-25.24  
418.8   	-25.32  
419.2   	-25.37  
419.6   	-25.39  
420     	-25.4   
420.4   	-25.34  
420.8   	-25.34  
421.2   	-25.4   
421.6   	-25.4   
422     	-25.31  
422.4   	-25.16  
422.8   	-25.05  
423.2   	-25     
423.6   	-25.05  
424     	-25.07  
424.4   	-25.03  
424.8   	-24.94  
425.2   	-24.86  
425.6   	-24.79  
426     	-24.74  
426.4   	-24.68  
426.8   	-24.69  
427.2   	-24.76  
427.6   	-24.85  
428     	-24.84  
428.4   	-24.82  
428.8   	-24.8   
429.2   	-24.75  
429.6   	-24.77  
430     	-24.81  
430.4   	-24.83  
430.8   	-24.8   
431.2   	-24.81  
431.6   	-24.76  
432     	-24.74  
432.4   	-24.76  
432.8   	-24.74  
433.2   	-24.74  
433.6   	-24.77  
434     	-24.79  
434.4   	-24.8   
434.8   	-24.82  
435.2   	-24.85  
435.6   	-24.92  
436     	-24.96  
436.4   	-24.98  
436.8   	-25.05  
437.2   	-25.15  
437.6   	-25.19  
438     	-25.23  
438.4   	-25.17  
438.8   	-25.06  
439.2   	-24.95  
439.6   	-24.9   
440     	-24.88  
440.4   	-24.87  
440.8   	-24.83  
441.2   	-24.76  
441.6   	-24.71  
442     	-24.66  
442.4   	-24.64  
442.8   	-24.71  
443.2   	-24.69  
443.6   	-24.72  
444     	-24.81  
444.4   	-24.92  
444.8   	-25.04  
445.2   	-25.09  
445.6   	-25.16  
446     	-25.18  
446.4   	-25.16  
446.8   	-25.13  
447.2   	-25.06  
447.6   	-25.03  
448     	-25.04  
448.4   	-25.07  
448.8   	-25.11  
449.2   	-25.1   
449.6   	-25.1   
450     	-25.12  
450.4   	-25.18  
450.8   	-25.25  
451.2   	-25.31  
451.6   	-25.34  
452     	-25.33  
452.4   	-25.32  
452.8   	-25.37  
453.2   	-25.41  
453.6   	-25.43  
454     	-25.32  
454.4   	-25.15  
454.8   	-25.05  
455.2   	-24.92  
455.6   	-24.81  
456     	-24.75  
456.4   	-24.69  
456.8   	-24.62  
457.2   	-24.54  
457.6   	-24.47  
458     	-24.43  
458.4   	-24.4   
458.8   	-24.36  
459.2   	-24.34  
459.6   	-24.42  
460     	-24.54  
460.4   	-24.63  
460.8   	-24.67  
461.2   	-24.74  
461.6   	-24.78  
462     	-24.75  
462.4   	-24.72  
462.8   	-24.71  
463.2   	-24.76  
463.6   	-24.77  
464     	-24.71  
464.4   	-24.7   
464.8   	-24.74  
465.2   	-24.76  
465.6   	-24.78  
466     	-24.83  
466.4   	-24.89  
466.8   	-24.89  
467.2   	-24.83  
467.6   	-24.8   
468     	-24.85  
468.4   	-24.92  
468.8   	-24.98  
469.2   	-25.06  
469.6   	-25.16  
470     	-25.27  
470.4   	-25.34  
470.8   	-25.34  
471.2   	-25.32  
471.6   	-25.29  
472     	-25.27  
472.4   	-25.19  
472.8   	-25.12  
473.2   	-25.08  
473.6   	-25.08  
474     	-25.09  
474.4   	-25.08  
474.8   	-25.01  
475.2   	-24.96  
475.6   	-24.89  
476     	-24.78  
476.4   	-24.69  
476.8   	-24.64  
477.2   	-24.63  
477.6   	-24.64  
478     	-24.69  
478.4   	-24.73  
478.8   	-24.75  
479.2   	-24.75  
479.6   	-24.76  
480     	-24.78  
480.4   	-24.84  
480.8   	-24.84  
481.2   	-24.79  
481.6   	-24.71  
482     	-24.67  
482.4   	-24.61  
482.8   	-24.55  
483.2   	-24.43  
483.6   	-24.39  
484     	-24.32  
484.4   	-24.27  
484.8   	-24.26  
485.2   	-24.23  
485.6   	-24.21  
486     	-24.25  
486.4   	-24.32  
486.8   	-24.33  
487.2   	-24.3   
487.6   	-24.28  
488     	-24.28  
488.4   	-24.28  
488.8   	-24.29  
489.2   	-24.33  
489.6   	-24.37  
490     	-24.48  
490.4   	-24.55  
490.8   	-24.58  
491.2   	-24.57  
491.6   	-24.56  
492     	-24.58  
492.4   	-24.62  
492.8   	-24.61  
493.2   	-24.59  
493.6   	-24.57  
494     	-24.63  
494.4   	-24.67  
494.8   	-24.63  
495.2   	-24.64  
495.6   	-24.69  
496     	-24.77  
496.4   	-24.86  
496.8   	-24.98  
497.2   	-25.07  
497.6   	-25.15  
498     	-25.24  
498.4   	-25.27  
498.8   	-25.27  
499.2   	-25.25  
499.6   	-25.19  
500     	-25.2   
500.4   	-25.2   
500.8   	-25.19  
501.2   	-25.22  
501.6   	-25.22  
502     	-25.13  
502.4   	-25.09  
502.8   	-25.05  
503.2   	-25.03  
503.6   	-25     
504     	-24.99  
504.4   	-24.96  
504.8   	-24.97  
505.2   	-24.96  
505.6   	-24.95  
506     	-24.98  
506.4   	-25.01  
506.8   	-25.05  
507.2   	-25.07  
507.6   	-25.03  
508     	-24.98  
508.4   	-24.83  
508.8   	-24.75  
509.2   	-24.63  
509.6   	-24.54  
510     	-24.5   
510.4   	-24.49  
510.8   	-24.45  
511.2   	-24.39  
511.6   	-24.38  
512     	-24.38  
512.4   	-24.39  
512.8   	-24.44  
513.2   	-24.48  
513.6   	-24.51  
514     	-24.55  
514.4   	-24.53  
514.8   	-24.5   
515.2   	-24.44  
515.6   	-24.33  
516     	-24.2   
516.4   	-24.14  
516.8   	-24.17  
517.2   	-24.26  
517.6   	-24.31  
518     	-24.35  
518.4   	-24.43  
518.8   	-24.52  
519.2   	-24.57  
519.6   	-24.57  
520     	-24.57  
520.4   	-24.57  
520.8   	-24.55  
521.2   	-24.51  
521.6   	-24.4   
522     	-24.32  
522.4   	-24.27  
522.8   	-24.24  
523.2   	-24.27  
523.6   	-24.22  
524     	-24.14  
524.4   	-24.08  
524.8   	-24.1   
525.2   	-24.19  
525.6   	-24.27  
526     	-24.34  
526.4   	-24.41  
526.8   	-24.47  
527.2   	-24.55  
527.6   	-24.56  
528     	-24.6   
528.4   	-24.6   
528.8   	-24.63  
529.2   	-24.64  
529.6   	-24.68  
530     	-24.67  
530.4   	-24.71  
530.8   	-24.77  
531.2   	-24.81  
531.6   	-24.8   
532     	-24.8   
532.4   	-24.77  
532.8   	-24.73  
533.2   	-24.75  
533.6   	-24.78  
534     	-24.87  
534.4   	-24.94  
534.8   	-25.02  
535.2   	-25.1   
535.6   	-25.22  
536     	-25.33  
536.4   	-25.37  
536.8   	-25.41  
537.2   	-25.42  
537.6   	-25.44  
538     	-25.37  
538.4   	-25.29  
538.8   	-25.23  
539.2   	-25.22  
539.6   	-25.23  
540     	-25.29  
540.4   	-25.41  
540.8   	-25.53  
541.2   	-25.56  
541.6   	-25.5   
542     	-25.41  
542.4   	-25.37  
542.8   	-25.36  
543.2   	-25.39  
543.6   	-25.42  
544     	-25.42  
544.4   	-25.37  
544.8   	-25.32  
545.2   	-25.33  
545.6   	-25.38  
546     	-25.48  
546.4   	-25.53  
546.8   	-25.57  
547.2   	-25.49  
547.6   	-25.39  
548     	-25.24  
548.4   	-25.15  
548.8   	-25.1   
549.2   	-25.09  
549.6   	-25.09  
550     	-25.09  
550.4   	-25.13  
550.8   	-25.13  
551.2   	-25.1   
551.6   	-25.1   
552     	-25.07  
552.4   	-25.06  
552.8   	-25.05  
553.2   	-25.07  
553.6   	-25.05  
554     	-24.93  
554.4   	-24.78  
554.8   	-24.62  
555.2   	-24.52  
555.6   	-24.48  
556     	-24.48  
556.4   	-24.52  
556.8   	-24.55  
557.2   	-24.59  
557.6   	-24.65  
558     	-24.7   
558.4   	-24.76  
558.8   	-24.83  
559.2   	-24.94  
559.6   	-25.09  
560     	-25.24  
560.4   	-25.36  
560.8   	-25.47  
561.2   	-25.54  
561.6   	-25.57  
562     	-25.61  
562.4   	-25.64  
562.8   	-25.61  
563.2   	-25.56  
563.6   	-25.54  
564     	-25.59  
564.4   	-25.58  
564.8   	-25.57  
565.2   	-25.58  
565.6   	-25.56  
566     	-25.52  
566.4   	-25.43  
566.8   	-25.35  
567.2   	-25.31  
567.6   	-25.29  
568     	-25.26  
568.4   	-25.2   
568.8   	-25.17  
569.2   	-25.14  
569.6   	-25.11  
570     	-25.04  
570.4   	-25.01  
570.8   	-25.02  
571.2   	-25.06  
571.6   	-25.08  
572     	-25.11  
572.4   	-25.16  
572.8   	-25.21  
573.2   	-25.27  
573.6   	-25.31  
574     	-25.33  
574.4   	-25.35  
574.8   	-25.36  
575.2   	-25.31  
575.6   	-25.19  
576     	-25.09  
576.4   	-25.01  
576.8   	-24.98  
577.2   	-24.96  
577.6   	-24.92  
578     	-24.9   
578.4   	-24.94  
578.8   	-25     
579.2   	-25.07  
579.6   	-25.14  
580     	-25.19  
580.4   	-25.27  
580.8   	-25.37  
581.2   	-25.41  
581.6   	-25.35  
582     	-25.33  
582.4   	-25.31  
582.8   	-25.28  
583.2   	-25.25  
583.6   	-25.26  
584     	-25.23  
584.4   	-25.14  
584.8   	-25.09  
585.2   	-25.05  
585.6   	-25.03  
586     	-25.04  
586.4   	-25.05  
586.8   	-25.05  
587.2   	-25.06  
587.6   	-25.08  
588     	-25.06  
588.4   	-25.07  
588.8   	-25.1   
589.2   	-25.1   
589.6   	-25.07  
590     	-25.08  
590.4   	-25.08  
590.8   	-25.05  
591.2   	-24.99  
591.6   	-24.91  
592     	-24.87  
592.4   	-24.84  
592.8   	-24.83  
593.2   	-24.84  
593.6   	-24.87  
594     	-24.79  
594.4   	-24.73  
594.8   	-24.69  
595.2   	-24.71  
595.6   	-24.71  
596     	-24.67  
596.4   	-24.62  
596.8   	-24.62  
597.2   	-24.59  
597.6   	-24.59  
598     	-24.65  
598.4   	-24.76  
598.8   	-24.88  
599.2   	-24.95  
599.6   	-25.01  
600     	-25.02  
600.4   	-24.98  
600.8   	-24.9   
601.2   	-24.84  
601.6   	-24.81  
602     	-24.79  
602.4   	-24.75  
602.8   	-24.72  
603.2   	-24.74  
603.6   	-24.7   
604     	-24.65  
604.4   	-24.62  
604.8   	-24.64  
605.2   	-24.65  
605.6   	-24.65  
606     	-24.73  
606.4   	-24.79  
606.8   	-24.78  
607.2   	-24.78  
607.6   	-24.82  
608     	-24.93  
608.4   	-25.05  
608.8   	-25.2   
609.2   	-25.35  
609.6   	-25.45  
610     	-25.49  
610.4   	-25.5   
610.8   	-25.52  
611.2   	-25.49  
611.6   	-25.37  
612     	-25.21  
612.4   	-25.04  
612.8   	-24.91  
613.2   	-24.8   
613.6   	-24.73  
614     	-24.67  
614.4   	-24.65  
614.8   	-24.61  
615.2   	-24.53  
615.6   	-24.53  
616     	-24.55  
616.4   	-24.56  
616.8   	-24.61  
617.2   	-24.72  
617.6   	-24.85  
618     	-24.92  
618.4   	-25.02  
618.8   	-25.09  
619.2   	-25.2   
619.6   	-25.33  
620     	-25.47  
620.4   	-25.54  
620.8   	-25.53  
621.2   	-25.56  
621.6   	-25.61  
622     	-25.63  
622.4   	-25.63  
622.8   	-25.59  
623.2   	-25.57  
623.6   	-25.62  
624     	-25.63  
624.4   	-25.61  
624.8   	-25.59  
625.2   	-25.6   
625.6   	-25.55  
626     	-25.48  
626.4   	-25.41  
626.8   	-25.31  
627.2   	-25.26  
627.6   	-25.22  
628     	-25.18  
628.4   	-25.15  
628.8   	-25.16  
629.2   	-25.15  
629.6   	-25.11  
630     	-25.06  
630.4   	-25.03  
630.8   	-25.06  
631.2   	-25.11  
631.6   	-25.19  
632     	-25.23  
632.4   	-25.2   
632.8   	-25.21  
633.2   	-25.3   
633.6   	-25.31  
634     	-25.21  
634.4   	-25.18  
634.8   	-25.24  
635.2   	-25.3   
635.6   	-25.33  
636     	-25.35  
636.4   	-25.39  
636.8   	-25.41  
637.2   	-25.37  
637.6   	-25.31  
638     	-25.24  
638.4   	-25.17  
638.8   	-25.06  
639.2   	-24.97  
639.6   	-24.88  
640     	-24.84  
640.4   	-24.86  
640.8   	-24.93  
641.2   	-24.97  
641.6   	-25.02  
642     	-25.03  
642.4   	-25.02  
642.8   	-24.95  
643.2   	-24.91  
643.6   	-24.9   
644     	-24.93  
644.4   	-25.03  
644.8   	-25.11  
645.2   	-25.13  
645.6   	-25.13  
646     	-25.12  
646.4   	-25.13  
646.8   	-25.13  
647.2   	-25.08  
647.6   	-25.08  
648     	-25.09  
648.4   	-25.07  
648.8   	-25     
649.2   	-24.98  
649.6   	-24.94  
650     	-24.89  
650.4   	-24.89  
650.8   	-24.9   
651.2   	-24.97  
651.6   	-25.07  
652     	-25.18  
652.4   	-25.31  
652.8   	-25.37  
653.2   	-25.42  
653.6   	-25.41  
654     	-25.36  
654.4   	-25.36  
654.8   	-25.36  
655.2   	-25.28  
655.6   	-25.25  
656     	-25.22  
656.4   	-25.22  
656.8   	-25.23  
657.2   	-25.2   
657.6   	-25.15  
658     	-25.04  
658.4   	-24.93  
658.8   	-24.86  
659.2   	-24.86  
659.6   	-24.92  
660     	-25.03  
660.4   	-25.13  
660.8   	-25.19  
661.2   	-25.2   
661.6   	-25.21  
662     	-25.22  
662.4   	-25.24  
662.8   	-25.25  
663.2   	-25.23  
663.6   	-25.2   
664     	-25.12  
664.4   	-25.07  
664.8   	-25.07  
665.2   	-25.13  
665.6   	-25.21  
666     	-25.3   
666.4   	-25.38  
666.8   	-25.37  
667.2   	-25.22  
667.6   	-25.03  
668     	-24.88  
668.4   	-24.77  
668.8   	-24.74  
669.2   	-24.75  
669.6   	-24.77  
670     	-24.78  
670.4   	-24.8   
670.8   	-24.88  
671.2   	-24.91  
671.6   	-24.92  
672     	-24.95  
672.4   	-24.96  
672.8   	-24.97  
673.2   	-24.98  
673.6   	-25     
674     	-25.05  
674.4   	-25.14  
674.8   	-25.21  
675.2   	-25.23  
675.6   	-25.22  
676     	-25.24  
676.4   	-25.29  
676.8   	-25.33  
677.2   	-25.33  
677.6   	-25.33  
678     	-25.24  
678.4   	-25.16  
678.8   	-25.1   
679.2   	-25.02  
679.6   	-24.93  
680     	-24.88  
680.4   	-24.84  
680.8   	-24.86  
681.2   	-24.89  
681.6   	-24.91  
682     	-24.93  
682.4   	-24.96  
682.8   	-25.01  
683.2   	-25.04  
683.6   	-25.06  
684     	-25.06  
684.4   	-25.08  
684.8   	-25.12  
685.2   	-25.18  
685.6   	-25.23  
686     	-25.25  
686.4   	-25.17  
686.8   	-25.09  
687.2   	-25.08  
687.6   	-25.06  
688     	-25.08  
688.4   	-25.1   
688.8   	-25.06  
689.2   	-25     
689.6   	-25.01  
690     	-24.99  
690.4   	-24.84  
690.8   	-24.62  
691.2   	-24.5   
691.6   	-24.36  
692     	-24.23  
692.4   	-24.19  
692.8   	-24.19  
693.2   	-24.25  
693.6   	-24.37  
694     	-24.49  
694.4   	-24.6   
694.8   	-24.7   
695.2   	-24.83  
695.6   	-24.92  
696     	-24.94  
696.4   	-25.02  
696.8   	-25.1   
697.2   	-25.12  
697.6   	-25.14  
698     	-25.22  
698.4   	-25.32  
698.8   	-25.4   
699.2   	-25.43  
699.6   	-25.46  
700     	-25.42  
700.4   	-25.36  
700.8   	-25.27  
701.2   	-25.15  
701.6   	-25.03  
702     	-24.92  
702.4   	-24.84  
702.8   	-24.81  
703.2   	-24.86  
703.6   	-24.97  
704     	-25.07  
704.4   	-25.2   
704.8   	-25.35  
705.2   	-25.47  
705.6   	-25.47  
706     	-25.45  
706.4   	-25.42  
706.8   	-25.34  
707.2   	-25.2   
707.6   	-25.1   
708     	-25.09  
708.4   	-25.06  
708.8   	-25.09  
709.2   	-25.15  
709.6   	-25.18  
710     	-25.21  
710.4   	-25.19  
710.8   	-25.17  
711.2   	-25.18  
711.6   	-25.19  
712     	-25.23  
712.4   	-25.28  
712.8   	-25.32  
713.2   	-25.32  
713.6   	-25.33  
714     	-25.31  
714.4   	-25.22  
714.8   	-25.12  
715.2   	-24.97  
715.6   	-24.81  
716     	-24.7   
716.4   	-24.65  
716.8   	-24.64  
717.2   	-24.64  
717.6   	-24.67  
718     	-24.75  
718.4   	-24.88  
718.8   	-24.97  
719.2   	-25.08  
719.6   	-25.14  
720     	-25.21  
720.4   	-25.28  
720.8   	-25.31  
721.2   	-25.29  
721.6   	-25.23  
722     	-25.18  
722.4   	-25.11  
722.8   	-25.02  
723.2   	-24.98  
723.6   	-24.98  
724     	-25     
724.4   	-25     
724.8   	-24.98  
725.2   	-25     
725.6   	-24.94  
726     	-24.85  
726.4   	-24.83  
726.8   	-24.85  
727.2   	-24.86  
727.6   	-24.78  
728     	-24.75  
728.4   	-24.71  
728.8   	-24.75  
729.2   	-24.79  
729.6   	-24.81  
730     	-24.81  
730.4   	-24.82  
730.8   	-24.78  
731.2   	-24.75  
731.6   	-24.77  
732     	-24.76  
732.4   	-24.65  
732.8   	-24.56  
733.2   	-24.51  
733.6   	-24.53  
734     	-24.56  
734.4   	-24.57  
734.8   	-24.58  
735.2   	-24.61  
735.6   	-24.66  
736     	-24.7   
736.4   	-24.74  
736.8   	-24.75  
737.2   	-24.73  
737.6   	-24.72  
738     	-24.71  
738.4   	-24.67  
738.8   	-24.72  
739.2   	-24.78  
739.6   	-24.85  
740     	-24.9   
740.4   	-24.96  
740.8   	-25.06  
741.2   	-25.15  
741.6   	-25.19  
742     	-25.13  
742.4   	-25.05  
742.8   	-24.97  
743.2   	-24.9   
743.6   	-24.82  
744     	-24.78  
744.4   	-24.71  
744.8   	-24.66  
745.2   	-24.64  
745.6   	-24.64  
746     	-24.6   
746.4   	-24.58  
746.8   	-24.64  
747.2   	-24.75  
747.6   	-24.87  
748     	-24.95  
748.4   	-24.98  
748.8   	-24.92  
749.2   	-24.88  
749.6   	-24.82  
750     	-24.85  
750.4   	-24.91  
750.8   	-24.95  
751.2   	-25.01  
751.6   	-25.09  
752     	-25.13  
752.4   	-25.19  
752.8   	-25.21  
753.2   	-25.19  
753.6   	-25.11  
754     	-25.04  
754.4   	-25     
754.8   	-25     
755.2   	-25.06  
755.6   	-25.09  
756     	-25.08  
756.4   	-25.11  
756.8   	-25.1   
757.2   	-25.12  
757.6   	-25.11  
758     	-25.05  
758.4   	-25.01  
758.8   	-25     
759.2   	-25.01  
759.6   	-24.97  
760     	-24.86  
760.4   	-24.78  
760.8   	-24.74  
761.2   	-24.72  
761.6   	-24.62  
762     	-24.51  
762.4   	-24.48  
762.8   	-24.41  
763.2   	-24.34  
763.6   	-24.22  
764     	-24.18  
764.4   	-24.18  
764.8   	-24.24  
765.2   	-24.32  
765.6   	-24.4   
766     	-24.47  
766.4   	-24.5   
766.8   	-24.55  
767.2   	-24.57  
767.6   	-24.56  
768     	-24.54  
768.4   	-24.51  
768.8   	-24.51  
769.2   	-24.52  
769.6   	-24.52  
770     	-24.51  
770.4   	-24.55  
770.8   	-24.63  
771.2   	-24.69  
771.6   	-24.73  
772     	-24.74  
772.4   	-24.8   
772.8   	-24.84  
773.2   	-24.83  
773.6   	-24.84  
774     	-24.82  
774.4   	-24.81  
774.8   	-24.82  
775.2   	-24.9   
775.6   	-25.02  
776     	-25.1   
776.4   	-25.17  
776.8   	-25.18  
777.2   	-25.15  
777.6   	-25.17  
778     	-25.26  
778.4   	-25.36  
778.8   	-25.4   
779.2   	-25.4   
779.6   	-25.37  
780     	-25.37  
780.4   	-25.35  
780.8   	-25.27  
781.2   	-25.25  
781.6   	-25.28  
782     	-25.34  
782.4   	-25.46  
782.8   	-25.55  
783.2   	-25.67  
783.6   	-25.78  
784     	-25.85  
784.4   	-25.88  
784.8   	-25.8   
785.2   	-25.62  
785.6   	-25.45  
786     	-25.32  
786.4   	-25.22  
786.8   	-25.14  
787.2   	-25.12  
787.6   	-25.13  
788     	-25.16  
788.4   	-25.18  
788.8   	-25.15  
789.2   	-25.14  
789.6   	-25.08  
790     	-25.03  
790.4   	-24.99  
790.8   	-25.01  
791.2   	-25.03  
791.6   	-25.09  
792     	-25.18  
792.4   	-25.22  
792.8   	-25.25  
793.2   	-25.28  
793.6   	-25.29  
794     	-25.25  
794.4   	-25.22  
794.8   	-25.25  
795.2   	-25.31  
795.6   	-25.37  
796     	-25.4   
796.4   	-25.42  
796.8   	-25.45  
797.2   	-25.46  
797.6   	-25.49  
798     	-25.49  
798.4   	-25.5   
798.8   	-25.48  
799.2   	-25.47  
799.6   	-25.43  
800     	-25.45  
800.4   	-25.45  
800.8   	-25.42  
801.2   	-25.38  
801.6   	-25.36  
802     	-25.4   
802.4   	-25.41  
802.8   	-25.38  
803.2   	-25.36  
803.6   	-25.3   
804     	-25.22  
804.4   	-25.16  
804.8   	-25.17  
805.2   	-25.18  
805.6   	-25.16  
806     	-25.15  
806.4   	-25.2   
806.8   	-25.28  
807.2   	-25.35  
807.6   	-25.38  
808     	-25.37  
808.4   	-25.44  
808.8   	-25.5   
809.2   	-25.53  
809.6   	-25.54  
810     	-25.5   
810.4   	-25.37  
810.8   	-25.23  
811.2   	-25.19  
811.6   	-25.18  
812     	-25.17  
812.4   	-25.14  
812.8   	-25.12  
813.2   	-25.09  
813.6   	-25.11  
814     	-25.1   
814.4   	-25.09  
814.8   	-25.09  
815.2   	-25.08  
815.6   	-25.12  
816     	-25.12  
816.4   	-25.12  
816.8   	-25.1   
817.2   	-25.1   
817.6   	-25.18  
818     	-25.26  
818.4   	-25.25  
818.8   	-25.23  
819.2   	-25.18  
819.6   	-25.08  
820     	-24.96  
820.4   	-24.84  
820.8   	-24.74  
821.2   	-24.63  
821.6   	-24.57  
822     	-24.53  
822.4   	-24.44  
822.8   	-24.31  
823.2   	-24.28  
823.6   	-24.29  
824     	-24.3   
824.4   	-24.3   
824.8   	-24.29  
825.2   	-24.32  
825.6   	-24.41  
826     	-24.52  
826.4   	-24.6   
826.8   	-24.63  
827.2   	-24.62  
827.6   	-24.61  
828     	-24.56  
828.4   	-24.52  
828.8   	-24.46  
829.2   	-24.43  
829.6   	-24.36  
830     	-24.3   
830.4   	-24.31  
830.8   	-24.31  
831.2   	-24.29  
831.6   	-24.29  
832     	-24.34  
832.4   	-24.39  
832.8   	-24.42  
833.2   	-24.47  
833.6   	-24.56  
834     	-24.66  
834.4   	-24.68  
834.8   	-24.63  
835.2   	-24.58  
835.6   	-24.56  
836     	-24.5   
836.4   	-24.47  
836.8   	-24.49  
837.2   	-24.55  
837.6   	-24.68  
838     	-24.76  
838.4   	-24.83  
838.8   	-24.92  
839.2   	-25     
839.6   	-25.12  
840     	-25.23  
840.4   	-25.3   
840.8   	-25.36  
841.2   	-25.45  
841.6   	-25.55  
842     	-25.62  
842.4   	-25.69  
842.8   	-25.71  
843.2   	-25.68  
843.6   	-25.64  
844     	-25.6   
844.4   	-25.56  
844.8   	-25.55  
845.2   	-25.54  
845.6   	-25.57  
846     	-25.57  
846.4   	-25.49  
846.8   	-25.43  
847.2   	-25.39  
847.6   	-25.41  
848     	-25.42  
848.4   	-25.4   
848.8   	-25.36  
849.2   	-25.36  
849.6   	-25.38  
850     	-25.32  
850.4   	-25.27  
850.8   	-25.25  
851.2   	-25.29  
851.6   	-25.31  
852     	-25.35  
852.4   	-25.43  
852.8   	-25.49  
853.2   	-25.52  
853.6   	-25.53  
854     	-25.52  
854.4   	-25.51  
854.8   	-25.52  
855.2   	-25.57  
855.6   	-25.58  
856     	-25.55  
856.4   	-25.54  
856.8   	-25.58  
857.2   	-25.58  
857.6   	-25.48  
858     	-25.4   
858.4   	-25.36  
858.8   	-25.3   
859.2   	-25.26  
859.6   	-25.26  
860     	-25.3   
860.4   	-25.37  
860.8   	-25.4   
861.2   	-25.41  
861.6   	-25.45  
862     	-25.49  
862.4   	-25.49  
862.8   	-25.47  
863.2   	-25.51  
863.6   	-25.59  
864     	-25.67  
864.4   	-25.76  
864.8   	-25.79  
865.2   	-25.75  
865.6   	-25.66  
866     	-25.56  
866.4   	-25.5   
866.8   	-25.4   
867.2   	-25.31  
867.6   	-25.3   
868     	-25.29  
868.4   	-25.24  
868.8   	-25.19  
869.2   	-25.16  
869.6   	-25.02  
870     	-24.95  
870.4   	-24.93  
870.8   	-24.91  
871.2   	-24.86  
871.6   	-24.8   
872     	-24.71  
872.4   	-24.69  
872.8   	-24.73  
873.2   	-24.76  
873.6   	-24.75  
874     	-24.77  
874.4   	-24.82  
874.8   	-24.9   
875.2   	-25     
875.6   	-25.11  
876     	-25.23  
876.4   	-25.29  
876.8   	-25.36  
877.2   	-25.34  
877.6   	-25.26  
878     	-25.17  
878.4   	-25.12  
878.8   	-25.15  
879.2   	-25.13  
879.6   	-25.08  
880     	-24.99  
880.4   	-24.86  
880.8   	-24.74  
881.2   	-24.7   
881.6   	-24.65  
882     	-24.62  
882.4   	-24.65  
882.8   	-24.71  
883.2   	-24.69  
883.6   	-24.6   
884     	-24.49  
884.4   	-24.39  
884.8   	-24.33  
885.2   	-24.34  
885.6   	-24.32  
886     	-24.28  
886.4   	-24.28  
886.8   	-24.3   
887.2   	-24.32  
887.6   	-24.39  
888     	-24.48  
888.4   	-24.57  
888.8   	-24.64  
889.2   	-24.7   
889.6   	-24.73  
890     	-24.75  
890.4   	-24.78  
890.8   	-24.82  
891.2   	-24.89  
891.6   	-24.9   
892     	-24.9   
892.4   	-24.93  
892.8   	-24.95  
893.2   	-24.95  
893.6   	-24.97  
894     	-25     
894.4   	-25.03  
894.8   	-25.03  
895.2   	-25.03  
895.6   	-25.01  
896     	-24.96  
896.4   	-24.87  
896.8   	-24.81  
897.2   	-24.78  
897.6   	-24.72  
898     	-24.73  
898.4   	-24.79  
898.8   	-24.84  
899.2   	-24.86  
899.6   	-24.88  
900     	-24.86  
900.4   	-24.74  
900.8   	-24.65  
901.2   	-24.56  
901.6   	-24.52  
902     	-24.54  
902.4   	-24.61  
902.8   	-24.72  
903.2   	-24.74  
903.6   	-24.75  
904     	-24.69  
904.4   	-24.59  
904.8   	-24.45  
905.2   	-24.36  
905.6   	-24.3   
906     	-24.31  
906.4   	-24.38  
906.8   	-24.43  
907.2   	-24.44  
907.6   	-24.43  
908     	-24.45  
908.4   	-24.45  
908.8   	-24.45  
909.2   	-24.44  
909.6   	-24.45  
910     	-24.44  
910.4   	-24.47  
910.8   	-24.49  
911.2   	-24.59  
911.6   	-24.67  
912     	-24.74  
912.4   	-24.79  
912.8   	-24.86  
913.2   	-24.9   
913.6   	-24.94  
914     	-25.03  
914.4   	-25.13  
914.8   	-25.13  
915.2   	-25.1   
915.6   	-25.12  
916     	-25.07  
916.4   	-25.04  
916.8   	-25.02  
917.2   	-24.93  
917.6   	-24.88  
918     	-24.83  
918.4   	-24.75  
918.8   	-24.7   
919.2   	-24.67  
919.6   	-24.68  
920     	-24.72  
920.4   	-24.74  
920.8   	-24.73  
921.2   	-24.72  
921.6   	-24.67  
922     	-24.67  
922.4   	-24.72  
922.8   	-24.75  
923.2   	-24.71  
923.6   	-24.73  
924     	-24.76  
924.4   	-24.8   
924.8   	-24.82  
925.2   	-24.86  
925.6   	-24.93  
926     	-25.04  
926.4   	-25.1   
926.8   	-25.13  
927.2   	-25.14  
927.6   	-25.09  
928     	-24.99  
928.4   	-25     
928.8   	-24.98  
929.2   	-24.89  
929.6   	-24.79  
930     	-24.74  
930.4   	-24.7   
930.8   	-24.66  
931.2   	-24.63  
931.6   	-24.64  
932     	-24.68  
932.4   	-24.71  
932.8   	-24.75  
933.2   	-24.83  
933.6   	-24.83  
934     	-24.74  
934.4   	-24.67  
934.8   	-24.62  
935.2   	-24.63  
935.6   	-24.7   
936     	-24.76  
936.4   	-24.84  
936.8   	-24.93  
937.2   	-25.02  
937.6   	-25.11  
938     	-25.19  
938.4   	-25.23  
938.8   	-25.28  
939.2   	-25.31  
939.6   	-25.33  
940     	-25.35  
940.4   	-25.37  
940.8   	-25.42  
941.2   	-25.45  
941.6   	-25.46  
942     	-25.47  
942.4   	-25.43  
942.8   	-25.37  
943.2   	-25.28  
943.6   	-25.22  
944     	-25.19  
944.4   	-25.22  
944.8   	-25.29  
945.2   	-25.38  
945.6   	-25.44  
946     	-25.43  
946.4   	-25.41  
946.8   	-25.38  
947.2   	-25.27  
947.6   	-25.19  
948     	-25.18  
948.4   	-25.12  
948.8   	-25.04  
949.2   	-24.96  
949.6   	-24.91  
950     	-24.85  
950.4   	-24.84  
950.8   	-24.88  
951.2   	-24.88  
951.6   	-24.82  
952     	-24.72  
952.4   	-24.65  
952.8   	-24.56  
953.2   	-24.52  
953.6   	-24.5   
954     	-24.5   
954.4   	-24.54  
954.8   	-24.61  
955.2   	-24.67  
955.6   	-24.71  
956     	-24.73  
956.4   	-24.67  
956.8   	-24.64  
957.2   	-24.69  
957.6   	-24.75  
958     	-24.82  
958.4   	-24.82  
958.8   	-24.85  
959.2   	-24.91  
959.6   	-24.89  
960     	-24.88  
960.4   	-24.87  
960.8   	-24.87  
961.2   	-24.92  
961.6   	-24.99  
962     	-24.95  
962.4   	-24.92  
962.8   	-24.89  
963.2   	-24.84  
963.6   	-24.77  
964     	-24.77  
964.4   	-24.81  
964.8   	-24.82  
965.2   	-24.81  
965.6   	-24.79  
966     	-24.76  
966.4   	-24.75  
966.8   	-24.77  
967.2   	-24.8   
967.6   	-24.78  
968     	-24.76  
968.4   	-24.69  
968.8   	-24.63  
969.2   	-24.61  
969.6   	-24.54  
970     	-24.54  
970.4   	-24.51  
970.8   	-24.52  
971.2   	-24.56  
971.6   	-24.58  
972     	-24.52  
972.4   	-24.55  
972.8   	-24.59  
973.2   	-24.55  
973.6   	-24.54  
974     	-24.55  
974.4   	-24.57  
974.8   	-24.57  
975.2   	-24.58  
975.6   	-24.61  
976     	-24.7   
976.4   	-24.8   
976.8   	-24.89  
977.2   	-24.92  
977.6   	-24.96  
978     	-25.02  
978.4   	-25.05  
978.8   	-25.08  
979.2   	-25.09  
979.6   	-25.09  
980     	-25.09  
980.4   	-25.05  
980.8   	-24.99  
981.2   	-24.94  
981.6   	-24.9   
982     	-24.9   
982.4   	-24.92  
982.8   	-24.91  
983.2   	-24.92  
983.6   	-24.96  
984     	-25.04  
984.4   	-25.1   
984.8   	-25.16  
985.2   	-25.22  
985.6   	-25.25  
986     	-25.24  
986.4   	-25.2   
986.8   	-25.23  
987.2   	-25.26  
987.6   	-25.28  
988     	-25.27  
988.4   	-25.24  
988.8   	-25.2   
989.2   	-25.08  
989.6   	-24.87  
990     	-24.73  
990.4   	-24.64  
990.8   	-24.56  
991.2   	-24.42  
991.6   	-24.33  
992     	-24.28  
992.4   	-24.28  
992.8   	-24.31  
993.2   	-24.33  
993.6   	-24.39  
994     	-24.44  
994.4   	-24.41  
994.8   	-24.44  
995.2   	-24.49  
995.6   	-24.5   
996     	-24.48  
996.4   	-24.49  
996.8   	-24.46  
997.2   	-24.42  
997.6   	-24.43  
998     	-24.45  
998.4   	-24.49  
998.8   	-24.53  
999.2   	-24.57  
999.6   	-24.6   
