
SWEPT_VAR_1 = 15.0    // Syn: Source PP \ NetStim \ PARAMETER \ interval (ms)

t	s.v( 0.05 )
ms	mV
0       	-64.65  
0.4     	-65.51  
0.8     	-66.35  
1.2     	-67.15  
1.6     	-67.92  
2       	-68.66  
2.4     	-69.18  
2.8     	-68.62  
3.2     	-66.73  
3.6     	-63.76  
4       	-60.05  
4.4     	-55.72  
4.8     	-47.67  
5.2     	27.52   
5.6     	41.52   
6       	27.06   
6.4     	9.8     
6.8     	-6.878  
7.2     	-22.44  
7.6     	-37.37  
8       	-48.31  
8.4     	-54.43  
8.8     	-56.79  
9.2     	-56.95  
9.6     	-56.27  
10      	-54.92  
10.4    	-53.3   
10.8    	-51.4   
11.2    	-48.88  
11.6    	-43.71  
12      	-19.76  
12.4    	23.06   
12.8    	17.07   
13.2    	3.923   
13.6    	-8.422  
14      	-19.23  
14.4    	-29.01  
14.8    	-36.3   
15.2    	-40.35  
15.6    	-42.33  
16      	-43     
16.4    	-42.57  
16.8    	-41.32  
17.2    	-39.07  
17.6    	-35.52  
18      	-29.88  
18.4    	-23.15  
18.8    	-18.78  
19.2    	-17.5   
19.6    	-18.86  
20      	-21.64  
20.4    	-24.75  
20.8    	-27.4   
21.2    	-29.25  
21.6    	-30.26  
22      	-30.49  
22.4    	-30.12  
22.8    	-29.45  
23.2    	-28.61  
23.6    	-27.72  
24      	-26.88  
24.4    	-26.16  
24.8    	-25.68  
25.2    	-25.36  
25.6    	-25.18  
26      	-25.15  
26.4    	-25.24  
26.8    	-25.29  
27.2    	-25.16  
27.6    	-24.99  
28      	-24.82  
28.4    	-24.62  
28.8    	-24.32  
29.2    	-23.99  
29.6    	-23.64  
30      	-23.33  
30.4    	-23.05  
30.8    	-22.84  
31.2    	-22.68  
31.6    	-22.5   
32      	-22.36  
32.4    	-22.28  
32.8    	-22.21  
33.2    	-22.04  
33.6    	-21.79  
34      	-21.59  
34.4    	-21.37  
34.8    	-21.3   
35.2    	-21.24  
35.6    	-21.12  
36      	-20.99  
36.4    	-20.84  
36.8    	-20.69  
37.2    	-20.6   
37.6    	-20.49  
38      	-20.31  
38.4    	-20.14  
38.8    	-20.01  
39.2    	-19.92  
39.6    	-19.84  
40      	-19.79  
40.4    	-19.65  
40.8    	-19.52  
41.2    	-19.43  
41.6    	-19.33  
42      	-19.22  
42.4    	-19.09  
42.8    	-19     
43.2    	-18.91  
43.6    	-18.78  
44      	-18.71  
44.4    	-18.66  
44.8    	-18.58  
45.2    	-18.51  
45.6    	-18.48  
46      	-18.5   
46.4    	-18.53  
46.8    	-18.57  
47.2    	-18.62  
47.6    	-18.67  
48      	-18.72  
48.4    	-18.72  
48.8    	-18.74  
49.2    	-18.8   
49.6    	-18.91  
50      	-19.03  
50.4    	-19.12  
50.8    	-19.15  
51.2    	-19.17  
51.6    	-19.19  
52      	-19.21  
52.4    	-19.23  
52.8    	-19.27  
53.2    	-19.29  
53.6    	-19.27  
54      	-19.3   
54.4    	-19.41  
54.8    	-19.57  
55.2    	-19.71  
55.6    	-19.7   
56      	-19.67  
56.4    	-19.72  
56.8    	-19.7   
57.2    	-19.62  
57.6    	-19.56  
58      	-19.52  
58.4    	-19.54  
58.8    	-19.5   
59.2    	-19.52  
59.6    	-19.54  
60      	-19.56  
60.4    	-19.61  
60.8    	-19.66  
61.2    	-19.7   
61.6    	-19.73  
62      	-19.72  
62.4    	-19.74  
62.8    	-19.75  
63.2    	-19.73  
63.6    	-19.69  
64      	-19.73  
64.4    	-19.73  
64.8    	-19.72  
65.2    	-19.71  
65.6    	-19.66  
66      	-19.63  
66.4    	-19.61  
66.8    	-19.56  
67.2    	-19.47  
67.6    	-19.46  
68      	-19.46  
68.4    	-19.49  
68.8    	-19.55  
69.2    	-19.51  
69.6    	-19.42  
70      	-19.4   
70.4    	-19.48  
70.8    	-19.54  
71.2    	-19.52  
71.6    	-19.48  
72      	-19.42  
72.4    	-19.43  
72.8    	-19.48  
73.2    	-19.47  
73.6    	-19.43  
74      	-19.37  
74.4    	-19.33  
74.8    	-19.29  
75.2    	-19.21  
75.6    	-19.17  
76      	-19.2   
76.4    	-19.17  
76.8    	-19.12  
77.2    	-19.08  
77.6    	-19.05  
78      	-19.05  
78.4    	-19.11  
78.8    	-19.25  
79.2    	-19.39  
79.6    	-19.51  
80      	-19.52  
80.4    	-19.49  
80.8    	-19.51  
81.2    	-19.5   
81.6    	-19.52  
82      	-19.55  
82.4    	-19.58  
82.8    	-19.52  
83.2    	-19.44  
83.6    	-19.34  
84      	-19.27  
84.4    	-19.2   
84.8    	-19.12  
85.2    	-19.13  
85.6    	-19.16  
86      	-19.25  
86.4    	-19.28  
86.8    	-19.32  
87.2    	-19.3   
87.6    	-19.2   
88      	-19.06  
88.4    	-19.03  
88.8    	-19.02  
89.2    	-19     
89.6    	-19.01  
90      	-19     
90.4    	-18.96  
90.8    	-18.98  
91.2    	-18.99  
91.6    	-19     
92      	-19.06  
92.4    	-19.12  
92.8    	-19.11  
93.2    	-19.13  
93.6    	-19.07  
94      	-18.94  
94.4    	-18.89  
94.8    	-18.86  
95.2    	-18.83  
95.6    	-18.87  
96      	-18.95  
96.4    	-19     
96.8    	-19.03  
97.2    	-19.03  
97.6    	-19.06  
98      	-19.16  
98.4    	-19.22  
98.8    	-19.24  
99.2    	-19.31  
99.6    	-19.4   
100     	-19.46  
100.4   	-19.46  
100.8   	-19.46  
101.2   	-19.45  
101.6   	-19.5   
102     	-19.57  
102.4   	-19.62  
102.8   	-19.58  
103.2   	-19.58  
103.6   	-19.58  
104     	-19.63  
104.4   	-19.72  
104.8   	-19.78  
105.2   	-19.8   
105.6   	-19.81  
106     	-19.79  
106.4   	-19.82  
106.8   	-19.82  
107.2   	-19.83  
107.6   	-19.84  
108     	-19.91  
108.4   	-19.83  
108.8   	-19.7   
109.2   	-19.52  
109.6   	-19.35  
110     	-19.29  
110.4   	-19.26  
110.8   	-19.21  
111.2   	-19.2   
111.6   	-19.18  
112     	-19.09  
112.4   	-19.05  
112.8   	-19.01  
113.2   	-19.04  
113.6   	-19.07  
114     	-19     
114.4   	-18.97  
114.8   	-18.91  
115.2   	-18.86  
115.6   	-18.82  
116     	-18.8   
116.4   	-18.78  
116.8   	-18.77  
117.2   	-18.76  
117.6   	-18.8   
118     	-18.81  
118.4   	-18.84  
118.8   	-18.93  
119.2   	-19.02  
119.6   	-19.19  
120     	-19.27  
120.4   	-19.3   
120.8   	-19.32  
121.2   	-19.36  
121.6   	-19.42  
122     	-19.45  
122.4   	-19.47  
122.8   	-19.4   
123.2   	-19.32  
123.6   	-19.31  
124     	-19.29  
124.4   	-19.29  
124.8   	-19.33  
125.2   	-19.29  
125.6   	-19.24  
126     	-19.25  
126.4   	-19.32  
126.8   	-19.44  
127.2   	-19.54  
127.6   	-19.59  
128     	-19.56  
128.4   	-19.56  
128.8   	-19.58  
129.2   	-19.63  
129.6   	-19.7   
130     	-19.74  
130.4   	-19.69  
130.8   	-19.62  
131.2   	-19.59  
131.6   	-19.56  
132     	-19.55  
132.4   	-19.51  
132.8   	-19.47  
133.2   	-19.47  
133.6   	-19.4   
134     	-19.36  
134.4   	-19.32  
134.8   	-19.23  
135.2   	-19.07  
135.6   	-18.97  
136     	-18.93  
136.4   	-18.87  
136.8   	-18.8   
137.2   	-18.73  
137.6   	-18.68  
138     	-18.68  
138.4   	-18.71  
138.8   	-18.7   
139.2   	-18.7   
139.6   	-18.73  
140     	-18.69  
140.4   	-18.65  
140.8   	-18.69  
141.2   	-18.79  
141.6   	-18.88  
142     	-18.97  
142.4   	-19.1   
142.8   	-19.2   
143.2   	-19.28  
143.6   	-19.34  
144     	-19.35  
144.4   	-19.36  
144.8   	-19.4   
145.2   	-19.42  
145.6   	-19.41  
146     	-19.38  
146.4   	-19.27  
146.8   	-19.15  
147.2   	-19.06  
147.6   	-19.05  
148     	-19.05  
148.4   	-19.05  
148.8   	-19.05  
149.2   	-19.12  
149.6   	-19.16  
150     	-19.14  
150.4   	-19.1   
150.8   	-18.98  
151.2   	-18.87  
151.6   	-18.75  
152     	-18.65  
152.4   	-18.61  
152.8   	-18.64  
153.2   	-18.7   
153.6   	-18.72  
154     	-18.7   
154.4   	-18.66  
154.8   	-18.68  
155.2   	-18.75  
155.6   	-18.82  
156     	-18.85  
156.4   	-18.84  
156.8   	-18.81  
157.2   	-18.84  
157.6   	-18.88  
158     	-18.87  
158.4   	-18.87  
158.8   	-18.88  
159.2   	-18.98  
159.6   	-18.98  
160     	-19.04  
160.4   	-19.13  
160.8   	-19.15  
161.2   	-19.16  
161.6   	-19.21  
162     	-19.21  
162.4   	-19.18  
162.8   	-19.16  
163.2   	-19.11  
163.6   	-19.09  
164     	-19.09  
164.4   	-19.12  
164.8   	-19.11  
165.2   	-19.04  
165.6   	-19.03  
166     	-19.07  
166.4   	-19.08  
166.8   	-19.11  
167.2   	-19.12  
167.6   	-19.1   
168     	-19.1   
168.4   	-19.17  
168.8   	-19.22  
169.2   	-19.25  
169.6   	-19.27  
170     	-19.3   
170.4   	-19.32  
170.8   	-19.34  
171.2   	-19.37  
171.6   	-19.44  
172     	-19.47  
172.4   	-19.48  
172.8   	-19.42  
173.2   	-19.38  
173.6   	-19.37  
174     	-19.34  
174.4   	-19.3   
174.8   	-19.28  
175.2   	-19.26  
175.6   	-19.22  
176     	-19.19  
176.4   	-19.22  
176.8   	-19.21  
177.2   	-19.19  
177.6   	-19.19  
178     	-19.16  
178.4   	-19.08  
178.8   	-19.02  
179.2   	-19.06  
179.6   	-19.09  
180     	-19.1   
180.4   	-19.15  
180.8   	-19.27  
181.2   	-19.34  
181.6   	-19.34  
182     	-19.41  
182.4   	-19.48  
182.8   	-19.47  
183.2   	-19.5   
183.6   	-19.49  
184     	-19.52  
184.4   	-19.59  
184.8   	-19.73  
185.2   	-19.78  
185.6   	-19.76  
186     	-19.83  
186.4   	-19.81  
186.8   	-19.77  
187.2   	-19.74  
187.6   	-19.77  
188     	-19.76  
188.4   	-19.78  
188.8   	-19.84  
189.2   	-19.79  
189.6   	-19.78  
190     	-19.72  
190.4   	-19.61  
190.8   	-19.51  
191.2   	-19.43  
191.6   	-19.36  
192     	-19.26  
192.4   	-19.16  
192.8   	-19.03  
193.2   	-18.96  
193.6   	-18.94  
194     	-18.86  
194.4   	-18.8   
194.8   	-18.79  
195.2   	-18.78  
195.6   	-18.79  
196     	-18.83  
196.4   	-18.86  
196.8   	-18.95  
197.2   	-19.06  
197.6   	-19.22  
198     	-19.38  
198.4   	-19.44  
198.8   	-19.49  
199.2   	-19.55  
199.6   	-19.47  
200     	-19.36  
200.4   	-19.23  
200.8   	-19.07  
201.2   	-18.94  
201.6   	-18.84  
202     	-18.76  
202.4   	-18.73  
202.8   	-18.73  
203.2   	-18.76  
203.6   	-18.78  
204     	-18.78  
204.4   	-18.82  
204.8   	-18.93  
205.2   	-18.97  
205.6   	-19.01  
206     	-19.07  
206.4   	-19.12  
206.8   	-19.15  
207.2   	-19.19  
207.6   	-19.2   
208     	-19.12  
208.4   	-19.01  
208.8   	-18.92  
209.2   	-18.79  
209.6   	-18.71  
210     	-18.72  
210.4   	-18.74  
210.8   	-18.79  
211.2   	-18.88  
211.6   	-18.96  
212     	-18.94  
212.4   	-18.94  
212.8   	-18.95  
213.2   	-18.99  
213.6   	-19.06  
214     	-19.14  
214.4   	-19.2   
214.8   	-19.25  
215.2   	-19.27  
215.6   	-19.27  
216     	-19.32  
216.4   	-19.35  
216.8   	-19.4   
217.2   	-19.41  
217.6   	-19.42  
218     	-19.43  
218.4   	-19.39  
218.8   	-19.34  
219.2   	-19.34  
219.6   	-19.36  
220     	-19.41  
220.4   	-19.45  
220.8   	-19.41  
221.2   	-19.37  
221.6   	-19.37  
222     	-19.35  
222.4   	-19.34  
222.8   	-19.35  
223.2   	-19.31  
223.6   	-19.21  
224     	-19.15  
224.4   	-19.09  
224.8   	-19.09  
225.2   	-19.08  
225.6   	-19.07  
226     	-19.06  
226.4   	-19.06  
226.8   	-19.03  
227.2   	-19     
227.6   	-18.98  
228     	-19     
228.4   	-19.05  
228.8   	-19.15  
229.2   	-19.27  
229.6   	-19.32  
230     	-19.37  
230.4   	-19.43  
230.8   	-19.47  
231.2   	-19.48  
231.6   	-19.46  
232     	-19.43  
232.4   	-19.42  
232.8   	-19.48  
233.2   	-19.58  
233.6   	-19.63  
234     	-19.64  
234.4   	-19.61  
234.8   	-19.47  
235.2   	-19.3   
235.6   	-19.23  
236     	-19.18  
236.4   	-19.2   
236.8   	-19.24  
237.2   	-19.27  
237.6   	-19.25  
238     	-19.15  
238.4   	-19.13  
238.8   	-19.13  
239.2   	-19.09  
239.6   	-19.09  
240     	-19.11  
240.4   	-19.19  
240.8   	-19.29  
241.2   	-19.36  
241.6   	-19.4   
242     	-19.38  
242.4   	-19.4   
242.8   	-19.41  
243.2   	-19.34  
243.6   	-19.23  
244     	-19.15  
244.4   	-19.05  
244.8   	-19.02  
245.2   	-18.93  
245.6   	-18.87  
246     	-18.82  
246.4   	-18.86  
246.8   	-18.91  
247.2   	-18.95  
247.6   	-18.98  
248     	-19     
248.4   	-19.04  
248.8   	-19.06  
249.2   	-19.06  
249.6   	-19.06  
250     	-19.08  
250.4   	-19.08  
250.8   	-19.09  
251.2   	-19.08  
251.6   	-19.12  
252     	-19.15  
252.4   	-19.14  
252.8   	-19.12  
253.2   	-19.05  
253.6   	-18.91  
254     	-18.82  
254.4   	-18.78  
254.8   	-18.76  
255.2   	-18.74  
255.6   	-18.75  
256     	-18.79  
256.4   	-18.82  
256.8   	-18.85  
257.2   	-18.89  
257.6   	-18.98  
258     	-19.05  
258.4   	-19.15  
258.8   	-19.26  
259.2   	-19.35  
259.6   	-19.41  
260     	-19.52  
260.4   	-19.62  
260.8   	-19.64  
261.2   	-19.58  
261.6   	-19.62  
262     	-19.62  
262.4   	-19.58  
262.8   	-19.54  
263.2   	-19.53  
263.6   	-19.57  
264     	-19.67  
264.4   	-19.77  
264.8   	-19.82  
265.2   	-19.82  
265.6   	-19.76  
266     	-19.71  
266.4   	-19.75  
266.8   	-19.76  
267.2   	-19.76  
267.6   	-19.77  
268     	-19.73  
268.4   	-19.66  
268.8   	-19.6   
269.2   	-19.62  
269.6   	-19.72  
270     	-19.82  
270.4   	-19.83  
270.8   	-19.83  
271.2   	-19.91  
271.6   	-19.99  
272     	-20.08  
272.4   	-20.11  
272.8   	-20.11  
273.2   	-20.06  
273.6   	-19.96  
274     	-19.9   
274.4   	-19.82  
274.8   	-19.71  
275.2   	-19.56  
275.6   	-19.49  
276     	-19.48  
276.4   	-19.48  
276.8   	-19.44  
277.2   	-19.41  
277.6   	-19.39  
278     	-19.3   
278.4   	-19.13  
278.8   	-19.01  
279.2   	-18.94  
279.6   	-18.87  
280     	-18.87  
280.4   	-18.94  
280.8   	-18.96  
281.2   	-19     
281.6   	-19.04  
282     	-19.03  
282.4   	-19.06  
282.8   	-19.11  
283.2   	-19.18  
283.6   	-19.26  
284     	-19.3   
284.4   	-19.34  
284.8   	-19.36  
285.2   	-19.37  
285.6   	-19.36  
286     	-19.26  
286.4   	-19.15  
286.8   	-19.1   
287.2   	-19.08  
287.6   	-19.06  
288     	-18.99  
288.4   	-18.87  
288.8   	-18.83  
289.2   	-18.88  
289.6   	-18.85  
290     	-18.92  
290.4   	-18.98  
290.8   	-18.99  
291.2   	-19.01  
291.6   	-19.03  
292     	-19.03  
292.4   	-19.02  
292.8   	-19.03  
293.2   	-19.02  
293.6   	-19.02  
294     	-19.05  
294.4   	-19.12  
294.8   	-19.25  
295.2   	-19.32  
295.6   	-19.24  
296     	-19.19  
296.4   	-19.21  
296.8   	-19.21  
297.2   	-19.26  
297.6   	-19.32  
298     	-19.4   
298.4   	-19.43  
298.8   	-19.43  
299.2   	-19.45  
299.6   	-19.52  
300     	-19.5   
300.4   	-19.42  
300.8   	-19.4   
301.2   	-19.47  
301.6   	-19.55  
302     	-19.63  
302.4   	-19.69  
302.8   	-19.68  
303.2   	-19.64  
303.6   	-19.56  
304     	-19.47  
304.4   	-19.41  
304.8   	-19.39  
305.2   	-19.36  
305.6   	-19.33  
306     	-19.28  
306.4   	-19.29  
306.8   	-19.31  
307.2   	-19.32  
307.6   	-19.38  
308     	-19.44  
308.4   	-19.47  
308.8   	-19.39  
309.2   	-19.34  
309.6   	-19.28  
310     	-19.32  
310.4   	-19.38  
310.8   	-19.35  
311.2   	-19.35  
311.6   	-19.39  
312     	-19.41  
312.4   	-19.37  
312.8   	-19.34  
313.2   	-19.32  
313.6   	-19.37  
314     	-19.42  
314.4   	-19.45  
314.8   	-19.4   
315.2   	-19.29  
315.6   	-19.19  
316     	-19.11  
316.4   	-19.07  
316.8   	-19.09  
317.2   	-19.11  
317.6   	-19.14  
318     	-19.15  
318.4   	-19.18  
318.8   	-19.25  
319.2   	-19.3   
319.6   	-19.33  
320     	-19.35  
320.4   	-19.3   
320.8   	-19.31  
321.2   	-19.31  
321.6   	-19.31  
322     	-19.36  
322.4   	-19.36  
322.8   	-19.32  
323.2   	-19.24  
323.6   	-19.14  
324     	-18.99  
324.4   	-18.94  
324.8   	-18.93  
325.2   	-18.97  
325.6   	-18.93  
326     	-18.9   
326.4   	-18.94  
326.8   	-18.99  
327.2   	-19     
327.6   	-19.06  
328     	-19.05  
328.4   	-19.02  
328.8   	-19.02  
329.2   	-19.03  
329.6   	-18.99  
330     	-18.93  
330.4   	-18.86  
330.8   	-18.82  
331.2   	-18.79  
331.6   	-18.79  
332     	-18.79  
332.4   	-18.75  
332.8   	-18.69  
333.2   	-18.69  
333.6   	-18.74  
334     	-18.83  
334.4   	-18.82  
334.8   	-18.8   
335.2   	-18.84  
335.6   	-18.9   
336     	-18.94  
336.4   	-18.94  
336.8   	-19     
337.2   	-19.05  
337.6   	-19.1   
338     	-19.14  
338.4   	-19.21  
338.8   	-19.27  
339.2   	-19.35  
339.6   	-19.34  
340     	-19.35  
340.4   	-19.36  
340.8   	-19.35  
341.2   	-19.31  
341.6   	-19.34  
342     	-19.43  
342.4   	-19.53  
342.8   	-19.6   
343.2   	-19.69  
343.6   	-19.76  
344     	-19.79  
344.4   	-19.78  
344.8   	-19.73  
345.2   	-19.61  
345.6   	-19.54  
346     	-19.46  
346.4   	-19.32  
346.8   	-19.17  
347.2   	-19.08  
347.6   	-19.02  
348     	-18.99  
348.4   	-18.98  
348.8   	-18.93  
349.2   	-18.79  
349.6   	-18.69  
350     	-18.67  
350.4   	-18.64  
350.8   	-18.64  
351.2   	-18.6   
351.6   	-18.63  
352     	-18.69  
352.4   	-18.74  
352.8   	-18.83  
353.2   	-18.93  
353.6   	-19.06  
354     	-19.19  
354.4   	-19.3   
354.8   	-19.41  
355.2   	-19.53  
355.6   	-19.6   
356     	-19.59  
356.4   	-19.62  
356.8   	-19.69  
357.2   	-19.74  
357.6   	-19.72  
358     	-19.67  
358.4   	-19.64  
358.8   	-19.61  
359.2   	-19.56  
359.6   	-19.52  
360     	-19.45  
360.4   	-19.37  
360.8   	-19.37  
361.2   	-19.36  
361.6   	-19.42  
362     	-19.43  
362.4   	-19.43  
362.8   	-19.41  
363.2   	-19.38  
363.6   	-19.37  
364     	-19.34  
364.4   	-19.24  
364.8   	-19.12  
365.2   	-19.05  
365.6   	-19.03  
366     	-19.08  
366.4   	-19.07  
366.8   	-19.1   
367.2   	-19.14  
367.6   	-19.21  
368     	-19.25  
368.4   	-19.35  
368.8   	-19.4   
369.2   	-19.45  
369.6   	-19.49  
370     	-19.52  
370.4   	-19.57  
370.8   	-19.6   
371.2   	-19.64  
371.6   	-19.66  
372     	-19.63  
372.4   	-19.64  
372.8   	-19.6   
373.2   	-19.54  
373.6   	-19.52  
374     	-19.55  
374.4   	-19.56  
374.8   	-19.48  
375.2   	-19.4   
375.6   	-19.35  
376     	-19.27  
376.4   	-19.24  
376.8   	-19.15  
377.2   	-19.07  
377.6   	-19.01  
378     	-18.99  
378.4   	-18.94  
378.8   	-18.9   
379.2   	-18.92  
379.6   	-18.99  
380     	-18.98  
380.4   	-18.99  
380.8   	-19     
381.2   	-18.98  
381.6   	-18.96  
382     	-18.92  
382.4   	-18.84  
382.8   	-18.79  
383.2   	-18.75  
383.6   	-18.73  
384     	-18.75  
384.4   	-18.76  
384.8   	-18.76  
385.2   	-18.71  
385.6   	-18.67  
386     	-18.67  
386.4   	-18.73  
386.8   	-18.76  
387.2   	-18.76  
387.6   	-18.83  
388     	-18.94  
388.4   	-19.06  
388.8   	-19.13  
389.2   	-19.24  
389.6   	-19.33  
390     	-19.41  
390.4   	-19.44  
390.8   	-19.51  
391.2   	-19.58  
391.6   	-19.64  
392     	-19.66  
392.4   	-19.63  
392.8   	-19.49  
393.2   	-19.43  
393.6   	-19.4   
394     	-19.39  
394.4   	-19.35  
394.8   	-19.25  
395.2   	-19.19  
395.6   	-19.18  
396     	-19.17  
396.4   	-19.21  
396.8   	-19.23  
397.2   	-19.26  
397.6   	-19.29  
398     	-19.25  
398.4   	-19.18  
398.8   	-19.1   
399.2   	-19.08  
399.6   	-19.05  
400     	-19.1   
400.4   	-19.13  
400.8   	-19.19  
401.2   	-19.24  
401.6   	-19.26  
402     	-19.31  
402.4   	-19.37  
402.8   	-19.41  
403.2   	-19.42  
403.6   	-19.45  
404     	-19.46  
404.4   	-19.5   
404.8   	-19.51  
405.2   	-19.52  
405.6   	-19.46  
406     	-19.39  
406.4   	-19.34  
406.8   	-19.35  
407.2   	-19.4   
407.6   	-19.48  
408     	-19.59  
408.4   	-19.74  
408.8   	-19.9   
409.2   	-20.01  
409.6   	-19.99  
410     	-19.9   
410.4   	-19.77  
410.8   	-19.59  
411.2   	-19.42  
411.6   	-19.18  
412     	-19.09  
412.4   	-18.98  
412.8   	-18.93  
413.2   	-18.93  
413.6   	-18.94  
414     	-18.9   
414.4   	-18.88  
414.8   	-18.87  
415.2   	-18.81  
415.6   	-18.76  
416     	-18.69  
416.4   	-18.68  
416.8   	-18.68  
417.2   	-18.7   
417.6   	-18.72  
418     	-18.73  
418.4   	-18.78  
418.8   	-18.87  
419.2   	-18.93  
419.6   	-18.91  
420     	-18.91  
420.4   	-18.91  
420.8   	-18.9   
421.2   	-18.81  
421.6   	-18.83  
422     	-18.88  
422.4   	-18.88  
422.8   	-18.88  
423.2   	-18.89  
423.6   	-18.93  
424     	-18.97  
424.4   	-18.9   
424.8   	-18.82  
425.2   	-18.72  
425.6   	-18.66  
426     	-18.65  
426.4   	-18.64  
426.8   	-18.6   
427.2   	-18.59  
427.6   	-18.62  
428     	-18.66  
428.4   	-18.73  
428.8   	-18.83  
429.2   	-18.87  
429.6   	-18.83  
430     	-18.84  
430.4   	-18.87  
430.8   	-18.94  
431.2   	-19.03  
431.6   	-19.08  
432     	-19.09  
432.4   	-19.2   
432.8   	-19.34  
433.2   	-19.44  
433.6   	-19.5   
434     	-19.48  
434.4   	-19.52  
434.8   	-19.54  
435.2   	-19.54  
435.6   	-19.54  
436     	-19.46  
436.4   	-19.37  
436.8   	-19.3   
437.2   	-19.22  
437.6   	-19.1   
438     	-19.07  
438.4   	-19.03  
438.8   	-19.04  
439.2   	-19.09  
439.6   	-19.1   
440     	-19.09  
440.4   	-19.13  
440.8   	-19.19  
441.2   	-19.24  
441.6   	-19.19  
442     	-19.15  
442.4   	-19.16  
442.8   	-19.16  
443.2   	-19.15  
443.6   	-19.16  
444     	-19.15  
444.4   	-19.1   
444.8   	-19.02  
445.2   	-18.96  
445.6   	-18.92  
446     	-18.94  
446.4   	-18.85  
446.8   	-18.86  
447.2   	-18.89  
447.6   	-18.93  
448     	-19.05  
448.4   	-19.21  
448.8   	-19.26  
449.2   	-19.3   
449.6   	-19.3   
450     	-19.31  
450.4   	-19.37  
450.8   	-19.43  
451.2   	-19.44  
451.6   	-19.43  
452     	-19.44  
452.4   	-19.5   
452.8   	-19.49  
453.2   	-19.48  
453.6   	-19.43  
454     	-19.37  
454.4   	-19.34  
454.8   	-19.32  
455.2   	-19.35  
455.6   	-19.41  
456     	-19.44  
456.4   	-19.47  
456.8   	-19.44  
457.2   	-19.47  
457.6   	-19.55  
458     	-19.65  
458.4   	-19.69  
458.8   	-19.66  
459.2   	-19.65  
459.6   	-19.65  
460     	-19.62  
460.4   	-19.58  
460.8   	-19.48  
461.2   	-19.48  
461.6   	-19.45  
462     	-19.39  
462.4   	-19.37  
462.8   	-19.3   
463.2   	-19.23  
463.6   	-19.25  
464     	-19.3   
464.4   	-19.34  
464.8   	-19.38  
465.2   	-19.41  
465.6   	-19.5   
466     	-19.57  
466.4   	-19.57  
466.8   	-19.52  
467.2   	-19.56  
467.6   	-19.58  
468     	-19.6   
468.4   	-19.55  
468.8   	-19.47  
469.2   	-19.39  
469.6   	-19.33  
470     	-19.24  
470.4   	-19.19  
470.8   	-19.21  
471.2   	-19.28  
471.6   	-19.37  
472     	-19.38  
472.4   	-19.38  
472.8   	-19.42  
473.2   	-19.41  
473.6   	-19.29  
474     	-19.19  
474.4   	-19.18  
474.8   	-19.22  
475.2   	-19.25  
475.6   	-19.35  
476     	-19.43  
476.4   	-19.47  
476.8   	-19.43  
477.2   	-19.42  
477.6   	-19.46  
478     	-19.48  
478.4   	-19.5   
478.8   	-19.61  
479.2   	-19.67  
479.6   	-19.7   
480     	-19.71  
480.4   	-19.67  
480.8   	-19.53  
481.2   	-19.43  
481.6   	-19.34  
482     	-19.26  
482.4   	-19.18  
482.8   	-19.05  
483.2   	-18.91  
483.6   	-18.85  
484     	-18.86  
484.4   	-18.87  
484.8   	-18.91  
485.2   	-18.94  
485.6   	-18.99  
486     	-19.04  
486.4   	-19.08  
486.8   	-19.08  
487.2   	-19.11  
487.6   	-19.09  
488     	-19.04  
488.4   	-18.98  
488.8   	-18.93  
489.2   	-18.94  
489.6   	-18.99  
490     	-19.03  
490.4   	-19.1   
490.8   	-19.07  
491.2   	-19.05  
491.6   	-19.02  
492     	-19     
492.4   	-19.01  
492.8   	-18.93  
493.2   	-18.81  
493.6   	-18.74  
494     	-18.7   
494.4   	-18.65  
494.8   	-18.65  
495.2   	-18.64  
495.6   	-18.65  
496     	-18.65  
496.4   	-18.64  
496.8   	-18.64  
497.2   	-18.72  
497.6   	-18.83  
498     	-19.01  
498.4   	-19.16  
498.8   	-19.26  
499.2   	-19.33  
499.6   	-19.4   
500     	-19.49  
500.4   	-19.53  
500.8   	-19.56  
501.2   	-19.6   
501.6   	-19.64  
502     	-19.67  
502.4   	-19.66  
502.8   	-19.65  
503.2   	-19.67  
503.6   	-19.72  
504     	-19.73  
504.4   	-19.71  
504.8   	-19.71  
505.2   	-19.71  
505.6   	-19.64  
506     	-19.57  
506.4   	-19.51  
506.8   	-19.42  
507.2   	-19.41  
507.6   	-19.41  
508     	-19.4   
508.4   	-19.4   
508.8   	-19.43  
509.2   	-19.35  
509.6   	-19.32  
510     	-19.34  
510.4   	-19.43  
510.8   	-19.54  
511.2   	-19.62  
511.6   	-19.7   
512     	-19.69  
512.4   	-19.69  
512.8   	-19.72  
513.2   	-19.75  
513.6   	-19.77  
514     	-19.7   
514.4   	-19.62  
514.8   	-19.55  
515.2   	-19.45  
515.6   	-19.37  
516     	-19.37  
516.4   	-19.37  
516.8   	-19.33  
517.2   	-19.23  
517.6   	-19.19  
518     	-19.15  
518.4   	-19.07  
518.8   	-19.04  
519.2   	-19.06  
519.6   	-19.1   
520     	-19.09  
520.4   	-19.06  
520.8   	-19.01  
521.2   	-18.94  
521.6   	-18.9   
522     	-18.88  
522.4   	-18.91  
522.8   	-19.01  
523.2   	-19.11  
523.6   	-19.25  
524     	-19.36  
524.4   	-19.47  
524.8   	-19.54  
525.2   	-19.62  
525.6   	-19.69  
526     	-19.77  
526.4   	-19.81  
526.8   	-19.86  
527.2   	-19.92  
527.6   	-19.87  
528     	-19.79  
528.4   	-19.69  
528.8   	-19.58  
529.2   	-19.47  
529.6   	-19.44  
530     	-19.37  
530.4   	-19.29  
530.8   	-19.29  
531.2   	-19.3   
531.6   	-19.33  
532     	-19.39  
532.4   	-19.44  
532.8   	-19.56  
533.2   	-19.64  
533.6   	-19.69  
534     	-19.67  
534.4   	-19.7   
534.8   	-19.68  
535.2   	-19.62  
535.6   	-19.56  
536     	-19.53  
536.4   	-19.51  
536.8   	-19.49  
537.2   	-19.54  
537.6   	-19.58  
538     	-19.55  
538.4   	-19.48  
538.8   	-19.43  
539.2   	-19.35  
539.6   	-19.26  
540     	-19.2   
540.4   	-19.17  
540.8   	-19.17  
541.2   	-19.22  
541.6   	-19.19  
542     	-19.16  
542.4   	-19.18  
542.8   	-19.15  
543.2   	-19.13  
543.6   	-19.14  
544     	-19.13  
544.4   	-19.06  
544.8   	-18.96  
545.2   	-18.82  
545.6   	-18.7   
546     	-18.6   
546.4   	-18.56  
546.8   	-18.59  
547.2   	-18.68  
547.6   	-18.72  
548     	-18.8   
548.4   	-18.88  
548.8   	-18.92  
549.2   	-18.87  
549.6   	-18.83  
550     	-18.83  
550.4   	-18.84  
550.8   	-18.88  
551.2   	-18.97  
551.6   	-19.04  
552     	-19.06  
552.4   	-19.03  
552.8   	-18.99  
553.2   	-19.01  
553.6   	-19.04  
554     	-18.96  
554.4   	-18.9   
554.8   	-18.92  
555.2   	-19     
555.6   	-19.08  
556     	-19.2   
556.4   	-19.26  
556.8   	-19.32  
557.2   	-19.4   
557.6   	-19.39  
558     	-19.44  
558.4   	-19.5   
558.8   	-19.55  
559.2   	-19.55  
559.6   	-19.59  
560     	-19.58  
560.4   	-19.65  
560.8   	-19.73  
561.2   	-19.8   
561.6   	-19.83  
562     	-19.83  
562.4   	-19.76  
562.8   	-19.81  
563.2   	-19.85  
563.6   	-19.82  
564     	-19.73  
564.4   	-19.67  
564.8   	-19.52  
565.2   	-19.41  
565.6   	-19.28  
566     	-19.23  
566.4   	-19.23  
566.8   	-19.2   
567.2   	-19.15  
567.6   	-19.16  
568     	-19.17  
568.4   	-19.15  
568.8   	-19.13  
569.2   	-19.13  
569.6   	-19.04  
570     	-18.96  
570.4   	-18.93  
570.8   	-18.95  
571.2   	-19.02  
571.6   	-19.17  
572     	-19.28  
572.4   	-19.32  
572.8   	-19.33  
573.2   	-19.36  
573.6   	-19.43  
574     	-19.47  
574.4   	-19.51  
574.8   	-19.56  
575.2   	-19.58  
575.6   	-19.58  
576     	-19.53  
576.4   	-19.48  
576.8   	-19.4   
577.2   	-19.35  
577.6   	-19.31  
578     	-19.29  
578.4   	-19.3   
578.8   	-19.26  
579.2   	-19.22  
579.6   	-19.23  
580     	-19.26  
580.4   	-19.3   
580.8   	-19.3   
581.2   	-19.34  
581.6   	-19.41  
582     	-19.46  
582.4   	-19.52  
582.8   	-19.54  
583.2   	-19.51  
583.6   	-19.47  
584     	-19.39  
584.4   	-19.31  
584.8   	-19.23  
585.2   	-19.19  
585.6   	-19.18  
586     	-19.15  
586.4   	-19.05  
586.8   	-18.93  
587.2   	-18.84  
587.6   	-18.8   
588     	-18.75  
588.4   	-18.69  
588.8   	-18.69  
589.2   	-18.71  
589.6   	-18.75  
590     	-18.86  
590.4   	-18.93  
590.8   	-18.96  
591.2   	-19.01  
591.6   	-19.11  
592     	-19.15  
592.4   	-19.18  
592.8   	-19.21  
593.2   	-19.3   
593.6   	-19.39  
594     	-19.45  
594.4   	-19.48  
594.8   	-19.48  
595.2   	-19.46  
595.6   	-19.5   
596     	-19.53  
596.4   	-19.46  
596.8   	-19.34  
597.2   	-19.24  
597.6   	-19.13  
598     	-18.98  
598.4   	-18.96  
598.8   	-18.95  
599.2   	-19.01  
599.6   	-19.12  
600     	-19.21  
600.4   	-19.31  
600.8   	-19.33  
601.2   	-19.36  
601.6   	-19.36  
602     	-19.4   
602.4   	-19.39  
602.8   	-19.26  
603.2   	-19.15  
603.6   	-19.09  
604     	-19.01  
604.4   	-18.96  
604.8   	-18.93  
605.2   	-18.87  
605.6   	-18.88  
606     	-18.87  
606.4   	-18.91  
606.8   	-19.02  
607.2   	-19.17  
607.6   	-19.27  
608     	-19.33  
608.4   	-19.38  
608.8   	-19.48  
609.2   	-19.54  
609.6   	-19.59  
610     	-19.6   
610.4   	-19.63  
610.8   	-19.64  
611.2   	-19.64  
611.6   	-19.66  
612     	-19.67  
612.4   	-19.66  
612.8   	-19.64  
613.2   	-19.61  
613.6   	-19.61  
614     	-19.62  
614.4   	-19.65  
614.8   	-19.6   
615.2   	-19.52  
615.6   	-19.44  
616     	-19.4   
616.4   	-19.36  
616.8   	-19.31  
617.2   	-19.27  
617.6   	-19.22  
618     	-19.14  
618.4   	-19.06  
618.8   	-19.03  
619.2   	-19     
619.6   	-19     
620     	-19.08  
620.4   	-19.15  
620.8   	-19.2   
621.2   	-19.24  
621.6   	-19.31  
622     	-19.39  
622.4   	-19.46  
622.8   	-19.53  
623.2   	-19.59  
623.6   	-19.63  
624     	-19.63  
624.4   	-19.6   
624.8   	-19.59  
625.2   	-19.62  
625.6   	-19.69  
626     	-19.75  
626.4   	-19.74  
626.8   	-19.68  
627.2   	-19.66  
627.6   	-19.56  
628     	-19.45  
628.4   	-19.37  
628.8   	-19.38  
629.2   	-19.47  
629.6   	-19.58  
630     	-19.62  
630.4   	-19.59  
630.8   	-19.54  
631.2   	-19.51  
631.6   	-19.51  
632     	-19.49  
632.4   	-19.5   
632.8   	-19.46  
633.2   	-19.42  
633.6   	-19.32  
634     	-19.26  
634.4   	-19.24  
634.8   	-19.23  
635.2   	-19.2   
635.6   	-19.16  
636     	-19.12  
636.4   	-19.13  
636.8   	-19.15  
637.2   	-19.17  
637.6   	-19.18  
638     	-19.2   
638.4   	-19.24  
638.8   	-19.28  
639.2   	-19.25  
639.6   	-19.2   
640     	-19.23  
640.4   	-19.3   
640.8   	-19.31  
641.2   	-19.29  
641.6   	-19.26  
642     	-19.25  
642.4   	-19.25  
642.8   	-19.22  
643.2   	-19.17  
643.6   	-19.15  
644     	-19.17  
644.4   	-19.19  
644.8   	-19.21  
645.2   	-19.28  
645.6   	-19.32  
646     	-19.3   
646.4   	-19.27  
646.8   	-19.2   
647.2   	-19.09  
647.6   	-19.03  
648     	-19     
648.4   	-18.98  
648.8   	-18.95  
649.2   	-18.9   
649.6   	-18.91  
650     	-18.93  
650.4   	-18.98  
650.8   	-19.05  
651.2   	-19.12  
651.6   	-19.16  
652     	-19.23  
652.4   	-19.34  
652.8   	-19.41  
653.2   	-19.43  
653.6   	-19.45  
654     	-19.47  
654.4   	-19.43  
654.8   	-19.42  
655.2   	-19.45  
655.6   	-19.47  
656     	-19.51  
656.4   	-19.55  
656.8   	-19.56  
657.2   	-19.56  
657.6   	-19.49  
658     	-19.34  
658.4   	-19.22  
658.8   	-19.06  
659.2   	-18.91  
659.6   	-18.71  
660     	-18.64  
660.4   	-18.58  
660.8   	-18.58  
661.2   	-18.6   
661.6   	-18.66  
662     	-18.67  
662.4   	-18.66  
662.8   	-18.71  
663.2   	-18.81  
663.6   	-18.94  
664     	-19.07  
664.4   	-19.17  
664.8   	-19.22  
665.2   	-19.29  
665.6   	-19.38  
666     	-19.41  
666.4   	-19.35  
666.8   	-19.33  
667.2   	-19.3   
667.6   	-19.31  
668     	-19.23  
668.4   	-19.2   
668.8   	-19.14  
669.2   	-19.08  
669.6   	-19.02  
670     	-18.97  
670.4   	-18.97  
670.8   	-19.02  
671.2   	-19.09  
671.6   	-19.13  
672     	-19.17  
672.4   	-19.28  
672.8   	-19.44  
673.2   	-19.51  
673.6   	-19.47  
674     	-19.42  
674.4   	-19.42  
674.8   	-19.4   
675.2   	-19.39  
675.6   	-19.37  
676     	-19.33  
676.4   	-19.33  
676.8   	-19.28  
677.2   	-19.21  
677.6   	-19.16  
678     	-19.13  
678.4   	-19.13  
678.8   	-19.12  
679.2   	-19.06  
679.6   	-19.02  
680     	-18.94  
680.4   	-18.92  
680.8   	-18.93  
681.2   	-19.04  
681.6   	-19.09  
682     	-19.13  
682.4   	-19.2   
682.8   	-19.29  
683.2   	-19.28  
683.6   	-19.25  
684     	-19.2   
684.4   	-19.18  
684.8   	-19.16  
685.2   	-19.14  
685.6   	-19.15  
686     	-19.22  
686.4   	-19.22  
686.8   	-19.24  
687.2   	-19.26  
687.6   	-19.19  
688     	-19.15  
688.4   	-19.08  
688.8   	-19.05  
689.2   	-19.05  
689.6   	-19     
690     	-19.02  
690.4   	-19.05  
690.8   	-19.06  
691.2   	-19.04  
691.6   	-18.94  
692     	-18.92  
692.4   	-18.93  
692.8   	-18.94  
693.2   	-18.91  
693.6   	-18.87  
694     	-18.9   
694.4   	-18.94  
694.8   	-18.98  
695.2   	-18.96  
695.6   	-18.86  
696     	-18.84  
696.4   	-18.83  
696.8   	-18.83  
697.2   	-18.84  
697.6   	-18.9   
698     	-18.9   
698.4   	-18.94  
698.8   	-18.99  
699.2   	-19     
699.6   	-19.03  
700     	-19.06  
700.4   	-19.1   
700.8   	-19.18  
701.2   	-19.27  
701.6   	-19.36  
702     	-19.46  
702.4   	-19.48  
702.8   	-19.47  
703.2   	-19.42  
703.6   	-19.39  
704     	-19.37  
704.4   	-19.33  
704.8   	-19.3   
705.2   	-19.27  
705.6   	-19.24  
706     	-19.21  
706.4   	-19.16  
706.8   	-19.17  
707.2   	-19.15  
707.6   	-19.14  
708     	-19.14  
708.4   	-19.15  
708.8   	-19.13  
709.2   	-19.09  
709.6   	-19.05  
710     	-19     
710.4   	-18.95  
710.8   	-18.98  
711.2   	-19.04  
711.6   	-19.14  
712     	-19.24  
712.4   	-19.33  
712.8   	-19.37  
713.2   	-19.34  
713.6   	-19.29  
714     	-19.25  
714.4   	-19.16  
714.8   	-19.11  
715.2   	-19.16  
715.6   	-19.22  
716     	-19.32  
716.4   	-19.4   
716.8   	-19.47  
717.2   	-19.48  
717.6   	-19.46  
718     	-19.49  
718.4   	-19.46  
718.8   	-19.45  
719.2   	-19.35  
719.6   	-19.27  
720     	-19.21  
720.4   	-19.21  
720.8   	-19.21  
721.2   	-19.22  
721.6   	-19.17  
722     	-19.1   
722.4   	-19.13  
722.8   	-19.22  
723.2   	-19.3   
723.6   	-19.38  
724     	-19.49  
724.4   	-19.59  
724.8   	-19.74  
725.2   	-19.82  
725.6   	-19.87  
726     	-19.92  
726.4   	-19.97  
726.8   	-20     
727.2   	-19.95  
727.6   	-19.88  
728     	-19.81  
728.4   	-19.72  
728.8   	-19.64  
729.2   	-19.53  
729.6   	-19.4   
730     	-19.34  
730.4   	-19.34  
730.8   	-19.4   
731.2   	-19.4   
731.6   	-19.33  
732     	-19.27  
732.4   	-19.23  
732.8   	-19.19  
733.2   	-19.11  
733.6   	-19.09  
734     	-19.08  
734.4   	-19.07  
734.8   	-19.15  
735.2   	-19.18  
735.6   	-19.15  
736     	-19.1   
736.4   	-19.11  
736.8   	-19.12  
737.2   	-19.05  
737.6   	-18.95  
738     	-18.88  
738.4   	-18.86  
738.8   	-18.85  
739.2   	-18.85  
739.6   	-18.82  
740     	-18.78  
740.4   	-18.76  
740.8   	-18.72  
741.2   	-18.71  
741.6   	-18.72  
742     	-18.75  
742.4   	-18.81  
742.8   	-18.9   
743.2   	-19.02  
743.6   	-19.12  
744     	-19.2   
744.4   	-19.34  
744.8   	-19.47  
745.2   	-19.58  
745.6   	-19.67  
746     	-19.76  
746.4   	-19.72  
746.8   	-19.67  
747.2   	-19.59  
747.6   	-19.5   
748     	-19.39  
748.4   	-19.31  
748.8   	-19.25  
749.2   	-19.24  
749.6   	-19.19  
750     	-19.11  
750.4   	-19.04  
750.8   	-19.01  
751.2   	-18.93  
751.6   	-18.86  
752     	-18.8   
752.4   	-18.72  
752.8   	-18.7   
753.2   	-18.67  
753.6   	-18.66  
754     	-18.63  
754.4   	-18.58  
754.8   	-18.53  
755.2   	-18.54  
755.6   	-18.52  
756     	-18.52  
756.4   	-18.51  
756.8   	-18.55  
757.2   	-18.66  
757.6   	-18.74  
758     	-18.85  
758.4   	-18.95  
758.8   	-18.99  
759.2   	-19.01  
759.6   	-19.11  
760     	-19.22  
760.4   	-19.25  
760.8   	-19.24  
761.2   	-19.25  
761.6   	-19.2   
762     	-19.18  
762.4   	-19.24  
762.8   	-19.33  
763.2   	-19.45  
763.6   	-19.53  
764     	-19.56  
764.4   	-19.57  
764.8   	-19.54  
765.2   	-19.52  
765.6   	-19.39  
766     	-19.31  
766.4   	-19.26  
766.8   	-19.25  
767.2   	-19.24  
767.6   	-19.27  
768     	-19.27  
768.4   	-19.26  
768.8   	-19.21  
769.2   	-19.11  
769.6   	-19.1   
770     	-19.09  
770.4   	-19.06  
770.8   	-19.02  
771.2   	-19.02  
771.6   	-19     
772     	-18.94  
772.4   	-18.97  
772.8   	-18.96  
773.2   	-18.99  
773.6   	-19.02  
774     	-19.04  
774.4   	-19.09  
774.8   	-19.17  
775.2   	-19.18  
775.6   	-19.22  
776     	-19.3   
776.4   	-19.41  
776.8   	-19.47  
777.2   	-19.51  
777.6   	-19.49  
778     	-19.39  
778.4   	-19.36  
778.8   	-19.44  
779.2   	-19.5   
779.6   	-19.54  
780     	-19.56  
780.4   	-19.52  
780.8   	-19.5   
781.2   	-19.5   
781.6   	-19.45  
782     	-19.42  
782.4   	-19.44  
782.8   	-19.46  
783.2   	-19.48  
783.6   	-19.58  
784     	-19.69  
784.4   	-19.76  
784.8   	-19.78  
785.2   	-19.72  
785.6   	-19.65  
786     	-19.53  
786.4   	-19.35  
786.8   	-19.24  
787.2   	-19.21  
787.6   	-19.19  
788     	-19.18  
788.4   	-19.15  
788.8   	-19.12  
789.2   	-19.08  
789.6   	-19.01  
790     	-18.97  
790.4   	-18.96  
790.8   	-18.99  
791.2   	-19.06  
791.6   	-19.07  
792     	-19.12  
792.4   	-19.21  
792.8   	-19.26  
793.2   	-19.24  
793.6   	-19.19  
794     	-19.2   
794.4   	-19.15  
794.8   	-19.07  
795.2   	-18.95  
795.6   	-18.93  
796     	-18.89  
796.4   	-18.85  
796.8   	-18.8   
797.2   	-18.82  
797.6   	-18.86  
798     	-18.86  
798.4   	-18.85  
798.8   	-18.9   
799.2   	-19     
799.6   	-19.07  
800     	-19.09  
800.4   	-19.09  
800.8   	-19.12  
801.2   	-19.12  
801.6   	-19.1   
802     	-19.08  
802.4   	-19.07  
802.8   	-19.1   
803.2   	-19.08  
803.6   	-19.07  
804     	-19.08  
804.4   	-19.1   
804.8   	-19.13  
805.2   	-19.16  
805.6   	-19.15  
806     	-19.15  
806.4   	-19.05  
806.8   	-19.01  
807.2   	-19     
807.6   	-19.04  
808     	-19.07  
808.4   	-19.15  
808.8   	-19.19  
809.2   	-19.28  
809.6   	-19.33  
810     	-19.4   
810.4   	-19.49  
810.8   	-19.52  
811.2   	-19.51  
811.6   	-19.51  
812     	-19.55  
812.4   	-19.59  
812.8   	-19.64  
813.2   	-19.67  
813.6   	-19.69  
814     	-19.72  
814.4   	-19.68  
814.8   	-19.65  
815.2   	-19.61  
815.6   	-19.5   
816     	-19.41  
816.4   	-19.4   
816.8   	-19.4   
817.2   	-19.42  
817.6   	-19.42  
818     	-19.5   
818.4   	-19.61  
818.8   	-19.66  
819.2   	-19.61  
819.6   	-19.58  
820     	-19.49  
820.4   	-19.43  
820.8   	-19.39  
821.2   	-19.41  
821.6   	-19.44  
822     	-19.48  
822.4   	-19.55  
822.8   	-19.64  
823.2   	-19.68  
823.6   	-19.69  
824     	-19.65  
824.4   	-19.61  
824.8   	-19.59  
825.2   	-19.51  
825.6   	-19.45  
826     	-19.37  
826.4   	-19.27  
826.8   	-19.15  
827.2   	-19.11  
827.6   	-19.13  
828     	-19.18  
828.4   	-19.21  
828.8   	-19.3   
829.2   	-19.44  
829.6   	-19.56  
830     	-19.74  
830.4   	-19.88  
830.8   	-19.91  
831.2   	-19.87  
831.6   	-19.76  
832     	-19.67  
832.4   	-19.63  
832.8   	-19.57  
833.2   	-19.55  
833.6   	-19.52  
834     	-19.5   
834.4   	-19.38  
834.8   	-19.22  
835.2   	-19.07  
835.6   	-18.99  
836     	-18.94  
836.4   	-18.95  
836.8   	-18.97  
837.2   	-19.04  
837.6   	-19.05  
838     	-19.09  
838.4   	-19.15  
838.8   	-19.2   
839.2   	-19.21  
839.6   	-19.25  
840     	-19.31  
840.4   	-19.4   
840.8   	-19.45  
841.2   	-19.51  
841.6   	-19.56  
842     	-19.62  
842.4   	-19.68  
842.8   	-19.73  
843.2   	-19.72  
843.6   	-19.57  
844     	-19.46  
844.4   	-19.46  
844.8   	-19.48  
845.2   	-19.48  
845.6   	-19.46  
846     	-19.46  
846.4   	-19.46  
846.8   	-19.51  
847.2   	-19.56  
847.6   	-19.61  
848     	-19.65  
848.4   	-19.59  
848.8   	-19.57  
849.2   	-19.56  
849.6   	-19.46  
850     	-19.31  
850.4   	-19.2   
850.8   	-19.12  
851.2   	-19.06  
851.6   	-19     
852     	-18.96  
852.4   	-18.91  
852.8   	-18.82  
853.2   	-18.67  
853.6   	-18.57  
854     	-18.52  
854.4   	-18.49  
854.8   	-18.45  
855.2   	-18.44  
855.6   	-18.45  
856     	-18.44  
856.4   	-18.41  
856.8   	-18.38  
857.2   	-18.39  
857.6   	-18.43  
858     	-18.48  
858.4   	-18.55  
858.8   	-18.59  
859.2   	-18.65  
859.6   	-18.71  
860     	-18.79  
860.4   	-18.81  
860.8   	-18.86  
861.2   	-18.88  
861.6   	-18.87  
862     	-18.87  
862.4   	-18.88  
862.8   	-18.96  
863.2   	-18.99  
863.6   	-19     
864     	-19.03  
864.4   	-19.11  
864.8   	-19.17  
865.2   	-19.22  
865.6   	-19.33  
866     	-19.44  
866.4   	-19.52  
866.8   	-19.53  
867.2   	-19.55  
867.6   	-19.58  
868     	-19.63  
868.4   	-19.66  
868.8   	-19.68  
869.2   	-19.67  
869.6   	-19.59  
870     	-19.56  
870.4   	-19.57  
870.8   	-19.58  
871.2   	-19.57  
871.6   	-19.57  
872     	-19.53  
872.4   	-19.51  
872.8   	-19.5   
873.2   	-19.53  
873.6   	-19.53  
874     	-19.55  
874.4   	-19.62  
874.8   	-19.68  
875.2   	-19.74  
875.6   	-19.72  
876     	-19.69  
876.4   	-19.66  
876.8   	-19.63  
877.2   	-19.62  
877.6   	-19.6   
878     	-19.57  
878.4   	-19.59  
878.8   	-19.57  
879.2   	-19.47  
879.6   	-19.35  
880     	-19.19  
880.4   	-19.03  
880.8   	-18.98  
881.2   	-19.05  
881.6   	-19.12  
882     	-19.19  
882.4   	-19.23  
882.8   	-19.3   
883.2   	-19.36  
883.6   	-19.33  
884     	-19.2   
884.4   	-19.1   
884.8   	-19.01  
885.2   	-18.97  
885.6   	-18.96  
886     	-19     
886.4   	-19.07  
886.8   	-19.15  
887.2   	-19.27  
887.6   	-19.37  
888     	-19.43  
888.4   	-19.47  
888.8   	-19.45  
889.2   	-19.36  
889.6   	-19.26  
890     	-19.19  
890.4   	-19.09  
890.8   	-19     
891.2   	-18.96  
891.6   	-18.94  
892     	-18.96  
892.4   	-19     
892.8   	-19.05  
893.2   	-19.08  
893.6   	-19.09  
894     	-19.11  
894.4   	-19.15  
894.8   	-19.19  
895.2   	-19.2   
895.6   	-19.19  
896     	-19.19  
896.4   	-19.17  
896.8   	-19.1   
897.2   	-19     
897.6   	-18.98  
898     	-18.96  
898.4   	-18.94  
898.8   	-18.9   
899.2   	-18.78  
899.6   	-18.66  
900     	-18.67  
900.4   	-18.65  
900.8   	-18.68  
901.2   	-18.7   
901.6   	-18.73  
902     	-18.78  
902.4   	-18.85  
902.8   	-18.92  
903.2   	-18.98  
903.6   	-18.98  
904     	-18.95  
904.4   	-18.98  
904.8   	-19.06  
905.2   	-19.17  
905.6   	-19.3   
906     	-19.44  
906.4   	-19.51  
906.8   	-19.51  
907.2   	-19.5   
907.6   	-19.45  
908     	-19.36  
908.4   	-19.25  
908.8   	-19.15  
909.2   	-19.06  
909.6   	-19.05  
910     	-19.14  
910.4   	-19.2   
910.8   	-19.21  
911.2   	-19.19  
911.6   	-19.17  
912     	-19.19  
912.4   	-19.12  
912.8   	-19.02  
913.2   	-18.99  
913.6   	-18.92  
914     	-18.78  
914.4   	-18.64  
914.8   	-18.55  
915.2   	-18.54  
915.6   	-18.53  
916     	-18.58  
916.4   	-18.61  
916.8   	-18.62  
917.2   	-18.63  
917.6   	-18.65  
918     	-18.65  
918.4   	-18.62  
918.8   	-18.56  
919.2   	-18.52  
919.6   	-18.46  
920     	-18.43  
920.4   	-18.35  
920.8   	-18.34  
921.2   	-18.37  
921.6   	-18.37  
922     	-18.43  
922.4   	-18.53  
922.8   	-18.66  
923.2   	-18.77  
923.6   	-18.9   
924     	-19     
924.4   	-19.06  
924.8   	-19.11  
925.2   	-19.14  
925.6   	-19.2   
926     	-19.23  
926.4   	-19.29  
926.8   	-19.34  
927.2   	-19.35  
927.6   	-19.4   
928     	-19.44  
928.4   	-19.43  
928.8   	-19.42  
929.2   	-19.45  
929.6   	-19.38  
930     	-19.3   
930.4   	-19.24  
930.8   	-19.21  
931.2   	-19.22  
931.6   	-19.23  
932     	-19.26  
932.4   	-19.33  
932.8   	-19.28  
933.2   	-19.25  
933.6   	-19.28  
934     	-19.26  
934.4   	-19.15  
934.8   	-19.09  
935.2   	-19.03  
935.6   	-19.02  
936     	-19.03  
936.4   	-19.04  
936.8   	-19.07  
937.2   	-19.03  
937.6   	-19.03  
938     	-19.07  
938.4   	-19.05  
938.8   	-19.05  
939.2   	-19.02  
939.6   	-19     
940     	-19.06  
940.4   	-19.03  
940.8   	-18.98  
941.2   	-18.94  
941.6   	-18.9   
942     	-18.86  
942.4   	-18.86  
942.8   	-18.87  
943.2   	-18.87  
943.6   	-18.89  
944     	-18.88  
944.4   	-18.91  
944.8   	-18.95  
945.2   	-19.02  
945.6   	-19.12  
946     	-19.18  
946.4   	-19.24  
946.8   	-19.32  
947.2   	-19.35  
947.6   	-19.41  
948     	-19.5   
948.4   	-19.51  
948.8   	-19.53  
949.2   	-19.54  
949.6   	-19.52  
950     	-19.47  
950.4   	-19.37  
950.8   	-19.27  
951.2   	-19.16  
951.6   	-19.05  
952     	-18.96  
952.4   	-18.89  
952.8   	-18.87  
953.2   	-18.91  
953.6   	-19.03  
954     	-19.11  
954.4   	-19.15  
954.8   	-19.17  
955.2   	-19.19  
955.6   	-19.17  
956     	-19.12  
956.4   	-19.09  
956.8   	-19.09  
957.2   	-19.09  
957.6   	-19     
958     	-18.89  
958.4   	-18.79  
958.8   	-18.76  
959.2   	-18.79  
959.6   	-18.79  
960     	-18.82  
960.4   	-18.9   
960.8   	-18.99  
961.2   	-19.05  
961.6   	-19.04  
962     	-19.07  
962.4   	-19.1   
962.8   	-19.06  
963.2   	-19.03  
963.6   	-19.06  
964     	-19.1   
964.4   	-19.12  
964.8   	-19.11  
965.2   	-19.2   
965.6   	-19.31  
966     	-19.38  
966.4   	-19.45  
966.8   	-19.51  
967.2   	-19.51  
967.6   	-19.48  
968     	-19.44  
968.4   	-19.4   
968.8   	-19.41  
969.2   	-19.43  
969.6   	-19.52  
970     	-19.61  
970.4   	-19.66  
970.8   	-19.72  
971.2   	-19.76  
971.6   	-19.82  
972     	-19.86  
972.4   	-19.92  
972.8   	-19.98  
973.2   	-20.02  
973.6   	-20     
974     	-20     
974.4   	-20     
974.8   	-19.99  
975.2   	-19.98  
975.6   	-19.86  
976     	-19.75  
976.4   	-19.63  
976.8   	-19.57  
977.2   	-19.52  
977.6   	-19.47  
978     	-19.46  
978.4   	-19.41  
978.8   	-19.33  
979.2   	-19.22  
979.6   	-19.13  
980     	-19.07  
980.4   	-18.99  
980.8   	-18.94  
981.2   	-18.92  
981.6   	-18.93  
982     	-18.96  
982.4   	-19.06  
982.8   	-19.19  
983.2   	-19.26  
983.6   	-19.38  
984     	-19.5   
984.4   	-19.59  
984.8   	-19.64  
985.2   	-19.61  
985.6   	-19.52  
986     	-19.5   
986.4   	-19.48  
986.8   	-19.41  
987.2   	-19.34  
987.6   	-19.32  
988     	-19.27  
988.4   	-19.22  
988.8   	-19.11  
989.2   	-19.02  
989.6   	-19.06  
990     	-19.08  
990.4   	-19.04  
990.8   	-19.02  
991.2   	-19.01  
991.6   	-19.07  
992     	-19.09  
992.4   	-19.05  
992.8   	-18.96  
993.2   	-18.86  
993.6   	-18.81  
994     	-18.79  
994.4   	-18.75  
994.8   	-18.67  
995.2   	-18.6   
995.6   	-18.54  
996     	-18.6   
996.4   	-18.69  
996.8   	-18.77  
997.2   	-18.83  
997.6   	-18.87  
998     	-18.86  
998.4   	-18.91  
998.8   	-18.98  
999.2   	-19.02  
999.6   	-18.98  
