
SWEPT_VAR_1 = 5.0    // Syn: Source PP \ NetStim \ PARAMETER \ interval (ms)

t	s.v( 0.05 )
ms	mV
0       	-64.65  
0.4     	-65.51  
0.8     	-66.35  
1.2     	-67.15  
1.6     	-67.92  
2       	-68.66  
2.4     	-68.73  
2.8     	-66.29  
3.2     	-61.26  
3.6     	-54.04  
4       	-33.85  
4.4     	44.63   
4.8     	34.14   
5.2     	17.63   
5.6     	0.8126  
6       	-13.96  
6.4     	-26.89  
6.8     	-36.58  
7.2     	-41.26  
7.6     	-42.42  
8       	-41.53  
8.4     	-39.31  
8.8     	-36.05  
9.2     	-31.82  
9.6     	-27.55  
10      	-24.68  
10.4    	-23.66  
10.8    	-24.13  
11.2    	-25.26  
11.6    	-26.31  
12      	-27.01  
12.4    	-27.13  
12.8    	-26.82  
13.2    	-26.19  
13.6    	-25.55  
14      	-24.89  
14.4    	-24.31  
14.8    	-23.81  
15.2    	-23.28  
15.6    	-22.75  
16      	-22.23  
16.4    	-21.67  
16.8    	-21.16  
17.2    	-20.73  
17.6    	-20.29  
18      	-19.87  
18.4    	-19.48  
18.8    	-19.18  
19.2    	-18.89  
19.6    	-18.61  
20      	-18.23  
20.4    	-17.85  
20.8    	-17.53  
21.2    	-17.21  
21.6    	-16.89  
22      	-16.66  
22.4    	-16.42  
22.8    	-16.16  
23.2    	-15.93  
23.6    	-15.73  
24      	-15.57  
24.4    	-15.41  
24.8    	-15.23  
25.2    	-15.08  
25.6    	-14.94  
26      	-14.83  
26.4    	-14.74  
26.8    	-14.65  
27.2    	-14.57  
27.6    	-14.49  
28      	-14.43  
28.4    	-14.4   
28.8    	-14.37  
29.2    	-14.34  
29.6    	-14.3   
30      	-14.29  
30.4    	-14.23  
30.8    	-14.15  
31.2    	-14.08  
31.6    	-14.01  
32      	-13.94  
32.4    	-13.89  
32.8    	-13.83  
33.2    	-13.78  
33.6    	-13.8   
34      	-13.83  
34.4    	-13.87  
34.8    	-13.88  
35.2    	-13.91  
35.6    	-13.93  
36      	-13.94  
36.4    	-13.95  
36.8    	-13.98  
37.2    	-13.96  
37.6    	-13.92  
38      	-13.93  
38.4    	-13.93  
38.8    	-13.92  
39.2    	-13.93  
39.6    	-13.92  
40      	-13.94  
40.4    	-13.96  
40.8    	-13.92  
41.2    	-13.96  
41.6    	-13.96  
42      	-13.99  
42.4    	-14.02  
42.8    	-13.97  
43.2    	-13.93  
43.6    	-13.94  
44      	-13.91  
44.4    	-13.9   
44.8    	-13.9   
45.2    	-13.93  
45.6    	-14.03  
46      	-14.05  
46.4    	-13.96  
46.8    	-13.91  
47.2    	-13.86  
47.6    	-13.8   
48      	-13.83  
48.4    	-13.82  
48.8    	-13.8   
49.2    	-13.78  
49.6    	-13.71  
50      	-13.64  
50.4    	-13.67  
50.8    	-13.72  
51.2    	-13.74  
51.6    	-13.71  
52      	-13.72  
52.4    	-13.75  
52.8    	-13.78  
53.2    	-13.75  
53.6    	-13.74  
54      	-13.81  
54.4    	-13.85  
54.8    	-13.81  
55.2    	-13.76  
55.6    	-13.82  
56      	-13.85  
56.4    	-13.86  
56.8    	-13.89  
57.2    	-13.85  
57.6    	-13.84  
58      	-13.84  
58.4    	-13.83  
58.8    	-13.79  
59.2    	-13.73  
59.6    	-13.72  
60      	-13.71  
60.4    	-13.74  
60.8    	-13.77  
61.2    	-13.79  
61.6    	-13.79  
62      	-13.78  
62.4    	-13.78  
62.8    	-13.73  
63.2    	-13.71  
63.6    	-13.77  
64      	-13.77  
64.4    	-13.78  
64.8    	-13.77  
65.2    	-13.77  
65.6    	-13.76  
66      	-13.73  
66.4    	-13.68  
66.8    	-13.63  
67.2    	-13.63  
67.6    	-13.67  
68      	-13.66  
68.4    	-13.63  
68.8    	-13.58  
69.2    	-13.58  
69.6    	-13.57  
70      	-13.56  
70.4    	-13.51  
70.8    	-13.5   
71.2    	-13.43  
71.6    	-13.38  
72      	-13.36  
72.4    	-13.36  
72.8    	-13.36  
73.2    	-13.4   
73.6    	-13.4   
74      	-13.42  
74.4    	-13.45  
74.8    	-13.44  
75.2    	-13.43  
75.6    	-13.37  
76      	-13.37  
76.4    	-13.42  
76.8    	-13.48  
77.2    	-13.54  
77.6    	-13.58  
78      	-13.6   
78.4    	-13.68  
78.8    	-13.74  
79.2    	-13.75  
79.6    	-13.75  
80      	-13.76  
80.4    	-13.79  
80.8    	-13.74  
81.2    	-13.72  
81.6    	-13.75  
82      	-13.78  
82.4    	-13.8   
82.8    	-13.81  
83.2    	-13.8   
83.6    	-13.81  
84      	-13.77  
84.4    	-13.74  
84.8    	-13.72  
85.2    	-13.7   
85.6    	-13.68  
86      	-13.64  
86.4    	-13.66  
86.8    	-13.61  
87.2    	-13.56  
87.6    	-13.52  
88      	-13.56  
88.4    	-13.6   
88.8    	-13.64  
89.2    	-13.69  
89.6    	-13.73  
90      	-13.75  
90.4    	-13.81  
90.8    	-13.82  
91.2    	-13.81  
91.6    	-13.81  
92      	-13.87  
92.4    	-13.92  
92.8    	-13.95  
93.2    	-13.99  
93.6    	-14.02  
94      	-14     
94.4    	-14.04  
94.8    	-14.08  
95.2    	-14.1   
95.6    	-14.1   
96      	-14.09  
96.4    	-14.06  
96.8    	-14.03  
97.2    	-13.98  
97.6    	-13.99  
98      	-13.93  
98.4    	-13.91  
98.8    	-13.9   
99.2    	-13.89  
99.6    	-13.92  
100     	-13.92  
100.4   	-13.92  
100.8   	-13.87  
101.2   	-13.78  
101.6   	-13.7   
102     	-13.7   
102.4   	-13.73  
102.8   	-13.75  
103.2   	-13.71  
103.6   	-13.73  
104     	-13.73  
104.4   	-13.7   
104.8   	-13.65  
105.2   	-13.67  
105.6   	-13.66  
106     	-13.66  
106.4   	-13.66  
106.8   	-13.65  
107.2   	-13.66  
107.6   	-13.67  
108     	-13.65  
108.4   	-13.6   
108.8   	-13.6   
109.2   	-13.61  
109.6   	-13.61  
110     	-13.55  
110.4   	-13.5   
110.8   	-13.47  
111.2   	-13.45  
111.6   	-13.5   
112     	-13.51  
112.4   	-13.5   
112.8   	-13.48  
113.2   	-13.49  
113.6   	-13.49  
114     	-13.53  
114.4   	-13.57  
114.8   	-13.64  
115.2   	-13.68  
115.6   	-13.67  
116     	-13.67  
116.4   	-13.67  
116.8   	-13.64  
117.2   	-13.56  
117.6   	-13.51  
118     	-13.46  
118.4   	-13.42  
118.8   	-13.4   
119.2   	-13.44  
119.6   	-13.47  
120     	-13.47  
120.4   	-13.56  
120.8   	-13.53  
121.2   	-13.52  
121.6   	-13.53  
122     	-13.57  
122.4   	-13.62  
122.8   	-13.67  
123.2   	-13.7   
123.6   	-13.74  
124     	-13.75  
124.4   	-13.75  
124.8   	-13.72  
125.2   	-13.74  
125.6   	-13.74  
126     	-13.74  
126.4   	-13.76  
126.8   	-13.79  
127.2   	-13.81  
127.6   	-13.85  
128     	-13.9   
128.4   	-13.85  
128.8   	-13.81  
129.2   	-13.76  
129.6   	-13.76  
130     	-13.8   
130.4   	-13.84  
130.8   	-13.85  
131.2   	-13.83  
131.6   	-13.78  
132     	-13.77  
132.4   	-13.74  
132.8   	-13.76  
133.2   	-13.74  
133.6   	-13.77  
134     	-13.8   
134.4   	-13.8   
134.8   	-13.78  
135.2   	-13.74  
135.6   	-13.7   
136     	-13.71  
136.4   	-13.7   
136.8   	-13.67  
137.2   	-13.67  
137.6   	-13.69  
138     	-13.66  
138.4   	-13.66  
138.8   	-13.7   
139.2   	-13.7   
139.6   	-13.68  
140     	-13.68  
140.4   	-13.68  
140.8   	-13.72  
141.2   	-13.76  
141.6   	-13.78  
142     	-13.76  
142.4   	-13.72  
142.8   	-13.67  
143.2   	-13.68  
143.6   	-13.75  
144     	-13.78  
144.4   	-13.83  
144.8   	-13.86  
145.2   	-13.9   
145.6   	-13.88  
146     	-13.9   
146.4   	-13.89  
146.8   	-13.86  
147.2   	-13.83  
147.6   	-13.83  
148     	-13.84  
148.4   	-13.85  
148.8   	-13.88  
149.2   	-13.8   
149.6   	-13.79  
150     	-13.77  
150.4   	-13.7   
150.8   	-13.66  
151.2   	-13.64  
151.6   	-13.64  
152     	-13.64  
152.4   	-13.57  
152.8   	-13.49  
153.2   	-13.43  
153.6   	-13.42  
154     	-13.47  
154.4   	-13.53  
154.8   	-13.55  
155.2   	-13.56  
155.6   	-13.58  
156     	-13.57  
156.4   	-13.52  
156.8   	-13.54  
157.2   	-13.56  
157.6   	-13.51  
158     	-13.5   
158.4   	-13.5   
158.8   	-13.47  
159.2   	-13.37  
159.6   	-13.29  
160     	-13.26  
160.4   	-13.29  
160.8   	-13.33  
161.2   	-13.39  
161.6   	-13.38  
162     	-13.34  
162.4   	-13.33  
162.8   	-13.4   
163.2   	-13.46  
163.6   	-13.49  
164     	-13.53  
164.4   	-13.54  
164.8   	-13.54  
165.2   	-13.53  
165.6   	-13.51  
166     	-13.54  
166.4   	-13.61  
166.8   	-13.66  
167.2   	-13.66  
167.6   	-13.69  
168     	-13.73  
168.4   	-13.73  
168.8   	-13.73  
169.2   	-13.74  
169.6   	-13.74  
170     	-13.79  
170.4   	-13.83  
170.8   	-13.8   
171.2   	-13.83  
171.6   	-13.81  
172     	-13.76  
172.4   	-13.72  
172.8   	-13.68  
173.2   	-13.69  
173.6   	-13.71  
174     	-13.76  
174.4   	-13.76  
174.8   	-13.79  
175.2   	-13.83  
175.6   	-13.85  
176     	-13.86  
176.4   	-13.92  
176.8   	-13.88  
177.2   	-13.9   
177.6   	-13.87  
178     	-13.84  
178.4   	-13.79  
178.8   	-13.76  
179.2   	-13.75  
179.6   	-13.74  
180     	-13.76  
180.4   	-13.8   
180.8   	-13.87  
181.2   	-13.84  
181.6   	-13.79  
182     	-13.72  
182.4   	-13.7   
182.8   	-13.72  
183.2   	-13.69  
183.6   	-13.67  
184     	-13.66  
184.4   	-13.61  
184.8   	-13.54  
185.2   	-13.46  
185.6   	-13.49  
186     	-13.54  
186.4   	-13.59  
186.8   	-13.67  
187.2   	-13.61  
187.6   	-13.61  
188     	-13.64  
188.4   	-13.65  
188.8   	-13.62  
189.2   	-13.65  
189.6   	-13.66  
190     	-13.71  
190.4   	-13.72  
190.8   	-13.74  
191.2   	-13.74  
191.6   	-13.78  
192     	-13.78  
192.4   	-13.76  
192.8   	-13.8   
193.2   	-13.79  
193.6   	-13.72  
194     	-13.7   
194.4   	-13.68  
194.8   	-13.69  
195.2   	-13.69  
195.6   	-13.68  
196     	-13.66  
196.4   	-13.61  
196.8   	-13.58  
197.2   	-13.59  
197.6   	-13.6   
198     	-13.61  
198.4   	-13.64  
198.8   	-13.69  
199.2   	-13.68  
199.6   	-13.69  
200     	-13.71  
200.4   	-13.7   
200.8   	-13.7   
201.2   	-13.74  
201.6   	-13.72  
202     	-13.76  
202.4   	-13.77  
202.8   	-13.8   
203.2   	-13.76  
203.6   	-13.72  
204     	-13.75  
204.4   	-13.73  
204.8   	-13.74  
205.2   	-13.76  
205.6   	-13.8   
206     	-13.77  
206.4   	-13.78  
206.8   	-13.76  
207.2   	-13.75  
207.6   	-13.75  
208     	-13.71  
208.4   	-13.66  
208.8   	-13.62  
209.2   	-13.64  
209.6   	-13.72  
210     	-13.75  
210.4   	-13.76  
210.8   	-13.73  
211.2   	-13.68  
211.6   	-13.59  
212     	-13.59  
212.4   	-13.62  
212.8   	-13.63  
213.2   	-13.71  
213.6   	-13.77  
214     	-13.81  
214.4   	-13.84  
214.8   	-13.84  
215.2   	-13.83  
215.6   	-13.8   
216     	-13.76  
216.4   	-13.72  
216.8   	-13.68  
217.2   	-13.68  
217.6   	-13.69  
218     	-13.71  
218.4   	-13.76  
218.8   	-13.77  
219.2   	-13.78  
219.6   	-13.77  
220     	-13.79  
220.4   	-13.76  
220.8   	-13.74  
221.2   	-13.75  
221.6   	-13.69  
222     	-13.66  
222.4   	-13.64  
222.8   	-13.66  
223.2   	-13.7   
223.6   	-13.73  
224     	-13.71  
224.4   	-13.68  
224.8   	-13.62  
225.2   	-13.52  
225.6   	-13.44  
226     	-13.42  
226.4   	-13.41  
226.8   	-13.38  
227.2   	-13.37  
227.6   	-13.35  
228     	-13.31  
228.4   	-13.32  
228.8   	-13.31  
229.2   	-13.32  
229.6   	-13.33  
230     	-13.34  
230.4   	-13.37  
230.8   	-13.41  
231.2   	-13.49  
231.6   	-13.53  
232     	-13.54  
232.4   	-13.58  
232.8   	-13.58  
233.2   	-13.62  
233.6   	-13.62  
234     	-13.59  
234.4   	-13.58  
234.8   	-13.55  
235.2   	-13.59  
235.6   	-13.61  
236     	-13.59  
236.4   	-13.59  
236.8   	-13.61  
237.2   	-13.6   
237.6   	-13.61  
238     	-13.63  
238.4   	-13.68  
238.8   	-13.75  
239.2   	-13.77  
239.6   	-13.76  
240     	-13.7   
240.4   	-13.64  
240.8   	-13.62  
241.2   	-13.66  
241.6   	-13.68  
242     	-13.69  
242.4   	-13.71  
242.8   	-13.74  
243.2   	-13.78  
243.6   	-13.77  
244     	-13.78  
244.4   	-13.72  
244.8   	-13.64  
245.2   	-13.58  
245.6   	-13.54  
246     	-13.55  
246.4   	-13.53  
246.8   	-13.52  
247.2   	-13.52  
247.6   	-13.56  
248     	-13.55  
248.4   	-13.57  
248.8   	-13.57  
249.2   	-13.55  
249.6   	-13.6   
250     	-13.64  
250.4   	-13.66  
250.8   	-13.65  
251.2   	-13.68  
251.6   	-13.66  
252     	-13.62  
252.4   	-13.58  
252.8   	-13.54  
253.2   	-13.55  
253.6   	-13.61  
254     	-13.67  
254.4   	-13.7   
254.8   	-13.74  
255.2   	-13.76  
255.6   	-13.69  
256     	-13.6   
256.4   	-13.58  
256.8   	-13.59  
257.2   	-13.6   
257.6   	-13.65  
258     	-13.63  
258.4   	-13.64  
258.8   	-13.66  
259.2   	-13.65  
259.6   	-13.59  
260     	-13.57  
260.4   	-13.56  
260.8   	-13.59  
261.2   	-13.56  
261.6   	-13.53  
262     	-13.57  
262.4   	-13.66  
262.8   	-13.69  
263.2   	-13.72  
263.6   	-13.73  
264     	-13.7   
264.4   	-13.68  
264.8   	-13.66  
265.2   	-13.65  
265.6   	-13.65  
266     	-13.61  
266.4   	-13.57  
266.8   	-13.53  
267.2   	-13.49  
267.6   	-13.47  
268     	-13.48  
268.4   	-13.51  
268.8   	-13.51  
269.2   	-13.54  
269.6   	-13.54  
270     	-13.54  
270.4   	-13.53  
270.8   	-13.57  
271.2   	-13.62  
271.6   	-13.67  
272     	-13.74  
272.4   	-13.77  
272.8   	-13.8   
273.2   	-13.83  
273.6   	-13.85  
274     	-13.85  
274.4   	-13.86  
274.8   	-13.88  
275.2   	-13.91  
275.6   	-13.84  
276     	-13.8   
276.4   	-13.78  
276.8   	-13.77  
277.2   	-13.82  
277.6   	-13.84  
278     	-13.82  
278.4   	-13.78  
278.8   	-13.75  
279.2   	-13.77  
279.6   	-13.79  
280     	-13.77  
280.4   	-13.79  
280.8   	-13.8   
281.2   	-13.83  
281.6   	-13.83  
282     	-13.87  
282.4   	-13.9   
282.8   	-13.85  
283.2   	-13.87  
283.6   	-13.87  
284     	-13.88  
284.4   	-13.89  
284.8   	-13.93  
285.2   	-13.95  
285.6   	-13.99  
286     	-13.96  
286.4   	-13.89  
286.8   	-13.85  
287.2   	-13.85  
287.6   	-13.83  
288     	-13.87  
288.4   	-13.84  
288.8   	-13.8   
289.2   	-13.73  
289.6   	-13.61  
290     	-13.58  
290.4   	-13.56  
290.8   	-13.57  
291.2   	-13.63  
291.6   	-13.67  
292     	-13.69  
292.4   	-13.77  
292.8   	-13.83  
293.2   	-13.92  
293.6   	-14.02  
294     	-14.06  
294.4   	-14.03  
294.8   	-14.05  
295.2   	-14.09  
295.6   	-14.05  
296     	-14.06  
296.4   	-14.07  
296.8   	-14.05  
297.2   	-14.03  
297.6   	-14.09  
298     	-14.09  
298.4   	-14.06  
298.8   	-13.99  
299.2   	-13.96  
299.6   	-13.94  
300     	-14.01  
300.4   	-14.06  
300.8   	-14.03  
301.2   	-14     
301.6   	-14.02  
302     	-14     
302.4   	-13.96  
302.8   	-13.94  
303.2   	-13.94  
303.6   	-13.94  
304     	-13.88  
304.4   	-13.8   
304.8   	-13.73  
305.2   	-13.71  
305.6   	-13.74  
306     	-13.77  
306.4   	-13.77  
306.8   	-13.77  
307.2   	-13.76  
307.6   	-13.73  
308     	-13.67  
308.4   	-13.6   
308.8   	-13.6   
309.2   	-13.6   
309.6   	-13.63  
310     	-13.59  
310.4   	-13.64  
310.8   	-13.65  
311.2   	-13.65  
311.6   	-13.59  
312     	-13.55  
312.4   	-13.59  
312.8   	-13.63  
313.2   	-13.59  
313.6   	-13.64  
314     	-13.67  
314.4   	-13.67  
314.8   	-13.65  
315.2   	-13.61  
315.6   	-13.54  
316     	-13.54  
316.4   	-13.55  
316.8   	-13.54  
317.2   	-13.54  
317.6   	-13.51  
318     	-13.53  
318.4   	-13.52  
318.8   	-13.5   
319.2   	-13.49  
319.6   	-13.47  
320     	-13.46  
320.4   	-13.44  
320.8   	-13.41  
321.2   	-13.44  
321.6   	-13.37  
322     	-13.43  
322.4   	-13.44  
322.8   	-13.44  
323.2   	-13.44  
323.6   	-13.47  
324     	-13.5   
324.4   	-13.48  
324.8   	-13.48  
325.2   	-13.49  
325.6   	-13.52  
326     	-13.54  
326.4   	-13.55  
326.8   	-13.58  
327.2   	-13.61  
327.6   	-13.61  
328     	-13.63  
328.4   	-13.64  
328.8   	-13.67  
329.2   	-13.71  
329.6   	-13.69  
330     	-13.7   
330.4   	-13.73  
330.8   	-13.8   
331.2   	-13.84  
331.6   	-13.89  
332     	-13.91  
332.4   	-13.9   
332.8   	-13.92  
333.2   	-13.94  
333.6   	-13.89  
334     	-13.88  
334.4   	-13.84  
334.8   	-13.82  
335.2   	-13.81  
335.6   	-13.81  
336     	-13.83  
336.4   	-13.94  
336.8   	-14.04  
337.2   	-14.07  
337.6   	-14.02  
338     	-14.05  
338.4   	-14.12  
338.8   	-14.17  
339.2   	-14.24  
339.6   	-14.25  
340     	-14.18  
340.4   	-14.03  
340.8   	-13.99  
341.2   	-13.96  
341.6   	-13.96  
342     	-13.93  
342.4   	-13.87  
342.8   	-13.91  
343.2   	-13.95  
343.6   	-13.94  
344     	-13.95  
344.4   	-13.87  
344.8   	-13.82  
345.2   	-13.79  
345.6   	-13.76  
346     	-13.78  
346.4   	-13.72  
346.8   	-13.73  
347.2   	-13.73  
347.6   	-13.75  
348     	-13.74  
348.4   	-13.73  
348.8   	-13.75  
349.2   	-13.71  
349.6   	-13.63  
350     	-13.6   
350.4   	-13.56  
350.8   	-13.55  
351.2   	-13.56  
351.6   	-13.54  
352     	-13.57  
352.4   	-13.57  
352.8   	-13.62  
353.2   	-13.63  
353.6   	-13.62  
354     	-13.68  
354.4   	-13.69  
354.8   	-13.69  
355.2   	-13.73  
355.6   	-13.78  
356     	-13.81  
356.4   	-13.75  
356.8   	-13.74  
357.2   	-13.7   
357.6   	-13.73  
358     	-13.75  
358.4   	-13.76  
358.8   	-13.8   
359.2   	-13.82  
359.6   	-13.79  
360     	-13.69  
360.4   	-13.6   
360.8   	-13.53  
361.2   	-13.56  
361.6   	-13.59  
362     	-13.6   
362.4   	-13.6   
362.8   	-13.57  
363.2   	-13.49  
363.6   	-13.52  
364     	-13.61  
364.4   	-13.6   
364.8   	-13.52  
365.2   	-13.47  
365.6   	-13.48  
366     	-13.51  
366.4   	-13.56  
366.8   	-13.6   
367.2   	-13.6   
367.6   	-13.64  
368     	-13.73  
368.4   	-13.83  
368.8   	-13.85  
369.2   	-13.83  
369.6   	-13.84  
370     	-13.91  
370.4   	-13.97  
370.8   	-14     
371.2   	-13.97  
371.6   	-13.94  
372     	-13.85  
372.4   	-13.81  
372.8   	-13.82  
373.2   	-13.78  
373.6   	-13.72  
374     	-13.65  
374.4   	-13.58  
374.8   	-13.55  
375.2   	-13.56  
375.6   	-13.55  
376     	-13.56  
376.4   	-13.56  
376.8   	-13.58  
377.2   	-13.61  
377.6   	-13.65  
378     	-13.66  
378.4   	-13.66  
378.8   	-13.62  
379.2   	-13.6   
379.6   	-13.59  
380     	-13.59  
380.4   	-13.61  
380.8   	-13.63  
381.2   	-13.65  
381.6   	-13.66  
382     	-13.68  
382.4   	-13.66  
382.8   	-13.68  
383.2   	-13.7   
383.6   	-13.71  
384     	-13.71  
384.4   	-13.72  
384.8   	-13.72  
385.2   	-13.68  
385.6   	-13.68  
386     	-13.7   
386.4   	-13.72  
386.8   	-13.75  
387.2   	-13.71  
387.6   	-13.77  
388     	-13.83  
388.4   	-13.88  
388.8   	-13.88  
389.2   	-13.82  
389.6   	-13.79  
390     	-13.81  
390.4   	-13.79  
390.8   	-13.72  
391.2   	-13.75  
391.6   	-13.78  
392     	-13.81  
392.4   	-13.8   
392.8   	-13.8   
393.2   	-13.84  
393.6   	-13.91  
394     	-13.94  
394.4   	-13.94  
394.8   	-13.95  
395.2   	-13.94  
395.6   	-13.92  
396     	-13.9   
396.4   	-13.86  
396.8   	-13.85  
397.2   	-13.86  
397.6   	-13.85  
398     	-13.87  
398.4   	-13.82  
398.8   	-13.8   
399.2   	-13.78  
399.6   	-13.7   
400     	-13.66  
400.4   	-13.67  
400.8   	-13.69  
401.2   	-13.76  
401.6   	-13.74  
402     	-13.75  
402.4   	-13.76  
402.8   	-13.76  
403.2   	-13.72  
403.6   	-13.72  
404     	-13.67  
404.4   	-13.64  
404.8   	-13.6   
405.2   	-13.55  
405.6   	-13.54  
406     	-13.58  
406.4   	-13.6   
406.8   	-13.63  
407.2   	-13.65  
407.6   	-13.71  
408     	-13.74  
408.4   	-13.78  
408.8   	-13.75  
409.2   	-13.72  
409.6   	-13.69  
410     	-13.67  
410.4   	-13.71  
410.8   	-13.78  
411.2   	-13.75  
411.6   	-13.73  
412     	-13.69  
412.4   	-13.68  
412.8   	-13.68  
413.2   	-13.65  
413.6   	-13.62  
414     	-13.64  
414.4   	-13.67  
414.8   	-13.69  
415.2   	-13.68  
415.6   	-13.63  
416     	-13.55  
416.4   	-13.56  
416.8   	-13.58  
417.2   	-13.59  
417.6   	-13.6   
418     	-13.6   
418.4   	-13.64  
418.8   	-13.68  
419.2   	-13.72  
419.6   	-13.79  
420     	-13.81  
420.4   	-13.73  
420.8   	-13.66  
421.2   	-13.65  
421.6   	-13.65  
422     	-13.67  
422.4   	-13.67  
422.8   	-13.6   
423.2   	-13.58  
423.6   	-13.54  
424     	-13.48  
424.4   	-13.47  
424.8   	-13.51  
425.2   	-13.54  
425.6   	-13.56  
426     	-13.6   
426.4   	-13.6   
426.8   	-13.66  
427.2   	-13.69  
427.6   	-13.73  
428     	-13.79  
428.4   	-13.89  
428.8   	-13.97  
429.2   	-14.03  
429.6   	-14.06  
430     	-14.08  
430.4   	-14.08  
430.8   	-14.09  
431.2   	-14.04  
431.6   	-14.02  
432     	-14.05  
432.4   	-14.06  
432.8   	-14.05  
433.2   	-14.07  
433.6   	-14.07  
434     	-14.06  
434.4   	-14.03  
434.8   	-14.03  
435.2   	-14.03  
435.6   	-14.04  
436     	-14.03  
436.4   	-14.04  
436.8   	-14     
437.2   	-13.96  
437.6   	-13.96  
438     	-13.92  
438.4   	-13.83  
438.8   	-13.77  
439.2   	-13.7   
439.6   	-13.63  
440     	-13.59  
440.4   	-13.56  
440.8   	-13.56  
441.2   	-13.55  
441.6   	-13.52  
442     	-13.49  
442.4   	-13.46  
442.8   	-13.44  
443.2   	-13.48  
443.6   	-13.53  
444     	-13.55  
444.4   	-13.59  
444.8   	-13.61  
445.2   	-13.61  
445.6   	-13.64  
446     	-13.68  
446.4   	-13.7   
446.8   	-13.75  
447.2   	-13.8   
447.6   	-13.82  
448     	-13.78  
448.4   	-13.76  
448.8   	-13.79  
449.2   	-13.76  
449.6   	-13.65  
450     	-13.63  
450.4   	-13.62  
450.8   	-13.6   
451.2   	-13.64  
451.6   	-13.68  
452     	-13.7   
452.4   	-13.75  
452.8   	-13.74  
453.2   	-13.68  
453.6   	-13.63  
454     	-13.61  
454.4   	-13.59  
454.8   	-13.59  
455.2   	-13.56  
455.6   	-13.54  
456     	-13.5   
456.4   	-13.47  
456.8   	-13.5   
457.2   	-13.55  
457.6   	-13.57  
458     	-13.58  
458.4   	-13.54  
458.8   	-13.51  
459.2   	-13.54  
459.6   	-13.49  
460     	-13.47  
460.4   	-13.46  
460.8   	-13.51  
461.2   	-13.58  
461.6   	-13.58  
462     	-13.62  
462.4   	-13.61  
462.8   	-13.58  
463.2   	-13.48  
463.6   	-13.44  
464     	-13.47  
464.4   	-13.5   
464.8   	-13.52  
465.2   	-13.55  
465.6   	-13.49  
466     	-13.47  
466.4   	-13.51  
466.8   	-13.56  
467.2   	-13.58  
467.6   	-13.6   
468     	-13.64  
468.4   	-13.66  
468.8   	-13.74  
469.2   	-13.79  
469.6   	-13.83  
470     	-13.91  
470.4   	-13.93  
470.8   	-13.92  
471.2   	-13.87  
471.6   	-13.78  
472     	-13.7   
472.4   	-13.7   
472.8   	-13.71  
473.2   	-13.66  
473.6   	-13.67  
474     	-13.66  
474.4   	-13.6   
474.8   	-13.52  
475.2   	-13.55  
475.6   	-13.6   
476     	-13.63  
476.4   	-13.63  
476.8   	-13.62  
477.2   	-13.59  
477.6   	-13.63  
478     	-13.72  
478.4   	-13.8   
478.8   	-13.83  
479.2   	-13.81  
479.6   	-13.77  
480     	-13.77  
480.4   	-13.79  
480.8   	-13.83  
481.2   	-13.88  
481.6   	-13.92  
482     	-13.91  
482.4   	-13.89  
482.8   	-13.91  
483.2   	-13.93  
483.6   	-13.97  
484     	-13.94  
484.4   	-13.96  
484.8   	-13.97  
485.2   	-14.03  
485.6   	-14.08  
486     	-14.09  
486.4   	-14.08  
486.8   	-14.05  
487.2   	-14     
487.6   	-14.01  
488     	-13.98  
488.4   	-13.88  
488.8   	-13.84  
489.2   	-13.88  
489.6   	-13.92  
490     	-14     
490.4   	-14     
490.8   	-13.97  
491.2   	-13.97  
491.6   	-13.95  
492     	-13.94  
492.4   	-13.95  
492.8   	-13.95  
493.2   	-13.95  
493.6   	-13.91  
494     	-13.84  
494.4   	-13.81  
494.8   	-13.82  
495.2   	-13.87  
495.6   	-13.9   
496     	-13.84  
496.4   	-13.84  
496.8   	-13.82  
497.2   	-13.83  
497.6   	-13.79  
498     	-13.77  
498.4   	-13.81  
498.8   	-13.83  
499.2   	-13.85  
499.6   	-13.88  
500     	-13.9   
500.4   	-13.94  
500.8   	-13.97  
501.2   	-14     
501.6   	-14.03  
502     	-14.05  
502.4   	-14.07  
502.8   	-14.11  
503.2   	-14.12  
503.6   	-14.08  
504     	-14.05  
504.4   	-14.01  
504.8   	-13.97  
505.2   	-13.97  
505.6   	-13.97  
506     	-13.94  
506.4   	-13.89  
506.8   	-13.89  
507.2   	-13.92  
507.6   	-13.92  
508     	-13.91  
508.4   	-13.91  
508.8   	-13.86  
509.2   	-13.8   
509.6   	-13.75  
510     	-13.78  
510.4   	-13.75  
510.8   	-13.76  
511.2   	-13.82  
511.6   	-13.87  
512     	-13.86  
512.4   	-13.91  
512.8   	-13.95  
513.2   	-13.94  
513.6   	-13.94  
514     	-13.91  
514.4   	-13.9   
514.8   	-13.85  
515.2   	-13.84  
515.6   	-13.91  
516     	-13.87  
516.4   	-13.87  
516.8   	-13.83  
517.2   	-13.79  
517.6   	-13.82  
518     	-13.81  
518.4   	-13.77  
518.8   	-13.78  
519.2   	-13.81  
519.6   	-13.84  
520     	-13.83  
520.4   	-13.83  
520.8   	-13.89  
521.2   	-13.9   
521.6   	-13.81  
522     	-13.75  
522.4   	-13.77  
522.8   	-13.79  
523.2   	-13.81  
523.6   	-13.84  
524     	-13.86  
524.4   	-13.86  
524.8   	-13.82  
525.2   	-13.72  
525.6   	-13.72  
526     	-13.75  
526.4   	-13.73  
526.8   	-13.7   
527.2   	-13.65  
527.6   	-13.63  
528     	-13.64  
528.4   	-13.66  
528.8   	-13.69  
529.2   	-13.72  
529.6   	-13.72  
530     	-13.77  
530.4   	-13.83  
530.8   	-13.84  
531.2   	-13.85  
531.6   	-13.86  
532     	-13.89  
532.4   	-13.93  
532.8   	-13.95  
533.2   	-13.93  
533.6   	-13.94  
534     	-13.92  
534.4   	-13.95  
534.8   	-13.91  
535.2   	-13.9   
535.6   	-13.87  
536     	-13.86  
536.4   	-13.88  
536.8   	-13.87  
537.2   	-13.89  
537.6   	-13.9   
538     	-13.85  
538.4   	-13.79  
538.8   	-13.68  
539.2   	-13.66  
539.6   	-13.62  
540     	-13.62  
540.4   	-13.6   
540.8   	-13.61  
541.2   	-13.61  
541.6   	-13.62  
542     	-13.65  
542.4   	-13.64  
542.8   	-13.66  
543.2   	-13.68  
543.6   	-13.71  
544     	-13.71  
544.4   	-13.74  
544.8   	-13.82  
545.2   	-13.9   
545.6   	-13.96  
546     	-13.99  
546.4   	-14.03  
546.8   	-14.03  
547.2   	-14.01  
547.6   	-13.98  
548     	-13.97  
548.4   	-13.98  
548.8   	-13.97  
549.2   	-13.96  
549.6   	-13.97  
550     	-13.99  
550.4   	-13.96  
550.8   	-13.86  
551.2   	-13.75  
551.6   	-13.66  
552     	-13.61  
552.4   	-13.62  
552.8   	-13.65  
553.2   	-13.61  
553.6   	-13.58  
554     	-13.6   
554.4   	-13.64  
554.8   	-13.69  
555.2   	-13.72  
555.6   	-13.76  
556     	-13.78  
556.4   	-13.8   
556.8   	-13.87  
557.2   	-13.92  
557.6   	-13.92  
558     	-13.91  
558.4   	-13.85  
558.8   	-13.83  
559.2   	-13.83  
559.6   	-13.87  
560     	-13.86  
560.4   	-13.89  
560.8   	-13.82  
561.2   	-13.75  
561.6   	-13.76  
562     	-13.78  
562.4   	-13.77  
562.8   	-13.75  
563.2   	-13.74  
563.6   	-13.77  
564     	-13.78  
564.4   	-13.78  
564.8   	-13.77  
565.2   	-13.82  
565.6   	-13.85  
566     	-13.84  
566.4   	-13.77  
566.8   	-13.74  
567.2   	-13.7   
567.6   	-13.69  
568     	-13.7   
568.4   	-13.73  
568.8   	-13.72  
569.2   	-13.69  
569.6   	-13.69  
570     	-13.7   
570.4   	-13.71  
570.8   	-13.74  
571.2   	-13.75  
571.6   	-13.75  
572     	-13.71  
572.4   	-13.69  
572.8   	-13.66  
573.2   	-13.62  
573.6   	-13.64  
574     	-13.71  
574.4   	-13.76  
574.8   	-13.79  
575.2   	-13.82  
575.6   	-13.88  
576     	-13.91  
576.4   	-13.93  
576.8   	-14     
577.2   	-14.08  
577.6   	-14.11  
578     	-14.04  
578.4   	-13.94  
578.8   	-13.83  
579.2   	-13.76  
579.6   	-13.7   
580     	-13.67  
580.4   	-13.65  
580.8   	-13.63  
581.2   	-13.63  
581.6   	-13.62  
582     	-13.59  
582.4   	-13.58  
582.8   	-13.5   
583.2   	-13.42  
583.6   	-13.38  
584     	-13.36  
584.4   	-13.28  
584.8   	-13.26  
585.2   	-13.23  
585.6   	-13.24  
586     	-13.29  
586.4   	-13.36  
586.8   	-13.32  
587.2   	-13.32  
587.6   	-13.35  
588     	-13.31  
588.4   	-13.28  
588.8   	-13.31  
589.2   	-13.4   
589.6   	-13.53  
590     	-13.6   
590.4   	-13.68  
590.8   	-13.72  
591.2   	-13.69  
591.6   	-13.65  
592     	-13.66  
592.4   	-13.65  
592.8   	-13.66  
593.2   	-13.78  
593.6   	-13.86  
594     	-13.93  
594.4   	-13.98  
594.8   	-14.03  
595.2   	-14.06  
595.6   	-14.09  
596     	-14.09  
596.4   	-14.07  
596.8   	-14.06  
597.2   	-14.05  
597.6   	-14.05  
598     	-14.01  
598.4   	-14     
598.8   	-13.96  
599.2   	-13.85  
599.6   	-13.77  
600     	-13.76  
600.4   	-13.75  
600.8   	-13.79  
601.2   	-13.82  
601.6   	-13.82  
602     	-13.86  
602.4   	-13.87  
602.8   	-13.88  
603.2   	-13.89  
603.6   	-13.9   
604     	-13.9   
604.4   	-13.9   
604.8   	-13.87  
605.2   	-13.84  
605.6   	-13.79  
606     	-13.74  
606.4   	-13.67  
606.8   	-13.63  
607.2   	-13.6   
607.6   	-13.55  
608     	-13.54  
608.4   	-13.52  
608.8   	-13.53  
609.2   	-13.52  
609.6   	-13.53  
610     	-13.55  
610.4   	-13.57  
610.8   	-13.61  
611.2   	-13.66  
611.6   	-13.74  
612     	-13.8   
612.4   	-13.86  
612.8   	-13.85  
613.2   	-13.81  
613.6   	-13.75  
614     	-13.7   
614.4   	-13.7   
614.8   	-13.67  
615.2   	-13.66  
615.6   	-13.67  
616     	-13.71  
616.4   	-13.69  
616.8   	-13.73  
617.2   	-13.69  
617.6   	-13.67  
618     	-13.69  
618.4   	-13.74  
618.8   	-13.76  
619.2   	-13.71  
619.6   	-13.77  
620     	-13.8   
620.4   	-13.74  
620.8   	-13.68  
621.2   	-13.67  
621.6   	-13.68  
622     	-13.66  
622.4   	-13.64  
622.8   	-13.7   
623.2   	-13.71  
623.6   	-13.67  
624     	-13.7   
624.4   	-13.7   
624.8   	-13.73  
625.2   	-13.73  
625.6   	-13.71  
626     	-13.68  
626.4   	-13.6   
626.8   	-13.49  
627.2   	-13.42  
627.6   	-13.41  
628     	-13.43  
628.4   	-13.46  
628.8   	-13.51  
629.2   	-13.59  
629.6   	-13.68  
630     	-13.7   
630.4   	-13.72  
630.8   	-13.76  
631.2   	-13.76  
631.6   	-13.77  
632     	-13.72  
632.4   	-13.68  
632.8   	-13.61  
633.2   	-13.56  
633.6   	-13.54  
634     	-13.55  
634.4   	-13.57  
634.8   	-13.59  
635.2   	-13.63  
635.6   	-13.71  
636     	-13.76  
636.4   	-13.75  
636.8   	-13.73  
637.2   	-13.69  
637.6   	-13.67  
638     	-13.69  
638.4   	-13.69  
638.8   	-13.68  
639.2   	-13.65  
639.6   	-13.66  
640     	-13.66  
640.4   	-13.72  
640.8   	-13.72  
641.2   	-13.69  
641.6   	-13.66  
642     	-13.7   
642.4   	-13.75  
642.8   	-13.82  
643.2   	-13.85  
643.6   	-13.91  
644     	-13.96  
644.4   	-13.98  
644.8   	-13.91  
645.2   	-13.9   
645.6   	-13.94  
646     	-13.94  
646.4   	-14.01  
646.8   	-14.01  
647.2   	-14.03  
647.6   	-14.05  
648     	-14.04  
648.4   	-13.98  
648.8   	-13.94  
649.2   	-13.86  
649.6   	-13.82  
650     	-13.81  
650.4   	-13.74  
650.8   	-13.67  
651.2   	-13.69  
651.6   	-13.69  
652     	-13.73  
652.4   	-13.71  
652.8   	-13.7   
653.2   	-13.66  
653.6   	-13.59  
654     	-13.57  
654.4   	-13.52  
654.8   	-13.49  
655.2   	-13.54  
655.6   	-13.58  
656     	-13.67  
656.4   	-13.72  
656.8   	-13.76  
657.2   	-13.77  
657.6   	-13.74  
658     	-13.67  
658.4   	-13.64  
658.8   	-13.61  
659.2   	-13.62  
659.6   	-13.62  
660     	-13.59  
660.4   	-13.51  
660.8   	-13.47  
661.2   	-13.43  
661.6   	-13.42  
662     	-13.46  
662.4   	-13.49  
662.8   	-13.49  
663.2   	-13.54  
663.6   	-13.54  
664     	-13.54  
664.4   	-13.56  
664.8   	-13.61  
665.2   	-13.62  
665.6   	-13.62  
666     	-13.68  
666.4   	-13.69  
666.8   	-13.66  
667.2   	-13.65  
667.6   	-13.69  
668     	-13.69  
668.4   	-13.71  
668.8   	-13.78  
669.2   	-13.82  
669.6   	-13.85  
670     	-13.81  
670.4   	-13.76  
670.8   	-13.78  
671.2   	-13.8   
671.6   	-13.87  
672     	-13.91  
672.4   	-13.88  
672.8   	-13.83  
673.2   	-13.81  
673.6   	-13.81  
674     	-13.85  
674.4   	-13.85  
674.8   	-13.84  
675.2   	-13.82  
675.6   	-13.79  
676     	-13.76  
676.4   	-13.75  
676.8   	-13.74  
677.2   	-13.82  
677.6   	-13.87  
678     	-13.9   
678.4   	-13.93  
678.8   	-13.9   
679.2   	-13.86  
679.6   	-13.84  
680     	-13.79  
680.4   	-13.71  
680.8   	-13.71  
681.2   	-13.78  
681.6   	-13.8   
682     	-13.76  
682.4   	-13.69  
682.8   	-13.64  
683.2   	-13.64  
683.6   	-13.66  
684     	-13.71  
684.4   	-13.73  
684.8   	-13.69  
685.2   	-13.61  
685.6   	-13.61  
686     	-13.66  
686.4   	-13.71  
686.8   	-13.72  
687.2   	-13.73  
687.6   	-13.7   
688     	-13.65  
688.4   	-13.62  
688.8   	-13.55  
689.2   	-13.49  
689.6   	-13.52  
690     	-13.58  
690.4   	-13.59  
690.8   	-13.57  
691.2   	-13.54  
691.6   	-13.55  
692     	-13.61  
692.4   	-13.64  
692.8   	-13.67  
693.2   	-13.67  
693.6   	-13.71  
694     	-13.73  
694.4   	-13.74  
694.8   	-13.77  
695.2   	-13.78  
695.6   	-13.79  
696     	-13.79  
696.4   	-13.78  
696.8   	-13.69  
697.2   	-13.64  
697.6   	-13.61  
698     	-13.63  
698.4   	-13.66  
698.8   	-13.65  
699.2   	-13.64  
699.6   	-13.68  
700     	-13.67  
700.4   	-13.62  
700.8   	-13.57  
701.2   	-13.57  
701.6   	-13.59  
702     	-13.59  
702.4   	-13.69  
702.8   	-13.7   
703.2   	-13.67  
703.6   	-13.68  
704     	-13.69  
704.4   	-13.73  
704.8   	-13.68  
705.2   	-13.64  
705.6   	-13.56  
706     	-13.51  
706.4   	-13.52  
706.8   	-13.55  
707.2   	-13.55  
707.6   	-13.58  
708     	-13.57  
708.4   	-13.55  
708.8   	-13.58  
709.2   	-13.62  
709.6   	-13.63  
710     	-13.66  
710.4   	-13.66  
710.8   	-13.63  
711.2   	-13.66  
711.6   	-13.67  
712     	-13.68  
712.4   	-13.69  
712.8   	-13.72  
713.2   	-13.72  
713.6   	-13.68  
714     	-13.63  
714.4   	-13.65  
714.8   	-13.69  
715.2   	-13.71  
715.6   	-13.67  
716     	-13.66  
716.4   	-13.66  
716.8   	-13.63  
717.2   	-13.63  
717.6   	-13.68  
718     	-13.71  
718.4   	-13.71  
718.8   	-13.74  
719.2   	-13.75  
719.6   	-13.77  
720     	-13.77  
720.4   	-13.77  
720.8   	-13.81  
721.2   	-13.88  
721.6   	-13.91  
722     	-13.91  
722.4   	-13.9   
722.8   	-13.83  
723.2   	-13.76  
723.6   	-13.68  
724     	-13.63  
724.4   	-13.62  
724.8   	-13.63  
725.2   	-13.69  
725.6   	-13.66  
726     	-13.63  
726.4   	-13.62  
726.8   	-13.61  
727.2   	-13.68  
727.6   	-13.72  
728     	-13.69  
728.4   	-13.68  
728.8   	-13.66  
729.2   	-13.63  
729.6   	-13.63  
730     	-13.64  
730.4   	-13.64  
730.8   	-13.66  
731.2   	-13.73  
731.6   	-13.77  
732     	-13.82  
732.4   	-13.85  
732.8   	-13.83  
733.2   	-13.83  
733.6   	-13.81  
734     	-13.81  
734.4   	-13.82  
734.8   	-13.85  
735.2   	-13.88  
735.6   	-13.91  
736     	-13.93  
736.4   	-13.96  
736.8   	-13.96  
737.2   	-13.94  
737.6   	-13.94  
738     	-13.96  
738.4   	-13.99  
738.8   	-14     
739.2   	-13.99  
739.6   	-13.95  
740     	-13.89  
740.4   	-13.85  
740.8   	-13.85  
741.2   	-13.86  
741.6   	-13.85  
742     	-13.84  
742.4   	-13.85  
742.8   	-13.85  
743.2   	-13.86  
743.6   	-13.91  
744     	-13.92  
744.4   	-13.91  
744.8   	-13.82  
745.2   	-13.73  
745.6   	-13.72  
746     	-13.66  
746.4   	-13.65  
746.8   	-13.55  
747.2   	-13.48  
747.6   	-13.55  
748     	-13.61  
748.4   	-13.66  
748.8   	-13.7   
749.2   	-13.71  
749.6   	-13.69  
750     	-13.66  
750.4   	-13.63  
750.8   	-13.65  
751.2   	-13.65  
751.6   	-13.71  
752     	-13.75  
752.4   	-13.74  
752.8   	-13.76  
753.2   	-13.77  
753.6   	-13.77  
754     	-13.75  
754.4   	-13.76  
754.8   	-13.78  
755.2   	-13.77  
755.6   	-13.76  
756     	-13.71  
756.4   	-13.66  
756.8   	-13.62  
757.2   	-13.59  
757.6   	-13.64  
758     	-13.65  
758.4   	-13.69  
758.8   	-13.77  
759.2   	-13.83  
759.6   	-13.78  
760     	-13.78  
760.4   	-13.79  
760.8   	-13.77  
761.2   	-13.73  
761.6   	-13.75  
762     	-13.77  
762.4   	-13.8   
762.8   	-13.76  
763.2   	-13.78  
763.6   	-13.82  
764     	-13.8   
764.4   	-13.8   
764.8   	-13.79  
765.2   	-13.79  
765.6   	-13.85  
766     	-13.82  
766.4   	-13.76  
766.8   	-13.68  
767.2   	-13.63  
767.6   	-13.52  
768     	-13.48  
768.4   	-13.48  
768.8   	-13.46  
769.2   	-13.48  
769.6   	-13.53  
770     	-13.55  
770.4   	-13.58  
770.8   	-13.7   
771.2   	-13.85  
771.6   	-13.94  
772     	-14.03  
772.4   	-14.08  
772.8   	-14.07  
773.2   	-14.06  
773.6   	-14.09  
774     	-14.09  
774.4   	-14.07  
774.8   	-14.01  
775.2   	-13.98  
775.6   	-13.98  
776     	-14     
776.4   	-13.98  
776.8   	-14     
777.2   	-14     
777.6   	-13.99  
778     	-14.02  
778.4   	-14.05  
778.8   	-14.08  
779.2   	-14.1   
779.6   	-14.09  
780     	-14.05  
780.4   	-14.03  
780.8   	-14.05  
781.2   	-14.07  
781.6   	-14.08  
782     	-14.07  
782.4   	-14.07  
782.8   	-14.07  
783.2   	-14.09  
783.6   	-14.11  
784     	-14.1   
784.4   	-14.09  
784.8   	-14.1   
785.2   	-14.07  
785.6   	-14.1   
786     	-14.13  
786.4   	-14.14  
786.8   	-14.07  
787.2   	-14     
787.6   	-13.97  
788     	-13.93  
788.4   	-13.9   
788.8   	-13.85  
789.2   	-13.81  
789.6   	-13.81  
790     	-13.8   
790.4   	-13.79  
790.8   	-13.79  
791.2   	-13.78  
791.6   	-13.76  
792     	-13.79  
792.4   	-13.87  
792.8   	-13.93  
793.2   	-13.95  
793.6   	-13.89  
794     	-13.85  
794.4   	-13.83  
794.8   	-13.82  
795.2   	-13.84  
795.6   	-13.9   
796     	-13.95  
796.4   	-13.97  
796.8   	-13.9   
797.2   	-13.85  
797.6   	-13.84  
798     	-13.87  
798.4   	-13.88  
798.8   	-13.88  
799.2   	-13.89  
799.6   	-13.9   
800     	-13.85  
800.4   	-13.81  
800.8   	-13.76  
801.2   	-13.75  
801.6   	-13.77  
802     	-13.77  
802.4   	-13.68  
802.8   	-13.66  
803.2   	-13.62  
803.6   	-13.65  
804     	-13.7   
804.4   	-13.8   
804.8   	-13.84  
805.2   	-13.85  
805.6   	-13.87  
806     	-13.9   
806.4   	-13.93  
806.8   	-13.99  
807.2   	-14.03  
807.6   	-14.05  
808     	-14.05  
808.4   	-14.05  
808.8   	-14     
809.2   	-13.99  
809.6   	-13.97  
810     	-13.93  
810.4   	-13.91  
810.8   	-13.9   
811.2   	-13.89  
811.6   	-13.88  
812     	-13.85  
812.4   	-13.84  
812.8   	-13.77  
813.2   	-13.69  
813.6   	-13.7   
814     	-13.72  
814.4   	-13.72  
814.8   	-13.73  
815.2   	-13.78  
815.6   	-13.8   
816     	-13.82  
816.4   	-13.82  
816.8   	-13.83  
817.2   	-13.76  
817.6   	-13.73  
818     	-13.78  
818.4   	-13.79  
818.8   	-13.79  
819.2   	-13.76  
819.6   	-13.72  
820     	-13.75  
820.4   	-13.76  
820.8   	-13.77  
821.2   	-13.73  
821.6   	-13.75  
822     	-13.75  
822.4   	-13.71  
822.8   	-13.65  
823.2   	-13.6   
823.6   	-13.63  
824     	-13.7   
824.4   	-13.73  
824.8   	-13.75  
825.2   	-13.76  
825.6   	-13.73  
826     	-13.75  
826.4   	-13.82  
826.8   	-13.84  
827.2   	-13.8   
827.6   	-13.83  
828     	-13.82  
828.4   	-13.86  
828.8   	-13.93  
829.2   	-13.96  
829.6   	-13.96  
830     	-13.89  
830.4   	-13.87  
830.8   	-13.84  
831.2   	-13.82  
831.6   	-13.8   
832     	-13.77  
832.4   	-13.74  
832.8   	-13.75  
833.2   	-13.79  
833.6   	-13.84  
834     	-13.88  
834.4   	-13.91  
834.8   	-13.91  
835.2   	-13.91  
835.6   	-13.92  
836     	-13.93  
836.4   	-13.91  
836.8   	-13.86  
837.2   	-13.8   
837.6   	-13.72  
838     	-13.7   
838.4   	-13.72  
838.8   	-13.77  
839.2   	-13.81  
839.6   	-13.76  
840     	-13.76  
840.4   	-13.77  
840.8   	-13.77  
841.2   	-13.74  
841.6   	-13.76  
842     	-13.77  
842.4   	-13.74  
842.8   	-13.76  
843.2   	-13.76  
843.6   	-13.73  
844     	-13.69  
844.4   	-13.73  
844.8   	-13.79  
845.2   	-13.86  
845.6   	-13.89  
846     	-13.94  
846.4   	-13.96  
846.8   	-13.98  
847.2   	-14.01  
847.6   	-14.01  
848     	-14.01  
848.4   	-13.97  
848.8   	-13.9   
849.2   	-13.88  
849.6   	-13.91  
850     	-13.88  
850.4   	-13.86  
850.8   	-13.91  
851.2   	-13.97  
851.6   	-14     
852     	-13.91  
852.4   	-13.82  
852.8   	-13.75  
853.2   	-13.71  
853.6   	-13.75  
854     	-13.8   
854.4   	-13.8   
854.8   	-13.81  
855.2   	-13.84  
855.6   	-13.86  
856     	-13.81  
856.4   	-13.78  
856.8   	-13.81  
857.2   	-13.79  
857.6   	-13.64  
858     	-13.57  
858.4   	-13.54  
858.8   	-13.54  
859.2   	-13.52  
859.6   	-13.54  
860     	-13.58  
860.4   	-13.63  
860.8   	-13.66  
861.2   	-13.7   
861.6   	-13.71  
862     	-13.73  
862.4   	-13.72  
862.8   	-13.66  
863.2   	-13.6   
863.6   	-13.54  
864     	-13.53  
864.4   	-13.54  
864.8   	-13.59  
865.2   	-13.66  
865.6   	-13.62  
866     	-13.6   
866.4   	-13.65  
866.8   	-13.67  
867.2   	-13.65  
867.6   	-13.6   
868     	-13.59  
868.4   	-13.53  
868.8   	-13.52  
869.2   	-13.51  
869.6   	-13.51  
870     	-13.52  
870.4   	-13.52  
870.8   	-13.52  
871.2   	-13.51  
871.6   	-13.54  
872     	-13.53  
872.4   	-13.5   
872.8   	-13.46  
873.2   	-13.39  
873.6   	-13.3   
874     	-13.26  
874.4   	-13.3   
874.8   	-13.34  
875.2   	-13.33  
875.6   	-13.34  
876     	-13.4   
876.4   	-13.49  
876.8   	-13.56  
877.2   	-13.64  
877.6   	-13.69  
878     	-13.74  
878.4   	-13.8   
878.8   	-13.85  
879.2   	-13.89  
879.6   	-13.94  
880     	-13.98  
880.4   	-13.97  
880.8   	-13.98  
881.2   	-13.95  
881.6   	-13.89  
882     	-13.86  
882.4   	-13.88  
882.8   	-13.88  
883.2   	-13.89  
883.6   	-13.87  
884     	-13.87  
884.4   	-13.86  
884.8   	-13.85  
885.2   	-13.83  
885.6   	-13.79  
886     	-13.76  
886.4   	-13.78  
886.8   	-13.8   
887.2   	-13.82  
887.6   	-13.8   
888     	-13.72  
888.4   	-13.67  
888.8   	-13.66  
889.2   	-13.72  
889.6   	-13.76  
890     	-13.79  
890.4   	-13.81  
890.8   	-13.82  
891.2   	-13.83  
891.6   	-13.84  
892     	-13.82  
892.4   	-13.8   
892.8   	-13.74  
893.2   	-13.76  
893.6   	-13.76  
894     	-13.75  
894.4   	-13.77  
894.8   	-13.77  
895.2   	-13.73  
895.6   	-13.76  
896     	-13.77  
896.4   	-13.73  
896.8   	-13.72  
897.2   	-13.77  
897.6   	-13.83  
898     	-13.86  
898.4   	-13.89  
898.8   	-13.88  
899.2   	-13.86  
899.6   	-13.83  
900     	-13.81  
900.4   	-13.82  
900.8   	-13.82  
901.2   	-13.83  
901.6   	-13.8   
902     	-13.72  
902.4   	-13.66  
902.8   	-13.68  
903.2   	-13.65  
903.6   	-13.66  
904     	-13.67  
904.4   	-13.7   
904.8   	-13.76  
905.2   	-13.81  
905.6   	-13.9   
906     	-13.98  
906.4   	-14.01  
906.8   	-14.07  
907.2   	-14.12  
907.6   	-14.11  
908     	-14.09  
908.4   	-14.09  
908.8   	-14.12  
909.2   	-14.09  
909.6   	-14     
910     	-13.94  
910.4   	-13.94  
910.8   	-13.97  
911.2   	-14.03  
911.6   	-14.05  
912     	-14.05  
912.4   	-14.06  
912.8   	-14.09  
913.2   	-14.17  
913.6   	-14.16  
914     	-14.1   
914.4   	-14.05  
914.8   	-14.04  
915.2   	-13.95  
915.6   	-13.89  
916     	-13.89  
916.4   	-13.86  
916.8   	-13.85  
917.2   	-13.83  
917.6   	-13.81  
918     	-13.84  
918.4   	-13.84  
918.8   	-13.87  
919.2   	-13.86  
919.6   	-13.84  
920     	-13.76  
920.4   	-13.72  
920.8   	-13.71  
921.2   	-13.77  
921.6   	-13.82  
922     	-13.85  
922.4   	-13.83  
922.8   	-13.86  
923.2   	-13.91  
923.6   	-13.95  
924     	-14     
924.4   	-13.97  
924.8   	-13.96  
925.2   	-13.93  
925.6   	-13.93  
926     	-13.95  
926.4   	-13.96  
926.8   	-13.9   
927.2   	-13.91  
927.6   	-13.87  
928     	-13.84  
928.4   	-13.85  
928.8   	-13.84  
929.2   	-13.84  
929.6   	-13.86  
930     	-13.82  
930.4   	-13.73  
930.8   	-13.71  
931.2   	-13.7   
931.6   	-13.71  
932     	-13.73  
932.4   	-13.74  
932.8   	-13.74  
933.2   	-13.69  
933.6   	-13.65  
934     	-13.62  
934.4   	-13.62  
934.8   	-13.61  
935.2   	-13.59  
935.6   	-13.53  
936     	-13.55  
936.4   	-13.56  
936.8   	-13.6   
937.2   	-13.64  
937.6   	-13.61  
938     	-13.55  
938.4   	-13.55  
938.8   	-13.56  
939.2   	-13.57  
939.6   	-13.6   
940     	-13.66  
940.4   	-13.67  
940.8   	-13.67  
941.2   	-13.7   
941.6   	-13.68  
942     	-13.68  
942.4   	-13.74  
942.8   	-13.78  
943.2   	-13.82  
943.6   	-13.88  
944     	-13.89  
944.4   	-13.9   
944.8   	-13.88  
945.2   	-13.88  
945.6   	-13.82  
946     	-13.8   
946.4   	-13.83  
946.8   	-13.84  
947.2   	-13.84  
947.6   	-13.85  
948     	-13.82  
948.4   	-13.82  
948.8   	-13.83  
949.2   	-13.86  
949.6   	-13.87  
950     	-13.92  
950.4   	-13.97  
950.8   	-13.94  
951.2   	-13.92  
951.6   	-13.91  
952     	-13.94  
952.4   	-13.98  
952.8   	-14.06  
953.2   	-14.07  
953.6   	-14.1   
954     	-14.13  
954.4   	-14.16  
954.8   	-14.19  
955.2   	-14.2   
955.6   	-14.2   
956     	-14.18  
956.4   	-14.17  
956.8   	-14.19  
957.2   	-14.18  
957.6   	-14.11  
958     	-14.09  
958.4   	-14.08  
958.8   	-14.04  
959.2   	-13.98  
959.6   	-13.98  
960     	-13.97  
960.4   	-13.96  
960.8   	-13.97  
961.2   	-13.92  
961.6   	-13.9   
962     	-13.85  
962.4   	-13.77  
962.8   	-13.72  
963.2   	-13.69  
963.6   	-13.67  
964     	-13.65  
964.4   	-13.69  
964.8   	-13.72  
965.2   	-13.76  
965.6   	-13.82  
966     	-13.86  
966.4   	-13.89  
966.8   	-13.91  
967.2   	-13.96  
967.6   	-13.98  
968     	-13.93  
968.4   	-13.83  
968.8   	-13.77  
969.2   	-13.73  
969.6   	-13.76  
970     	-13.8   
970.4   	-13.87  
970.8   	-13.93  
971.2   	-13.9   
971.6   	-13.89  
972     	-13.9   
972.4   	-13.89  
972.8   	-13.82  
973.2   	-13.7   
973.6   	-13.64  
974     	-13.62  
974.4   	-13.63  
974.8   	-13.6   
975.2   	-13.61  
975.6   	-13.66  
976     	-13.68  
976.4   	-13.67  
976.8   	-13.62  
977.2   	-13.62  
977.6   	-13.64  
978     	-13.62  
978.4   	-13.61  
978.8   	-13.62  
979.2   	-13.63  
979.6   	-13.67  
980     	-13.73  
980.4   	-13.75  
980.8   	-13.71  
981.2   	-13.73  
981.6   	-13.81  
982     	-13.87  
982.4   	-13.9   
982.8   	-13.91  
983.2   	-13.89  
983.6   	-13.87  
984     	-13.85  
984.4   	-13.88  
984.8   	-13.82  
985.2   	-13.75  
985.6   	-13.73  
986     	-13.71  
986.4   	-13.73  
986.8   	-13.68  
987.2   	-13.63  
987.6   	-13.61  
988     	-13.62  
988.4   	-13.6   
988.8   	-13.6   
989.2   	-13.63  
989.6   	-13.63  
990     	-13.65  
990.4   	-13.67  
990.8   	-13.65  
991.2   	-13.66  
991.6   	-13.63  
992     	-13.64  
992.4   	-13.59  
992.8   	-13.56  
993.2   	-13.54  
993.6   	-13.57  
994     	-13.56  
994.4   	-13.54  
994.8   	-13.52  
995.2   	-13.46  
995.6   	-13.48  
996     	-13.54  
996.4   	-13.58  
996.8   	-13.57  
997.2   	-13.6   
997.6   	-13.66  
998     	-13.7   
998.4   	-13.74  
998.8   	-13.74  
999.2   	-13.74  
999.6   	-13.81  
