
SWEPT_VAR_1 = 95.0    // Syn: Source PP \ NetStim \ PARAMETER \ interval (ms)

t	s.v( 0.05 )
ms	mV
0       	-64.65  
0.4     	-65.51  
0.8     	-66.35  
1.2     	-67.15  
1.6     	-67.92  
2       	-68.66  
2.4     	-69.37  
2.8     	-69.9   
3.2     	-70.2   
3.6     	-70.24  
4       	-70.22  
4.4     	-70.15  
4.8     	-70.03  
5.2     	-69.77  
5.6     	-69.4   
6       	-68.93  
6.4     	-68.35  
6.8     	-67.67  
7.2     	-66.93  
7.6     	-66.12  
8       	-65.37  
8.4     	-64.55  
8.8     	-63.65  
9.2     	-62.73  
9.6     	-61.72  
10      	-59.96  
10.4    	-55.98  
10.8    	-51.44  
11.2    	-39.61  
11.6    	42.91   
12      	37.86   
12.4    	21.76   
12.8    	3.999   
13.2    	-13.02  
13.6    	-30.12  
14      	-46.87  
14.4    	-59.18  
14.8    	-66     
15.2    	-69.37  
15.6    	-70.89  
16      	-71.48  
16.4    	-71.49  
16.8    	-71.06  
17.2    	-70.49  
17.6    	-69.77  
18      	-68.95  
18.4    	-68.04  
18.8    	-67.07  
19.2    	-65.97  
19.6    	-64.98  
20      	-64.06  
20.4    	-63.17  
20.8    	-62.17  
21.2    	-61.14  
21.6    	-60.11  
22      	-58.97  
22.4    	-56.25  
22.8    	-52.09  
23.2    	-41.78  
23.6    	36.41   
24      	39.01   
24.4    	24.05   
24.8    	6.756   
25.2    	-9.872  
25.6    	-26.1   
26      	-42.21  
26.4    	-55.05  
26.8    	-62.86  
27.2    	-66.92  
27.6    	-68.95  
28      	-69.77  
28.4    	-69.91  
28.8    	-69.62  
29.2    	-69.02  
29.6    	-68.27  
30      	-67.39  
30.4    	-66.55  
30.8    	-65.6   
31.2    	-64.55  
31.6    	-63.48  
32      	-62.42  
32.4    	-61.33  
32.8    	-60.25  
33.2    	-59.08  
33.6    	-57.74  
34      	-56.33  
34.4    	-54.09  
34.8    	-43.28  
35.2    	33.44   
35.6    	39.3    
36      	24.72   
36.4    	7.5     
36.8    	-9.148  
37.2    	-25.37  
37.6    	-41.47  
38      	-54.36  
38.4    	-62.36  
38.8    	-66.63  
39.2    	-68.55  
39.6    	-69.34  
40      	-69.42  
40.4    	-69.11  
40.8    	-68.55  
41.2    	-67.88  
41.6    	-67.1   
42      	-66.13  
42.4    	-65.09  
42.8    	-64.03  
43.2    	-62.97  
43.6    	-61.88  
44      	-60.8   
44.4    	-59.61  
44.8    	-57.84  
45.2    	-52.21  
45.6    	-38.44  
46      	39.22   
46.4    	37.1    
46.8    	21.63   
47.2    	4.27    
47.6    	-12.33  
48      	-28.83  
48.4    	-44.82  
48.8    	-56.99  
49.2    	-64.09  
49.6    	-67.74  
50      	-69.43  
50.4    	-70.1   
50.8    	-70.18  
51.2    	-69.91  
51.6    	-69.44  
52      	-68.8   
52.4    	-67.99  
52.8    	-67.12  
53.2    	-66.2   
53.6    	-65.26  
54      	-64.15  
54.4    	-63.16  
54.8    	-62.22  
55.2    	-61.28  
55.6    	-60.18  
56      	-57.37  
56.4    	-48.47  
56.8    	-6.755  
57.2    	42.19   
57.6    	30.95   
58      	14.27   
58.4    	-2.854  
58.8    	-19.13  
59.2    	-35.76  
59.6    	-50.47  
60      	-60.43  
60.4    	-65.84  
60.8    	-68.48  
61.2    	-69.47  
61.6    	-69.71  
62      	-69.46  
62.4    	-68.83  
62.8    	-68.05  
63.2    	-67.25  
63.6    	-66.37  
64      	-65.47  
64.4    	-64.58  
64.8    	-63.64  
65.2    	-62.74  
65.6    	-61.82  
66      	-60.85  
66.4    	-59.77  
66.8    	-58.68  
67.2    	-57.58  
67.6    	-55.83  
68      	-49.88  
68.4    	-25.35  
68.8    	42.65   
69.2    	33.31   
69.6    	16.8    
70      	-0.4346 
70.4    	-16.69  
70.8    	-33.1   
71.2    	-48.03  
71.6    	-58.54  
72      	-64.37  
72.4    	-67.23  
72.8    	-68.45  
73.2    	-68.85  
73.6    	-68.78  
74      	-68.38  
74.4    	-67.76  
74.8    	-66.93  
75.2    	-65.97  
75.6    	-65.02  
76      	-64.09  
76.4    	-63.17  
76.8    	-62.22  
77.2    	-61.07  
77.6    	-59.93  
78      	-58.83  
78.4    	-57.47  
78.8    	-53.87  
79.2    	-46.16  
79.6    	15.74   
80      	40.9    
80.4    	27.85   
80.8    	10.87   
81.2    	-5.978  
81.6    	-22.11  
82      	-38.42  
82.4    	-52.13  
82.8    	-60.98  
83.2    	-65.86  
83.6    	-68.34  
84      	-69.35  
84.4    	-69.52  
84.8    	-69.17  
85.2    	-68.7   
85.6    	-68.09  
86      	-67.41  
86.4    	-66.59  
86.8    	-65.69  
87.2    	-64.7   
87.6    	-63.65  
88      	-62.61  
88.4    	-61.61  
88.8    	-60.51  
89.2    	-58.46  
89.6    	-52.4   
90      	-38.11  
90.4    	38.77   
90.8    	37.13   
91.2    	22      
91.6    	4.849   
92      	-11.58  
92.4    	-27.81  
92.8    	-43.59  
93.2    	-55.93  
93.6    	-63.49  
94      	-67.58  
94.4    	-69.63  
94.8    	-70.46  
95.2    	-70.63  
95.6    	-70.45  
96      	-69.97  
96.4    	-69.41  
96.8    	-68.64  
97.2    	-67.86  
97.6    	-66.97  
98      	-66.05  
98.4    	-65.05  
98.8    	-64.06  
99.2    	-62.72  
99.6    	-59.51  
100     	-52.62  
100.4   	-41.79  
100.8   	31.96   
101.2   	39.44   
101.6   	25.32   
102     	8.239   
102.4   	-8.43   
102.8   	-24.55  
103.2   	-40.73  
103.6   	-54.06  
104     	-62.49  
104.4   	-67     
104.8   	-69.27  
105.2   	-70.2   
105.6   	-70.29  
106     	-70.08  
106.4   	-69.67  
106.8   	-69.03  
107.2   	-68.11  
107.6   	-67.15  
108     	-66.22  
108.4   	-65.27  
108.8   	-64.25  
109.2   	-63.28  
109.6   	-62.14  
110     	-60.04  
110.4   	-55.45  
110.8   	-48.87  
111.2   	-30.18  
111.6   	41.54   
112     	34.7    
112.4   	18.75   
112.8   	1.59    
113.2   	-14.64  
113.6   	-30.9   
114     	-46.23  
114.4   	-57.66  
114.8   	-64.34  
115.2   	-67.8   
115.6   	-69.32  
116     	-69.69  
116.4   	-69.48  
116.8   	-68.95  
117.2   	-68.24  
117.6   	-67.42  
118     	-66.51  
118.4   	-65.55  
118.8   	-64.59  
119.2   	-63.52  
119.6   	-62.43  
120     	-61.12  
120.4   	-58.7   
120.8   	-51.45  
121.2   	-35.59  
121.6   	39.75   
122     	36.07   
122.4   	20.72   
122.8   	3.668   
123.2   	-12.51  
123.6   	-28.5   
124     	-43.82  
124.4   	-55.54  
124.8   	-62.56  
125.2   	-66.23  
125.6   	-67.92  
126     	-68.53  
126.4   	-68.52  
126.8   	-68.17  
127.2   	-67.58  
127.6   	-66.9   
128     	-66.11  
128.4   	-65.15  
128.8   	-63.96  
129.2   	-62.85  
129.6   	-61.67  
130     	-59.47  
130.4   	-54.84  
130.8   	-47.44  
131.2   	-15.81  
131.6   	41.18   
132     	31.34   
132.4   	15.1    
132.8   	-1.678  
133.2   	-17.41  
133.6   	-33.21  
134     	-47.43  
134.4   	-57.67  
134.8   	-63.56  
135.2   	-66.53  
135.6   	-67.93  
136     	-68.44  
136.4   	-68.45  
136.8   	-68.09  
137.2   	-67.47  
137.6   	-66.63  
138     	-65.71  
138.4   	-64.76  
138.8   	-63.84  
139.2   	-62.84  
139.6   	-61.72  
140     	-60.55  
140.4   	-59.39  
140.8   	-58.01  
141.2   	-54.18  
141.6   	-43.61  
142     	30.21   
142.4   	39.38   
142.8   	25.11   
143.2   	7.987   
143.6   	-8.612  
144     	-24.67  
144.4   	-40.61  
144.8   	-53.43  
145.2   	-61.37  
145.6   	-65.51  
146     	-67.44  
146.4   	-68.19  
146.8   	-68.33  
147.2   	-68.12  
147.6   	-67.63  
148     	-67.05  
148.4   	-66.3   
148.8   	-65.42  
149.2   	-64.51  
149.6   	-63.56  
150     	-62.58  
150.4   	-61.61  
150.8   	-60.6   
151.2   	-59.6   
151.6   	-58.51  
152     	-56.53  
152.4   	-48.33  
152.8   	-2.842  
153.2   	41.78   
153.6   	29.93   
154     	13.11   
154.4   	-3.893  
154.8   	-20.04  
155.2   	-36.42  
155.6   	-50.59  
156     	-60.04  
156.4   	-65.23  
156.8   	-67.84  
157.2   	-68.93  
157.6   	-69.08  
158     	-68.83  
158.4   	-68.38  
158.8   	-67.66  
159.2   	-66.85  
159.6   	-65.93  
160     	-64.98  
160.4   	-64.03  
160.8   	-63.05  
161.2   	-62     
161.6   	-60.93  
162     	-59.56  
162.4   	-54.69  
162.8   	-41.68  
163.2   	31.36   
163.6   	39.14   
164     	25.03   
164.4   	7.995   
164.8   	-8.57   
165.2   	-24.55  
165.6   	-40.43  
166     	-53.44  
166.4   	-61.75  
166.8   	-66.24  
167.2   	-68.37  
167.6   	-69.16  
168     	-69.33  
168.4   	-69.11  
168.8   	-68.49  
169.2   	-67.84  
169.6   	-67.08  
170     	-66.26  
170.4   	-65.43  
170.8   	-64.59  
171.2   	-63.71  
171.6   	-62.81  
172     	-61.87  
172.4   	-60.95  
172.8   	-59.48  
173.2   	-55.35  
173.6   	-51.36  
174     	-46.75  
174.4   	-17.46  
174.8   	42.74   
175.2   	31.39   
175.6   	14.5    
176     	-2.786  
176.4   	-19.12  
176.8   	-35.85  
177.2   	-50.82  
177.6   	-60.82  
178     	-66.07  
178.4   	-68.4   
178.8   	-69.04  
179.2   	-68.92  
179.6   	-68.54  
180     	-68.04  
180.4   	-67.38  
180.8   	-66.66  
181.2   	-65.81  
181.6   	-64.9   
182     	-63.88  
182.4   	-62.78  
182.8   	-61.56  
183.2   	-59.48  
183.6   	-54.96  
184     	-51.25  
184.4   	-47.23  
184.8   	-25.76  
185.2   	42.35   
185.6   	32.33   
186     	15.67   
186.4   	-1.57   
186.8   	-17.74  
187.2   	-34.18  
187.6   	-49     
188     	-59.21  
188.4   	-64.79  
188.8   	-67.53  
189.2   	-68.76  
189.6   	-69.13  
190     	-69.01  
190.4   	-68.48  
190.8   	-67.77  
191.2   	-66.98  
191.6   	-66.09  
192     	-65.15  
192.4   	-64.26  
192.8   	-63.31  
193.2   	-62.2   
193.6   	-60.88  
194     	-59.53  
194.4   	-57.02  
194.8   	-51.17  
195.2   	-36.73  
195.6   	39.22   
196     	36.69   
196.4   	21.3    
196.8   	4.076   
197.2   	-12.34  
197.6   	-28.56  
198     	-44.27  
198.4   	-56.45  
198.8   	-63.65  
199.2   	-67.43  
199.6   	-69.25  
200     	-69.98  
200.4   	-70.08  
200.8   	-69.72  
201.2   	-69.19  
201.6   	-68.5   
202     	-67.72  
202.4   	-66.79  
202.8   	-65.91  
203.2   	-65.05  
203.6   	-64.2   
204     	-63.32  
204.4   	-62.37  
204.8   	-61.36  
205.2   	-60.29  
205.6   	-59.01  
206     	-57.54  
206.4   	-54.69  
206.8   	-41.38  
207.2   	35.6    
207.6   	38.94   
208     	24.14   
208.4   	6.902   
208.8   	-9.713  
209.2   	-25.9   
209.6   	-41.89  
210     	-54.6   
210.4   	-62.24  
210.8   	-66.1   
211.2   	-67.82  
211.6   	-68.42  
212     	-68.51  
212.4   	-68.19  
212.8   	-67.59  
213.2   	-66.78  
213.6   	-65.92  
214     	-65.01  
214.4   	-64.1   
214.8   	-63.15  
215.2   	-62.14  
215.6   	-61.23  
216     	-60.15  
216.4   	-57.89  
216.8   	-50.9   
217.2   	-35.34  
217.6   	39.55   
218     	36.14   
218.4   	20.72   
218.8   	3.58    
219.2   	-12.7   
219.6   	-28.77  
220     	-44.16  
220.4   	-56.01  
220.8   	-63.09  
221.2   	-66.76  
221.6   	-68.41  
222     	-69     
222.4   	-69.03  
222.8   	-68.67  
223.2   	-68.11  
223.6   	-67.32  
224     	-66.39  
224.4   	-65.43  
224.8   	-64.39  
225.2   	-63.24  
225.6   	-62.02  
226     	-60.78  
226.4   	-59.5   
226.8   	-57.83  
227.2   	-52.17  
227.6   	-30.54  
228     	41.54   
228.4   	34.28   
228.8   	18.11   
229.2   	0.871   
229.6   	-15.45  
230     	-31.85  
230.4   	-46.98  
230.8   	-57.96  
231.2   	-64.22  
231.6   	-67.42  
232     	-68.87  
232.4   	-69.32  
232.8   	-69.19  
233.2   	-68.65  
233.6   	-67.78  
234     	-66.86  
234.4   	-65.87  
234.8   	-64.86  
235.2   	-63.92  
235.6   	-62.95  
236     	-61.64  
236.4   	-58.91  
236.8   	-54.6   
237.2   	-51.3   
237.6   	-44.41  
238     	25.6    
238.4   	39.6    
238.8   	25.75   
239.2   	8.622   
239.6   	-8.101  
240     	-24.27  
240.4   	-40.45  
240.8   	-53.63  
241.2   	-61.87  
241.6   	-66.28  
242     	-68.34  
242.4   	-69.05  
242.8   	-69.1   
243.2   	-68.79  
243.6   	-68.24  
244     	-67.5   
244.4   	-66.54  
244.8   	-65.59  
245.2   	-64.59  
245.6   	-63.47  
246     	-62.01  
246.4   	-59.36  
246.8   	-55.17  
247.2   	-52.21  
247.6   	-47.92  
248     	-20.38  
248.4   	41.47   
248.8   	31.74   
249.2   	15.43   
249.6   	-1.48   
250     	-17.36  
250.4   	-33.4   
250.8   	-47.84  
251.2   	-58.13  
251.6   	-64.06  
252     	-67.15  
252.4   	-68.6   
252.8   	-68.99  
253.2   	-68.78  
253.6   	-68.27  
254     	-67.75  
254.4   	-67.05  
254.8   	-66.24  
255.2   	-65.39  
255.6   	-64.44  
256     	-63.45  
256.4   	-62.37  
256.8   	-61.24  
257.2   	-59.99  
257.6   	-58.72  
258     	-57.14  
258.4   	-52.47  
258.8   	-33.48  
259.2   	41.69   
259.6   	35.09   
260     	18.94   
260.4   	1.607   
260.8   	-14.81  
261.2   	-31.37  
261.6   	-46.92  
262     	-58.21  
262.4   	-64.51  
262.8   	-67.75  
263.2   	-69.27  
263.6   	-69.81  
264     	-69.8   
264.4   	-69.38  
264.8   	-68.75  
265.2   	-67.95  
265.6   	-67.03  
266     	-66.07  
266.4   	-64.9   
266.8   	-63.76  
267.2   	-62.58  
267.6   	-61.32  
268     	-59.81  
268.4   	-56.31  
268.8   	-45.45  
269.2   	14.59   
269.6   	41.1    
270     	27.75   
270.4   	10.69   
270.8   	-6.239  
271.2   	-22.42  
271.6   	-38.8   
272     	-52.54  
272.4   	-61.24  
272.8   	-65.84  
273.2   	-68.03  
273.6   	-68.89  
274     	-69.06  
274.4   	-68.88  
274.8   	-68.41  
275.2   	-67.72  
275.6   	-67.01  
276     	-66.23  
276.4   	-65.38  
276.8   	-64.55  
277.2   	-63.66  
277.6   	-62.62  
278     	-61.51  
278.4   	-60.31  
278.8   	-58.19  
279.2   	-51.72  
279.6   	-40.26  
280     	36.93   
280.4   	37.99   
280.8   	22.93   
281.2   	5.689   
281.6   	-10.85  
282     	-27.06  
282.4   	-43.01  
282.8   	-55.5   
283.2   	-63.02  
283.6   	-66.98  
284     	-68.89  
284.4   	-69.62  
284.8   	-69.7   
285.2   	-69.43  
285.6   	-68.89  
286     	-68.18  
286.4   	-67.25  
286.8   	-66.31  
287.2   	-65.36  
287.6   	-64.35  
288     	-63.26  
288.4   	-62     
288.8   	-60.64  
289.2   	-57.99  
289.6   	-52.19  
290     	-41.84  
290.4   	34.25   
290.8   	38.71   
291.2   	24.16   
291.6   	7.027   
292     	-9.524  
292.4   	-25.6   
292.8   	-41.54  
293.2   	-54.39  
293.6   	-62.39  
294     	-66.57  
294.4   	-68.61  
294.8   	-69.4   
295.2   	-69.49  
295.6   	-69.15  
296     	-68.54  
296.4   	-67.76  
296.8   	-66.91  
297.2   	-66.07  
297.6   	-65.17  
298     	-64.15  
298.4   	-63.25  
298.8   	-62.33  
299.2   	-61.25  
299.6   	-60.08  
300     	-58.88  
300.4   	-57.62  
300.8   	-55.73  
301.2   	-48.25  
301.6   	-9.248  
302     	42.24   
302.4   	30.82   
302.8   	14.05   
303.2   	-3.015  
303.6   	-19.2   
304     	-35.69  
304.4   	-50.22  
304.8   	-60.05  
305.2   	-65.28  
305.6   	-67.79  
306     	-68.78  
306.4   	-68.98  
306.8   	-68.76  
307.2   	-68.2   
307.6   	-67.39  
308     	-66.58  
308.4   	-65.7   
308.8   	-64.73  
309.2   	-63.75  
309.6   	-62.69  
310     	-61.46  
310.4   	-59.9   
310.8   	-58.04  
311.2   	-53.43  
311.6   	-46.1   
312     	8.969   
312.4   	41.12   
312.8   	28.26   
313.2   	11.3    
313.6   	-5.612  
314     	-21.71  
314.4   	-37.99  
314.8   	-51.7   
315.2   	-60.6   
315.6   	-65.4   
316     	-67.59  
316.4   	-68.42  
316.8   	-68.56  
317.2   	-68.23  
317.6   	-67.66  
318     	-66.93  
318.4   	-66.04  
318.8   	-64.92  
319.2   	-63.83  
319.6   	-62.75  
320     	-61.61  
320.4   	-60.42  
320.8   	-58.36  
321.2   	-53.44  
321.6   	-46.2   
322     	1.18    
322.4   	41.02   
322.8   	29.06   
323.2   	12.33   
323.6   	-4.456  
324     	-20.32  
324.4   	-36.38  
324.8   	-50.25  
325.2   	-59.58  
325.6   	-64.76  
326     	-67.25  
326.4   	-68.33  
326.8   	-68.69  
327.2   	-68.48  
327.6   	-67.98  
328     	-67.29  
328.4   	-66.43  
328.8   	-65.4   
329.2   	-64.39  
329.6   	-63.23  
330     	-60.93  
330.4   	-54.83  
330.8   	-46.54  
331.2   	-11.45  
331.6   	40.71   
332     	30.56   
332.4   	14.21   
332.8   	-2.566  
333.2   	-18.36  
333.6   	-34.31  
334     	-48.6   
334.4   	-58.77  
334.8   	-64.62  
335.2   	-67.7   
335.6   	-69.11  
336     	-69.55  
336.4   	-69.48  
336.8   	-69.16  
337.2   	-68.64  
337.6   	-67.97  
338     	-67.15  
338.4   	-65.98  
338.8   	-63.67  
339.2   	-60.29  
339.6   	-58.44  
340     	-57.82  
340.4   	-57.58  
340.8   	-57.18  
341.2   	-55.47  
341.6   	-50.73  
342     	-43.49  
342.4   	24.73   
342.8   	39.67   
343.2   	25.95   
343.6   	9.016   
344     	-7.463  
344.4   	-23.21  
344.8   	-39.06  
345.2   	-52.23  
345.6   	-60.71  
346     	-65.29  
346.4   	-67.61  
346.8   	-68.66  
347.2   	-68.97  
347.6   	-68.73  
348     	-68.18  
348.4   	-67.46  
348.8   	-66.67  
349.2   	-65.83  
349.6   	-64.95  
350     	-63.98  
350.4   	-63.03  
350.8   	-62.14  
351.2   	-60.91  
351.6   	-58.25  
352     	-52.71  
352.4   	-39.15  
352.8   	36.15   
353.2   	37.85   
353.6   	22.95   
354     	5.82    
354.4   	-10.59  
354.8   	-26.68  
355.2   	-42.53  
355.6   	-55.13  
356     	-62.8   
356.4   	-66.9   
356.8   	-68.94  
357.2   	-69.8   
357.6   	-69.98  
358     	-69.77  
358.4   	-69.22  
358.8   	-68.52  
359.2   	-67.59  
359.6   	-66.55  
360     	-65.41  
360.4   	-64.1   
360.8   	-62.89  
361.2   	-61.15  
361.6   	-56.44  
362     	-48.08  
362.4   	-20.32  
362.8   	41.63   
363.2   	32.37   
363.6   	16.11   
364     	-0.9335 
364.4   	-16.99  
364.8   	-33.13  
365.2   	-47.81  
365.6   	-58.28  
366     	-64.15  
366.4   	-67.1   
366.8   	-68.45  
367.2   	-68.89  
367.6   	-68.84  
368     	-68.47  
368.4   	-67.68  
368.8   	-66.81  
369.2   	-65.75  
369.6   	-64.71  
370     	-63.73  
370.4   	-62.77  
370.8   	-61.53  
371.2   	-58.97  
371.6   	-53.06  
372     	-42.9   
372.4   	27.17   
372.8   	39.25   
373.2   	25.59   
373.6   	8.664   
374     	-7.861  
374.4   	-23.72  
374.8   	-39.49  
375.2   	-52.54  
375.6   	-61.01  
376     	-65.56  
376.4   	-67.83  
376.8   	-68.82  
377.2   	-68.93  
377.6   	-68.52  
378     	-67.84  
378.4   	-67.11  
378.8   	-66.3   
379.2   	-65.5   
379.6   	-64.69  
380     	-63.87  
380.4   	-63.01  
380.8   	-62.05  
381.2   	-60.89  
381.6   	-58.55  
382     	-50.97  
382.4   	-31.87  
382.8   	40.68   
383.2   	35.07   
383.6   	19.33   
384     	2.22    
384.4   	-14.02  
384.8   	-30.26  
385.2   	-45.67  
385.6   	-57.29  
386     	-64.05  
386.4   	-67.5   
386.8   	-69.1   
387.2   	-69.64  
387.6   	-69.61  
388     	-69.13  
388.4   	-68.44  
388.8   	-67.6   
389.2   	-66.76  
389.6   	-65.85  
390     	-64.91  
390.4   	-63.88  
390.8   	-62.74  
391.2   	-61.47  
391.6   	-59.47  
392     	-53.02  
392.4   	-37.49  
392.8   	38.31   
393.2   	36.99   
393.6   	21.93   
394     	4.827   
394.4   	-11.54  
394.8   	-27.61  
395.2   	-43.18  
395.6   	-55.31  
396     	-62.65  
396.4   	-66.47  
396.8   	-68.31  
397.2   	-69.09  
397.6   	-69.15  
398     	-68.81  
398.4   	-68.29  
398.8   	-67.49  
399.2   	-66.52  
399.6   	-65.49  
400     	-64.48  
400.4   	-63.5   
400.8   	-62.55  
401.2   	-61.54  
401.6   	-60.45  
402     	-58.89  
402.4   	-54.38  
402.8   	-47.71  
403.2   	-6.477  
403.6   	41.81   
404     	30.13   
404.4   	13.35   
404.8   	-3.666  
405.2   	-19.79  
405.6   	-36.1   
406     	-50.33  
406.4   	-59.92  
406.8   	-65.2   
407.2   	-67.91  
407.6   	-69.12  
408     	-69.44  
408.4   	-69.36  
408.8   	-68.96  
409.2   	-68.4   
409.6   	-67.69  
410     	-66.8   
410.4   	-65.82  
410.8   	-64.81  
411.2   	-63.86  
411.6   	-62.86  
412     	-61.8   
412.4   	-60.65  
412.8   	-59.48  
413.2   	-57.81  
413.6   	-53.16  
414     	-39.63  
414.4   	37.2    
414.8   	38.14   
415.2   	22.89   
415.6   	5.566   
416     	-11.04  
416.4   	-27.35  
416.8   	-43.37  
417.2   	-55.87  
417.6   	-63.25  
418     	-67.03  
418.4   	-68.74  
418.8   	-69.23  
419.2   	-69.15  
419.6   	-68.83  
420     	-68.27  
420.4   	-67.48  
420.8   	-66.6   
421.2   	-65.59  
421.6   	-64.61  
422     	-63.65  
422.4   	-62.73  
422.8   	-61.72  
423.2   	-60.55  
423.6   	-58.1   
424     	-54.44  
424.4   	-48.99  
424.8   	-18.5   
425.2   	42.45   
425.6   	31.55   
426     	14.85   
426.4   	-2.275  
426.8   	-18.4   
427.2   	-34.84  
427.6   	-49.45  
428     	-59.37  
428.4   	-64.79  
428.8   	-67.4   
429.2   	-68.42  
429.6   	-68.66  
430     	-68.5   
430.4   	-68.07  
430.8   	-67.43  
431.2   	-66.65  
431.6   	-65.72  
432     	-64.67  
432.4   	-63.69  
432.8   	-62.74  
433.2   	-61.7   
433.6   	-60.57  
434     	-59.34  
434.4   	-57.97  
434.8   	-55.62  
435.2   	-47.78  
435.6   	-8.215  
436     	42.01   
436.4   	30.27   
436.8   	13.47   
437.2   	-3.532  
437.6   	-19.53  
438     	-35.76  
438.4   	-49.85  
438.8   	-59.38  
439.2   	-64.65  
439.6   	-67.26  
440     	-68.38  
440.4   	-68.74  
440.8   	-68.68  
441.2   	-68.2   
441.6   	-67.54  
442     	-66.73  
442.4   	-65.76  
442.8   	-64.84  
443.2   	-63.85  
443.6   	-62.55  
444     	-60.57  
444.4   	-56.02  
444.8   	-50.48  
445.2   	-40.07  
445.6   	34.53   
446     	37.83   
446.4   	23.21   
446.8   	6.131   
447.2   	-10.27  
447.6   	-26.22  
448     	-41.92  
448.4   	-54.45  
448.8   	-62.14  
449.2   	-66.2   
449.6   	-68.15  
450     	-69.04  
450.4   	-69.19  
450.8   	-68.95  
451.2   	-68.49  
451.6   	-67.76  
452     	-66.74  
452.4   	-65.72  
452.8   	-64.62  
453.2   	-63.52  
453.6   	-62.26  
454     	-60.57  
454.4   	-57.09  
454.8   	-51.23  
455.2   	-36.09  
455.6   	39.06   
456     	36.3    
456.4   	20.96   
456.8   	3.844   
457.2   	-12.43  
457.6   	-28.54  
458     	-44.06  
458.4   	-56.02  
458.8   	-63.06  
459.2   	-66.77  
459.6   	-68.54  
460     	-69.11  
460.4   	-69.09  
460.8   	-68.71  
461.2   	-68.09  
461.6   	-67.24  
462     	-66.16  
462.4   	-65.05  
462.8   	-63.91  
463.2   	-62.79  
463.6   	-61.73  
464     	-60.6   
464.4   	-58.99  
464.8   	-54.6   
465.2   	-47.25  
465.6   	-14.23  
466     	41.88   
466.4   	31.02   
466.8   	14.35   
467.2   	-2.723  
467.6   	-18.84  
468     	-35.2   
468.4   	-49.69  
468.8   	-59.55  
469.2   	-64.98  
469.6   	-67.69  
470     	-68.69  
470.4   	-68.81  
470.8   	-68.45  
471.2   	-67.89  
471.6   	-67.14  
472     	-66.34  
472.4   	-65.51  
472.8   	-64.54  
473.2   	-63.54  
473.6   	-62.54  
474     	-61.48  
474.4   	-60.38  
474.8   	-59.21  
475.2   	-57.01  
475.6   	-48.82  
476     	-14.46  
476.4   	41.9    
476.8   	31.33   
477.2   	14.69   
477.6   	-2.399  
478     	-18.57  
478.4   	-35     
478.8   	-49.6   
479.2   	-59.67  
479.6   	-65.22  
480     	-68.03  
480.4   	-69.22  
480.8   	-69.57  
481.2   	-69.33  
481.6   	-68.78  
482     	-67.98  
482.4   	-67.15  
482.8   	-66.15  
483.2   	-65.12  
483.6   	-64.09  
484     	-63.01  
484.4   	-61.82  
484.8   	-59.87  
485.2   	-53.92  
485.6   	-36.71  
486     	39.55   
486.4   	36.23   
486.8   	20.78   
487.2   	3.57    
487.6   	-12.85  
488     	-29.14  
488.4   	-44.77  
488.8   	-56.55  
489.2   	-63.51  
489.6   	-67.13  
490     	-68.88  
490.4   	-69.58  
490.8   	-69.67  
491.2   	-69.34  
491.6   	-68.84  
492     	-68.19  
492.4   	-67.39  
492.8   	-66.43  
493.2   	-65.42  
493.6   	-64.36  
494     	-63.2   
494.4   	-61.96  
494.8   	-59.27  
495.2   	-54.79  
495.6   	-51.6   
496     	-46.62  
496.4   	1.097   
496.8   	41.5    
497.2   	29.1    
497.6   	12.18   
498     	-4.817  
498.4   	-20.95  
498.8   	-37.37  
499.2   	-51.44  
499.6   	-60.7   
500     	-65.75  
500.4   	-68.24  
500.8   	-69.28  
501.2   	-69.46  
501.6   	-69.13  
502     	-68.49  
502.4   	-67.66  
502.8   	-66.63  
503.2   	-65.57  
503.6   	-64.52  
504     	-63.41  
504.4   	-62.2   
504.8   	-61.01  
505.2   	-59.7   
505.6   	-58.3   
506     	-56.26  
506.4   	-50.33  
506.8   	-28.18  
507.2   	42.09   
507.6   	33.54   
508     	17.19   
508.4   	-0.01493
508.8   	-16.22  
509.2   	-32.56  
509.6   	-47.55  
510     	-58.26  
510.4   	-64.33  
510.8   	-67.45  
511.2   	-68.83  
511.6   	-69.23  
512     	-69.04  
512.4   	-68.57  
512.8   	-67.87  
513.2   	-67.03  
513.6   	-66.12  
514     	-65.16  
514.4   	-64.23  
514.8   	-63.24  
515.2   	-62.22  
515.6   	-61.07  
516     	-59.5   
516.4   	-54.42  
516.8   	-43.47  
517.2   	24.4    
517.6   	40.07   
518     	26.47   
518.4   	9.452   
518.8   	-7.254  
519.2   	-23.23  
519.6   	-39.28  
520     	-52.69  
520.4   	-61.32  
520.8   	-65.93  
521.2   	-68.26  
521.6   	-69.22  
522     	-69.42  
522.4   	-69.18  
522.8   	-68.66  
523.2   	-67.96  
523.6   	-67.12  
524     	-66.15  
524.4   	-65.06  
524.8   	-63.88  
525.2   	-62.7   
525.6   	-61.54  
526     	-59.55  
526.4   	-54.37  
526.8   	-43.19  
527.2   	26.53   
527.6   	39.64   
528     	26.05   
528.4   	9.08    
528.8   	-7.577  
529.2   	-23.61  
529.6   	-39.63  
530     	-52.92  
530.4   	-61.44  
530.8   	-66.04  
531.2   	-68.32  
531.6   	-69.2   
532     	-69.18  
532.4   	-68.74  
532.8   	-67.96  
533.2   	-66.95  
533.6   	-65.79  
534     	-64.71  
534.4   	-63.59  
534.8   	-62.48  
535.2   	-61.32  
535.6   	-60.07  
536     	-58.57  
536.4   	-54.47  
536.8   	-42.31  
537.2   	30.55   
537.6   	38.98   
538     	24.8    
538.4   	7.751   
538.8   	-8.73   
539.2   	-24.58  
539.6   	-40.22  
540     	-52.87  
540.4   	-60.84  
540.8   	-65.13  
541.2   	-67.24  
541.6   	-68.03  
542     	-68.16  
542.4   	-67.76  
542.8   	-67.06  
543.2   	-66.19  
543.6   	-65.23  
544     	-64.33  
544.4   	-63.39  
544.8   	-62.47  
545.2   	-61.33  
545.6   	-59.98  
546     	-58.72  
546.4   	-57.23  
546.8   	-52.45  
547.2   	-33.56  
547.6   	40.39   
548     	35.18   
548.4   	19.31   
548.8   	2.156   
549.2   	-14     
549.6   	-30.06  
550     	-45.19  
550.4   	-56.38  
550.8   	-62.77  
551.2   	-66.05  
551.6   	-67.57  
552     	-68.09  
552.4   	-68.02  
552.8   	-67.61  
553.2   	-67.02  
553.6   	-66.29  
554     	-65.53  
554.4   	-64.66  
554.8   	-63.77  
555.2   	-62.71  
555.6   	-61.58  
556     	-60.22  
556.4   	-57.92  
556.8   	-52.6   
557.2   	-42.03  
557.6   	29.64   
558     	39.11   
558.4   	24.94   
558.8   	7.868   
559.2   	-8.664  
559.6   	-24.56  
560     	-40.34  
560.4   	-53.18  
560.8   	-61.25  
561.2   	-65.59  
561.6   	-67.67  
562     	-68.57  
562.4   	-68.8   
562.8   	-68.66  
563.2   	-68.17  
563.6   	-67.5   
564     	-66.71  
564.4   	-65.91  
564.8   	-65.13  
565.2   	-64.26  
565.6   	-63.23  
566     	-62.25  
566.4   	-61.31  
566.8   	-60.38  
567.2   	-59.38  
567.6   	-58.2   
568     	-55.29  
568.4   	-47.7   
568.8   	-5.917  
569.2   	42.54   
569.6   	29.8    
570     	12.65   
570.4   	-4.564  
570.8   	-20.9   
571.2   	-37.71  
571.6   	-52.28  
572     	-61.65  
572.4   	-66.66  
572.8   	-69.14  
573.2   	-70.13  
573.6   	-70.37  
574     	-70.13  
574.4   	-69.53  
574.8   	-68.78  
575.2   	-67.85  
575.6   	-66.83  
576     	-65.8   
576.4   	-64.71  
576.8   	-63.52  
577.2   	-62.45  
577.6   	-61.39  
578     	-60.23  
578.4   	-58.86  
578.8   	-56.43  
579.2   	-51.15  
579.6   	-33.08  
580     	41.7    
580.4   	35.28   
580.8   	19.13   
581.2   	1.791   
581.6   	-14.61  
582     	-31.14  
582.4   	-46.87  
582.8   	-58.27  
583.2   	-64.56  
583.6   	-67.6   
584     	-68.82  
584.4   	-69.18  
584.8   	-69.02  
585.2   	-68.43  
585.6   	-67.64  
586     	-66.79  
586.4   	-65.84  
586.8   	-64.71  
587.2   	-63.05  
587.6   	-59.47  
588     	-56.05  
588.4   	-54.18  
588.8   	-52.65  
589.2   	-48.29  
589.6   	-25.43  
590     	41.41   
590.4   	31.97   
590.8   	15.51   
591.2   	-1.524  
591.6   	-17.49  
592     	-33.63  
592.4   	-48.1   
592.8   	-58.29  
593.2   	-64.02  
593.6   	-66.85  
594     	-68.12  
594.4   	-68.45  
594.8   	-68.24  
595.2   	-67.81  
595.6   	-67.22  
596     	-66.53  
596.4   	-65.72  
596.8   	-64.76  
597.2   	-63.85  
597.6   	-62.89  
598     	-61.97  
598.4   	-61.02  
598.8   	-59.85  
599.2   	-57.26  
599.6   	-52.93  
600     	-49.19  
600.4   	-38.18  
600.8   	38.24   
601.2   	37.15   
601.6   	21.82   
602     	4.598   
602.4   	-11.74  
602.8   	-27.82  
603.2   	-43.55  
603.6   	-55.83  
604     	-63.23  
604.4   	-67.12  
604.8   	-68.95  
605.2   	-69.69  
605.6   	-69.78  
606     	-69.46  
606.4   	-68.95  
606.8   	-68.2   
607.2   	-67.22  
607.6   	-66.29  
608     	-65.44  
608.4   	-64.59  
608.8   	-63.76  
609.2   	-62.93  
609.6   	-62.12  
610     	-61.31  
610.4   	-60.36  
610.8   	-57.99  
611.2   	-54.66  
611.6   	-48.76  
612     	-18.9   
612.4   	42.55   
612.8   	32.49   
613.2   	15.96   
613.6   	-1.244  
614     	-17.51  
614.4   	-34     
614.8   	-48.98  
615.2   	-59.6   
615.6   	-65.62  
616     	-68.79  
616.4   	-70.35  
616.8   	-71     
617.2   	-71.11  
617.6   	-70.84  
618     	-70.28  
618.4   	-69.62  
618.8   	-68.72  
619.2   	-67.86  
619.6   	-66.96  
620     	-65.95  
620.4   	-64.92  
620.8   	-63.68  
621.2   	-61.12  
621.6   	-56.7   
622     	-53.97  
622.4   	-52.18  
622.8   	-49.15  
623.2   	-29.98  
623.6   	42.26   
624     	33.84   
624.4   	17.51   
624.8   	0.2363  
625.2   	-16.08  
625.6   	-32.66  
626     	-48.07  
626.4   	-59.05  
626.8   	-65.23  
627.2   	-68.39  
627.6   	-69.86  
628     	-70.3   
628.4   	-70.25  
628.8   	-69.89  
629.2   	-69.31  
629.6   	-68.56  
630     	-67.69  
630.4   	-66.83  
630.8   	-65.98  
631.2   	-65.02  
631.6   	-63.92  
632     	-62.74  
632.4   	-61.2   
632.8   	-57.94  
633.2   	-52.78  
633.6   	-46.09  
634     	0.2059  
634.4   	41.86   
634.8   	29.7    
635.2   	12.8    
635.6   	-4.235  
636     	-20.32  
636.4   	-36.66  
636.8   	-50.95  
637.2   	-60.44  
637.6   	-65.55  
638     	-68.07  
638.4   	-69.13  
638.8   	-69.32  
639.2   	-68.94  
639.6   	-68.19  
640     	-67.3   
640.4   	-66.36  
640.8   	-65.38  
641.2   	-64.41  
641.6   	-63.4   
642     	-62.27  
642.4   	-61.05  
642.8   	-59.82  
643.2   	-57.99  
643.6   	-52.11  
644     	-40.21  
644.4   	35.51   
644.8   	38      
645.2   	23.21   
645.6   	6.09    
646     	-10.34  
646.4   	-26.35  
646.8   	-42.13  
647.2   	-54.71  
647.6   	-62.34  
648     	-66.33  
648.4   	-68.16  
648.8   	-68.84  
649.2   	-68.93  
649.6   	-68.64  
650     	-68.16  
650.4   	-67.52  
650.8   	-66.59  
651.2   	-65.6   
651.6   	-64.58  
652     	-63.59  
652.4   	-62.51  
652.8   	-61.11  
653.2   	-58.38  
653.6   	-55.8   
654     	-53.98  
654.4   	-50.73  
654.8   	-35.11  
655.2   	41.14   
655.6   	35.31   
656     	19.3    
656.4   	1.999   
656.8   	-14.34  
657.2   	-30.7   
657.6   	-46.06  
658     	-57.34  
658.4   	-63.88  
658.8   	-67.27  
659.2   	-68.79  
659.6   	-69.37  
660     	-69.32  
660.4   	-68.96  
660.8   	-68.41  
661.2   	-67.67  
661.6   	-66.85  
662     	-66.06  
662.4   	-65.27  
662.8   	-64.34  
663.2   	-63.38  
663.6   	-62.33  
664     	-61.13  
664.4   	-58.82  
664.8   	-53.96  
665.2   	-49.39  
665.6   	-34.45  
666     	41.14   
666.4   	35.39   
666.8   	19.52   
667.2   	2.253   
667.6   	-14.1   
668     	-30.47  
668.4   	-45.97  
668.8   	-57.43  
669.2   	-64.04  
669.6   	-67.43  
670     	-69.05  
670.4   	-69.67  
670.8   	-69.75  
671.2   	-69.44  
671.6   	-68.79  
672     	-68.06  
672.4   	-67.07  
672.8   	-66.09  
673.2   	-65.16  
673.6   	-64.17  
674     	-62.71  
674.4   	-59.5   
674.8   	-55.27  
675.2   	-52.73  
675.6   	-50.6   
676     	-43.51  
676.4   	29.22   
676.8   	39.28   
677.2   	25.04   
677.6   	7.903   
678     	-8.723  
678.4   	-24.83  
678.8   	-40.92  
679.2   	-53.99  
679.6   	-61.98  
680     	-66.22  
680.4   	-68.24  
680.8   	-69.14  
681.2   	-69.31  
681.6   	-68.99  
682     	-68.45  
682.4   	-67.58  
682.8   	-66.72  
683.2   	-65.89  
683.6   	-65.07  
684     	-64.21  
684.4   	-63.33  
684.8   	-62.41  
685.2   	-61.33  
685.6   	-59.12  
686     	-54.3   
686.4   	-48.51  
686.8   	-26.16  
687.2   	41.93   
687.6   	33.55   
688     	17.25   
688.4   	0.03078 
688.8   	-16.18  
689.2   	-32.52  
689.6   	-47.63  
690     	-58.44  
690.4   	-64.49  
690.8   	-67.51  
691.2   	-68.89  
691.6   	-69.37  
692     	-69.3   
692.4   	-68.89  
692.8   	-68.24  
693.2   	-67.43  
693.6   	-66.65  
694     	-65.79  
694.4   	-64.94  
694.8   	-64.04  
695.2   	-63.04  
695.6   	-61.3   
696     	-57.33  
696.4   	-54.13  
696.8   	-52.03  
697.2   	-47.47  
697.6   	-17.94  
698     	41.89   
698.4   	31.53   
698.8   	15      
699.2   	-2.055  
699.6   	-18.12  
700     	-34.51  
700.4   	-49.25  
700.8   	-59.52  
701.2   	-65.23  
701.6   	-68.14  
702     	-69.45  
702.4   	-69.87  
702.8   	-69.78  
703.2   	-69.24  
703.6   	-68.57  
704     	-67.76  
704.4   	-66.84  
704.8   	-65.83  
705.2   	-64.77  
705.6   	-63.83  
706     	-62.91  
706.4   	-61.87  
706.8   	-60.78  
707.2   	-59.51  
707.6   	-56.36  
708     	-46.96  
708.4   	0.4069  
708.8   	41.77   
709.2   	29.84   
709.6   	13.03   
710     	-4.009  
710.4   	-20.21  
710.8   	-36.66  
711.2   	-50.99  
711.6   	-60.62  
712     	-65.9   
712.4   	-68.56  
712.8   	-69.75  
713.2   	-70.13  
713.6   	-69.91  
714     	-69.23  
714.4   	-68.35  
714.8   	-67.35  
715.2   	-66.33  
715.6   	-65.3   
716     	-64.29  
716.4   	-63.31  
716.8   	-62.24  
717.2   	-60.29  
717.6   	-56.34  
718     	-49.61  
718.4   	-29.12  
718.8   	41.72   
719.2   	33.91   
719.6   	17.68   
720     	0.4233  
720.4   	-15.95  
720.8   	-32.5   
721.2   	-47.82  
721.6   	-58.83  
722     	-64.99  
722.4   	-68.12  
722.8   	-69.49  
723.2   	-69.91  
723.6   	-69.87  
724     	-69.5   
724.4   	-68.92  
724.8   	-68.22  
725.2   	-67.47  
725.6   	-66.7   
726     	-65.86  
726.4   	-64.81  
726.8   	-63.69  
727.2   	-62.54  
727.6   	-61.42  
728     	-59.99  
728.4   	-56.6   
728.8   	-49.79  
729.2   	-31.97  
729.6   	41.65   
730     	34.99   
730.4   	19.05   
730.8   	1.809   
731.2   	-14.5   
731.6   	-30.87  
732     	-46.34  
732.4   	-57.72  
732.8   	-64.17  
733.2   	-67.46  
733.6   	-68.98  
734     	-69.47  
734.4   	-69.47  
734.8   	-69.04  
735.2   	-68.33  
735.6   	-67.52  
736     	-66.6   
736.4   	-65.65  
736.8   	-64.48  
737.2   	-62.16  
737.6   	-58.23  
738     	-55.94  
738.4   	-54.93  
738.8   	-53.54  
739.2   	-48.1   
739.6   	-18.78  
740     	41.5    
740.4   	31.27   
740.8   	14.74   
741.2   	-2.239  
741.6   	-18.27  
742     	-34.56  
742.4   	-49.07  
742.8   	-59.21  
743.2   	-64.9   
743.6   	-67.87  
744     	-69.28  
744.4   	-69.82  
744.8   	-69.78  
745.2   	-69.45  
745.6   	-68.87  
746     	-68.1   
746.4   	-67.17  
746.8   	-66.27  
747.2   	-65.33  
747.6   	-64.28  
748     	-63.22  
748.4   	-62.05  
748.8   	-60.47  
749.2   	-55.93  
749.6   	-41.81  
750     	32.46   
750.4   	39.15   
750.8   	24.9    
751.2   	7.821   
751.6   	-8.813  
752     	-24.93  
752.4   	-40.93  
752.8   	-53.87  
753.2   	-61.95  
753.6   	-66.23  
754     	-68.34  
754.4   	-69.21  
754.8   	-69.32  
755.2   	-68.95  
755.6   	-68.38  
756     	-67.72  
756.4   	-66.96  
756.8   	-66.11  
757.2   	-65.2   
757.6   	-64.33  
758     	-63.48  
758.4   	-62.49  
758.8   	-61.47  
759.2   	-60.43  
759.6   	-59.12  
760     	-54.42  
760.4   	-40.68  
760.8   	34.31   
761.2   	38.86   
761.6   	24.11   
762     	6.866   
762.4   	-9.825  
762.8   	-26.13  
763.2   	-42.26  
763.6   	-55.17  
764     	-63     
764.4   	-67.11  
764.8   	-68.91  
765.2   	-69.58  
765.6   	-69.66  
766     	-69.42  
766.4   	-68.98  
766.8   	-68.31  
767.2   	-67.54  
767.6   	-66.77  
768     	-65.91  
768.4   	-64.96  
768.8   	-63.99  
769.2   	-62.96  
769.6   	-61.81  
770     	-60.65  
770.4   	-59.16  
770.8   	-55.27  
771.2   	-46.72  
771.6   	12.15   
772     	41.59   
772.4   	28.04   
772.8   	10.82   
773.2   	-6.324  
773.6   	-22.83  
774     	-39.65  
774.4   	-53.71  
774.8   	-62.45  
775.2   	-66.95  
775.6   	-68.85  
776     	-69.59  
776.4   	-69.71  
776.8   	-69.5   
777.2   	-69.11  
777.6   	-68.6   
778     	-67.98  
778.4   	-67.18  
778.8   	-66.27  
779.2   	-65.32  
779.6   	-64.43  
780     	-63.56  
780.4   	-62.51  
780.8   	-61.4   
781.2   	-60.22  
781.6   	-58.97  
782     	-57.08  
782.4   	-50.17  
782.8   	-14.83  
783.2   	42.79   
783.6   	31.54   
784     	14.66   
784.4   	-2.664  
784.8   	-19.14  
785.2   	-36.08  
785.6   	-51.15  
786     	-61.23  
786.4   	-66.63  
786.8   	-69.17  
787.2   	-70.23  
787.6   	-70.43  
788     	-70.16  
788.4   	-69.57  
788.8   	-68.84  
789.2   	-67.96  
789.6   	-67.13  
790     	-66.28  
790.4   	-65.26  
790.8   	-64.18  
791.2   	-62.97  
791.6   	-60.91  
792     	-54.86  
792.4   	-45.16  
792.8   	10.12   
793.2   	41.08   
793.6   	28.72   
794     	11.88   
794.4   	-5.033  
794.8   	-21.1   
795.2   	-37.35  
795.6   	-51.35  
796     	-60.75  
796.4   	-65.92  
796.8   	-68.47  
797.2   	-69.59  
797.6   	-69.87  
798     	-69.68  
798.4   	-69.27  
798.8   	-68.63  
799.2   	-67.87  
799.6   	-66.96  
800     	-65.95  
800.4   	-64.77  
800.8   	-63.41  
801.2   	-62     
801.6   	-60.74  
802     	-59.4   
802.4   	-56.6   
802.8   	-48.33  
803.2   	-14.24  
803.6   	41.99   
804     	31.44   
804.4   	14.9    
804.8   	-2.122  
805.2   	-18.19  
805.6   	-34.49  
806     	-49.03  
806.4   	-59.08  
806.8   	-64.62  
807.2   	-67.38  
807.6   	-68.6   
808     	-68.96  
808.4   	-68.85  
808.8   	-68.43  
809.2   	-67.78  
809.6   	-67.03  
810     	-66.2   
810.4   	-65.33  
810.8   	-64.49  
811.2   	-63.62  
811.6   	-62.7   
812     	-61.65  
812.4   	-60.55  
812.8   	-59.12  
813.2   	-56.66  
813.6   	-52.37  
814     	-35.64  
814.4   	41.12   
814.8   	35.8    
815.2   	19.93   
815.6   	2.606   
816     	-13.76  
816.4   	-30.11  
816.8   	-45.4   
817.2   	-56.64  
817.6   	-63.14  
818     	-66.5   
818.4   	-68.1   
818.8   	-68.59  
819.2   	-68.49  
819.6   	-68.05  
820     	-67.43  
820.4   	-66.74  
820.8   	-66.03  
821.2   	-65.27  
821.6   	-64.31  
822     	-63.37  
822.4   	-62.44  
822.8   	-61.45  
823.2   	-60.37  
823.6   	-59.1   
824     	-56.38  
824.4   	-47     
824.8   	8.795   
825.2   	41.11   
825.6   	28.75   
826     	11.94   
826.4   	-4.901  
826.8   	-20.94  
827.2   	-37.14  
827.6   	-50.96  
828     	-60.15  
828.4   	-65.16  
828.8   	-67.61  
829.2   	-68.71  
829.6   	-69.05  
830     	-68.92  
830.4   	-68.45  
830.8   	-67.87  
831.2   	-67.19  
831.6   	-66.44  
832     	-65.58  
832.4   	-64.69  
832.8   	-63.8   
833.2   	-62.89  
833.6   	-61.95  
834     	-60.85  
834.4   	-58.14  
834.8   	-48.92  
835.2   	-11.41  
835.6   	41.8    
836     	31.28   
836.4   	14.78   
836.8   	-2.193  
837.2   	-18.26  
837.6   	-34.55  
838     	-49.15  
838.4   	-59.34  
838.8   	-65.06  
839.2   	-68.05  
839.6   	-69.47  
840     	-69.96  
840.4   	-69.9   
840.8   	-69.6   
841.2   	-69.09  
841.6   	-68.45  
842     	-67.69  
842.4   	-66.91  
842.8   	-66.09  
843.2   	-65.23  
843.6   	-64.32  
844     	-63.39  
844.4   	-62.31  
844.8   	-61.32  
845.2   	-60.18  
845.6   	-57.41  
846     	-49.32  
846.4   	-15.08  
846.8   	42.44   
847.2   	32.1    
847.6   	15.55   
848     	-1.619  
848.4   	-17.92  
848.8   	-34.5   
849.2   	-49.54  
849.6   	-60.07  
850     	-65.92  
850.4   	-68.83  
850.8   	-70.09  
851.2   	-70.56  
851.6   	-70.36  
852     	-69.67  
852.4   	-68.77  
852.8   	-67.62  
853.2   	-66.35  
853.6   	-65.25  
854     	-64.19  
854.4   	-62.71  
854.8   	-59.59  
855.2   	-55.64  
855.6   	-53.05  
856     	-49.33  
856.4   	-29.81  
856.8   	40.97   
857.2   	33.92   
857.6   	17.9    
858     	0.8084  
858.4   	-15.29  
858.8   	-31.37  
859.2   	-46.23  
859.6   	-57.23  
860     	-63.58  
860.4   	-66.88  
860.8   	-68.45  
861.2   	-69.02  
861.6   	-68.98  
862     	-68.57  
862.4   	-68.01  
862.8   	-67.22  
863.2   	-66.28  
863.6   	-65.3   
864     	-64.38  
864.4   	-63.38  
864.8   	-62.2   
865.2   	-59.82  
865.6   	-54.71  
866     	-45.36  
866.4   	13.11   
866.8   	40.57   
867.2   	28.12   
867.6   	11.35   
868     	-5.389  
868.4   	-21.35  
868.8   	-37.51  
869.2   	-51.33  
869.6   	-60.51  
870     	-65.51  
870.4   	-68.02  
870.8   	-69.18  
871.2   	-69.6   
871.6   	-69.6   
872     	-69.28  
872.4   	-68.66  
872.8   	-67.85  
873.2   	-67.03  
873.6   	-66.15  
874     	-65.08  
874.4   	-63.95  
874.8   	-62.81  
875.2   	-61.69  
875.6   	-60.23  
876     	-56.51  
876.4   	-45.58  
876.8   	17.12   
877.2   	40.82   
877.6   	27.95   
878     	11.04   
878.4   	-5.785  
878.8   	-21.88  
879.2   	-38.19  
879.6   	-51.95  
880     	-60.98  
880.4   	-65.84  
880.8   	-68.3   
881.2   	-69.4   
881.6   	-69.69  
882     	-69.51  
882.4   	-69.13  
882.8   	-68.42  
883.2   	-67.63  
883.6   	-66.8   
884     	-65.96  
884.4   	-65.07  
884.8   	-64.13  
885.2   	-63.11  
885.6   	-62.11  
886     	-60.98  
886.4   	-58.66  
886.8   	-53.6   
887.2   	-46.74  
887.6   	5.819   
888     	41.71   
888.4   	28.82   
888.8   	11.75   
889.2   	-5.307  
889.6   	-21.58  
890     	-38.11  
890.4   	-52.1   
890.8   	-60.96  
891.2   	-65.58  
891.6   	-67.8   
892     	-68.71  
892.4   	-68.94  
892.8   	-68.73  
893.2   	-68     
893.6   	-67.16  
894     	-66.31  
894.4   	-65.37  
894.8   	-64.37  
895.2   	-63.32  
895.6   	-62.3   
896     	-61.34  
896.4   	-60.36  
896.8   	-59.07  
897.2   	-56.9   
897.6   	-48.79  
898     	-6.589  
898.4   	41.92   
898.8   	29.93   
899.2   	13.08   
899.6   	-3.975  
900     	-20.18  
900.4   	-36.69  
900.8   	-51.04  
901.2   	-60.57  
901.6   	-65.71  
902     	-68.27  
902.4   	-69.33  
902.8   	-69.62  
903.2   	-69.47  
903.6   	-69.01  
904     	-68.35  
904.4   	-67.59  
904.8   	-66.75  
905.2   	-65.72  
905.6   	-64.64  
906     	-63.52  
906.4   	-62.44  
906.8   	-61.29  
907.2   	-60.04  
907.6   	-57.46  
908     	-54.04  
908.4   	-50.47  
908.8   	-34.83  
909.2   	42.22   
909.6   	35.09   
910     	18.84   
910.4   	1.415   
910.8   	-15.05  
911.2   	-31.74  
911.6   	-47.43  
912     	-58.68  
912.4   	-64.96  
912.8   	-68.17  
913.2   	-69.67  
913.6   	-70.18  
914     	-70.07  
914.4   	-69.64  
914.8   	-69.05  
915.2   	-68.35  
915.6   	-67.42  
916     	-66.49  
916.4   	-65.57  
916.8   	-64.67  
917.2   	-63.67  
917.6   	-62.53  
918     	-61.14  
918.4   	-58.25  
918.8   	-51.47  
919.2   	-39.87  
919.6   	35.79   
920     	38.4    
920.4   	23.55   
920.8   	6.355   
921.2   	-10.25  
921.6   	-26.44  
922     	-42.48  
922.4   	-55.29  
922.8   	-63.01  
923.2   	-67.09  
923.6   	-68.91  
924     	-69.63  
924.4   	-69.73  
924.8   	-69.49  
925.2   	-68.95  
925.6   	-68.02  
926     	-67.08  
926.4   	-66.02  
926.8   	-64.98  
927.2   	-63.99  
927.6   	-62.98  
928     	-61.94  
928.4   	-60.91  
928.8   	-59.45  
929.2   	-55.36  
929.6   	-49.46  
930     	-33.84  
930.4   	40.7    
930.8   	35.73   
931.2   	19.97   
931.6   	2.752   
932     	-13.57  
932.4   	-29.81  
932.8   	-45.39  
933.2   	-57.18  
933.6   	-64     
934     	-67.52  
934.4   	-69.12  
934.8   	-69.73  
935.2   	-69.73  
935.6   	-69.31  
936     	-68.6   
936.4   	-67.8   
936.8   	-66.92  
937.2   	-65.87  
937.6   	-64.79  
938     	-63.51  
938.4   	-61.17  
938.8   	-56.75  
939.2   	-52.82  
939.6   	-45.77  
940     	-3.611  
940.4   	41.24   
940.8   	29.6    
941.2   	12.87   
941.6   	-4.043  
942     	-20     
942.4   	-36.09  
942.8   	-50.22  
943.2   	-59.84  
943.6   	-65.19  
944     	-67.8   
944.4   	-68.87  
944.8   	-69.17  
945.2   	-69.02  
945.6   	-68.53  
946     	-67.83  
946.4   	-66.98  
946.8   	-66.09  
947.2   	-65.19  
947.6   	-64.2   
948     	-63.27  
948.4   	-62.24  
948.8   	-61.09  
949.2   	-59.79  
949.6   	-57.81  
950     	-51.92  
950.4   	-36.8   
950.8   	39.99   
951.2   	36.32   
951.6   	20.82   
952     	3.641   
952.4   	-12.66  
952.8   	-28.76  
953.2   	-44.12  
953.6   	-55.77  
954     	-62.62  
954.4   	-66.17  
954.8   	-67.73  
955.2   	-68.17  
955.6   	-68.04  
956     	-67.5   
956.4   	-66.74  
956.8   	-65.99  
957.2   	-65.19  
957.6   	-64.3   
958     	-63.4   
958.4   	-62.52  
958.8   	-61.59  
959.2   	-60.48  
959.6   	-59.17  
960     	-57.06  
960.4   	-50.04  
960.8   	-22.92  
961.2   	42.19   
961.6   	32.18   
962     	15.49   
962.4   	-1.779  
962.8   	-18.13  
963.2   	-34.86  
963.6   	-49.94  
964     	-60.12  
964.4   	-65.47  
964.8   	-68.04  
965.2   	-69.04  
965.6   	-69.25  
966     	-69.03  
966.4   	-68.53  
966.8   	-67.82  
967.2   	-66.97  
967.6   	-65.93  
968     	-64.91  
968.4   	-63.89  
968.8   	-62.82  
969.2   	-61.56  
969.6   	-59.74  
970     	-55.83  
970.4   	-49.68  
970.8   	-29.91  
971.2   	41.3    
971.6   	34.07   
972     	17.97   
972.4   	0.7648  
972.8   	-15.52  
973.2   	-31.95  
973.6   	-47.22  
974     	-58.34  
974.4   	-64.67  
974.8   	-67.92  
975.2   	-69.45  
975.6   	-70.01  
976     	-69.89  
976.4   	-69.41  
976.8   	-68.75  
977.2   	-67.88  
977.6   	-67.01  
978     	-66.07  
978.4   	-65     
978.8   	-64     
979.2   	-62.87  
979.6   	-61.3   
980     	-57.59  
980.4   	-51.41  
980.8   	-36.42  
981.2   	39.7    
981.6   	36.36   
982     	20.74   
982.4   	3.431   
982.8   	-13.08  
983.2   	-29.48  
983.6   	-45.13  
984     	-56.9   
984.4   	-63.68  
984.8   	-67.04  
985.2   	-68.57  
985.6   	-69.08  
986     	-69.05  
986.4   	-68.7   
986.8   	-68.12  
987.2   	-67.31  
987.6   	-66.42  
988     	-65.45  
988.4   	-64.33  
988.8   	-63.31  
989.2   	-62.35  
989.6   	-61.34  
990     	-59.77  
990.4   	-54.85  
990.8   	-44.84  
991.2   	15.94   
991.6   	40.56   
992     	27.77   
992.4   	10.92   
992.8   	-5.846  
993.2   	-21.84  
993.6   	-37.96  
994     	-51.55  
994.4   	-60.44  
994.8   	-65.35  
995.2   	-67.87  
995.6   	-68.93  
996     	-69.21  
996.4   	-69.06  
996.8   	-68.66  
997.2   	-67.87  
997.6   	-67.01  
998     	-66.09  
998.4   	-65.14  
998.8   	-64.26  
999.2   	-63.35  
999.6   	-62.26  
