
SWEPT_VAR_1 = 85.0    // Syn: Source PP \ NetStim \ PARAMETER \ interval (ms)

t	s.v( 0.05 )
ms	mV
0       	-64.65  
0.4     	-65.51  
0.8     	-66.35  
1.2     	-67.15  
1.6     	-67.92  
2       	-68.66  
2.4     	-69.29  
2.8     	-69.65  
3.2     	-69.85  
3.6     	-69.82  
4       	-69.69  
4.4     	-69.41  
4.8     	-68.98  
5.2     	-68.4   
5.6     	-67.72  
6       	-66.97  
6.4     	-66.15  
6.8     	-65.15  
7.2     	-64.06  
7.6     	-61.9   
8       	-56.82  
8.4     	-52.48  
8.8     	-48.12  
9.2     	-25.82  
9.6     	44.03   
10      	34.28   
10.4    	17.71   
10.8    	0.2021  
11.2    	-16.38  
11.6    	-33.28  
12      	-49.01  
12.4    	-60     
12.8    	-65.99  
13.2    	-69.06  
13.6    	-70.48  
14      	-71.04  
14.4    	-71.11  
14.8    	-70.8   
15.2    	-70.19  
15.6    	-69.44  
16      	-68.6   
16.4    	-67.64  
16.8    	-66.65  
17.2    	-65.68  
17.6    	-64.72  
18      	-63.73  
18.4    	-62.61  
18.8    	-61.27  
19.2    	-58.63  
19.6    	-52.91  
20      	-43.35  
20.4    	30.78   
20.8    	39.96   
21.2    	25.76   
21.6    	8.577   
22      	-8.251  
22.4    	-24.54  
22.8    	-40.9   
23.2    	-54.26  
23.6    	-62.52  
24      	-66.89  
24.4    	-68.92  
24.8    	-69.64  
25.2    	-69.64  
25.6    	-69.2   
26      	-68.47  
26.4    	-67.71  
26.8    	-66.85  
27.2    	-65.84  
27.6    	-64.73  
28      	-63.66  
28.4    	-62.55  
28.8    	-61.05  
29.2    	-57.54  
29.6    	-49.42  
30      	-14.12  
30.4    	41.52   
30.8    	31.16   
31.2    	14.69   
31.6    	-2.249  
32      	-18.24  
32.4    	-34.37  
32.8    	-48.64  
33.2    	-58.63  
33.6    	-64.26  
34      	-67.16  
34.4    	-68.51  
34.8    	-68.9   
35.2    	-68.7   
35.6    	-68.19  
36      	-67.41  
36.4    	-66.57  
36.8    	-65.74  
37.2    	-64.73  
37.6    	-63.61  
38      	-62.38  
38.4    	-60.95  
38.8    	-57.92  
39.2    	-51.85  
39.6    	-33.78  
40      	39.58   
40.4    	35.4    
40.8    	19.93   
41.2    	2.899   
41.6    	-13.24  
42      	-29.25  
42.4    	-44.48  
42.8    	-56.09  
43.2    	-62.99  
43.6    	-66.59  
44      	-68.26  
44.4    	-68.89  
44.8    	-68.91  
45.2    	-68.48  
45.6    	-67.86  
46      	-67.14  
46.4    	-66.22  
46.8    	-65.29  
47.2    	-64.27  
47.6    	-63.13  
48      	-61.86  
48.4    	-60.04  
48.8    	-54.82  
49.2    	-43.36  
49.6    	26.53   
50      	39.51   
50.4    	25.69   
50.8    	8.622   
51.2    	-8.075  
51.6    	-24.18  
52      	-40.21  
52.4    	-53.25  
52.8    	-61.47  
53.2    	-65.81  
53.6    	-67.88  
54      	-68.58  
54.4    	-68.49  
54.8    	-68.04  
55.2    	-67.37  
55.6    	-66.56  
56      	-65.61  
56.4    	-64.62  
56.8    	-63.55  
57.2    	-62.22  
57.6    	-60.21  
58      	-55.92  
58.4    	-50.86  
58.8    	-41.3   
59.2    	30.92   
59.6    	38.4    
60      	24.05   
60.4    	6.962   
60.8    	-9.493  
61.2    	-25.36  
61.6    	-41.04  
62      	-53.6   
62.4    	-61.34  
62.8    	-65.39  
63.2    	-67.18  
63.6    	-67.78  
64      	-67.66  
64.4    	-67.25  
64.8    	-66.47  
65.2    	-65.57  
65.6    	-64.58  
66      	-63.6   
66.4    	-62.68  
66.8    	-61.81  
67.2    	-60.93  
67.6    	-59.64  
68      	-56.47  
68.4    	-51.68  
68.8    	-46.53  
69.2    	-14.98  
69.6    	41.5    
70      	30.61   
70.4    	13.91   
70.8    	-3.068  
71.2    	-18.96  
71.6    	-34.95  
72      	-48.89  
72.4    	-58.51  
72.8    	-63.88  
73.2    	-66.47  
73.6    	-67.53  
74      	-67.77  
74.4    	-67.6   
74.8    	-67.04  
75.2    	-66.34  
75.6    	-65.49  
76      	-64.47  
76.4    	-63.43  
76.8    	-62.35  
77.2    	-61.22  
77.6    	-59.55  
78      	-56.07  
78.4    	-49.93  
78.8    	-29.52  
79.2    	40.69   
79.6    	33.62   
80      	17.59   
80.4    	0.5669  
80.8    	-15.43  
81.2    	-31.47  
81.6    	-46.24  
82      	-57     
82.4    	-63.13  
82.8    	-66.18  
83.2    	-67.58  
83.6    	-68     
84      	-67.89  
84.4    	-67.29  
84.8    	-66.46  
85.2    	-65.47  
85.6    	-64.48  
86      	-63.47  
86.4    	-62.4   
86.8    	-61.33  
87.2    	-59.93  
87.6    	-56.83  
88      	-50.44  
88.4    	-37.51  
88.8    	38.28   
89.2    	36.1    
89.6    	20.76   
90      	3.661   
90.4    	-12.52  
90.8    	-28.49  
91.2    	-43.81  
91.6    	-55.49  
92      	-62.49  
92.4    	-66.07  
92.8    	-67.63  
93.2    	-68.22  
93.6    	-68.18  
94      	-67.74  
94.4    	-67.08  
94.8    	-66.27  
95.2    	-65.45  
95.6    	-64.67  
96      	-63.92  
96.4    	-63.15  
96.8    	-62.27  
97.2    	-61.27  
97.6    	-59.75  
98      	-56.34  
98.4    	-51.19  
98.8    	-41.41  
99.2    	33.68   
99.6    	38.46   
100     	23.94   
100.4   	6.834   
100.8   	-9.607  
101.2   	-25.53  
101.6   	-41.24  
102     	-53.81  
102.4   	-61.59  
102.8   	-65.71  
103.2   	-67.78  
103.6   	-68.7   
104     	-68.87  
104.4   	-68.57  
104.8   	-67.81  
105.2   	-66.88  
105.6   	-65.85  
106     	-64.82  
106.4   	-63.79  
106.8   	-62.76  
107.2   	-61.65  
107.6   	-60.29  
108     	-56.76  
108.4   	-50.67  
108.8   	-32.36  
109.2   	40.56   
109.6   	34.56   
110     	18.76   
110.4   	1.705   
110.8   	-14.38  
111.2   	-30.4   
111.6   	-45.42  
112     	-56.69  
112.4   	-63.28  
112.8   	-66.64  
113.2   	-68.15  
113.6   	-68.61  
114     	-68.52  
114.4   	-68.11  
114.8   	-67.54  
115.2   	-66.87  
115.6   	-66.03  
116     	-65.1   
116.4   	-64.14  
116.8   	-63.04  
117.2   	-61.92  
117.6   	-60.75  
118     	-58.7   
118.4   	-54.16  
118.8   	-46.59  
119.2   	0.9983  
119.6   	41.33   
120     	29.32   
120.4   	12.49   
120.8   	-4.455  
121.2   	-20.55  
121.6   	-36.87  
122     	-50.97  
122.4   	-60.39  
122.8   	-65.55  
123.2   	-68.16  
123.6   	-69.31  
124     	-69.62  
124.4   	-69.33  
124.8   	-68.67  
125.2   	-67.81  
125.6   	-67     
126     	-66     
126.4   	-64.92  
126.8   	-63.83  
127.2   	-62.82  
127.6   	-61.74  
128     	-60.53  
128.4   	-58.04  
128.8   	-51.98  
129.2   	-38.07  
129.6   	38.55   
130     	36.92   
130.4   	21.63   
130.8   	4.441   
131.2   	-11.97  
131.6   	-28.17  
132     	-43.79  
132.4   	-55.75  
132.8   	-62.7   
133.2   	-66.23  
133.6   	-67.83  
134     	-68.4   
134.4   	-68.37  
134.8   	-67.92  
135.2   	-67.25  
135.6   	-66.51  
136     	-65.69  
136.4   	-64.78  
136.8   	-63.83  
137.2   	-62.79  
137.6   	-61.66  
138     	-59.68  
138.4   	-55.26  
138.8   	-51.12  
139.2   	-44.79  
139.6   	17.22   
140     	40.48   
140.4   	26.38   
140.8   	9.065   
141.2   	-7.866  
141.6   	-24.13  
142     	-40.6   
142.4   	-54.03  
142.8   	-62.22  
143.2   	-66.39  
143.6   	-68.29  
144     	-68.95  
144.4   	-68.98  
144.8   	-68.63  
145.2   	-67.95  
145.6   	-66.99  
146     	-66.03  
146.4   	-65     
146.8   	-63.94  
147.2   	-62.83  
147.6   	-61.6   
148     	-60.31  
148.4   	-58.7   
148.8   	-54.18  
149.2   	-43.28  
149.6   	26.55   
150     	39.72   
150.4   	25.43   
150.8   	8.237   
151.2   	-8.503  
151.6   	-24.69  
152     	-40.91  
152.4   	-54.09  
152.8   	-62.12  
153.2   	-66.27  
153.6   	-68.19  
154     	-68.84  
154.4   	-68.86  
154.8   	-68.48  
155.2   	-67.82  
155.6   	-66.99  
156     	-66.06  
156.4   	-65.09  
156.8   	-64.03  
157.2   	-62.88  
157.6   	-61.63  
158     	-60.37  
158.4   	-58.62  
158.8   	-53.11  
159.2   	-43.03  
159.6   	23.42   
160     	39.84   
160.4   	26.33   
160.8   	9.381   
161.2   	-7.249  
161.6   	-23.15  
162     	-39.09  
162.4   	-52.38  
162.8   	-60.92  
163.2   	-65.41  
163.6   	-67.57  
164     	-68.54  
164.4   	-68.83  
164.8   	-68.67  
165.2   	-68.2   
165.6   	-67.43  
166     	-66.41  
166.4   	-65.23  
166.8   	-64.04  
167.2   	-63.02  
167.6   	-61.97  
168     	-60.94  
168.4   	-59.56  
168.8   	-58.09  
169.2   	-55.06  
169.6   	-46.03  
170     	10.61   
170.4   	41.28   
170.8   	27.72   
171.2   	10.51   
171.6   	-6.465  
172     	-22.69  
172.4   	-39.16  
172.8   	-52.89  
173.2   	-61.35  
173.6   	-65.68  
174     	-67.66  
174.4   	-68.34  
174.8   	-68.29  
175.2   	-67.83  
175.6   	-67.15  
176     	-66.36  
176.4   	-65.41  
176.8   	-64.38  
177.2   	-63.33  
177.6   	-62.32  
178     	-61.19  
178.4   	-59.79  
178.8   	-57.44  
179.2   	-53.74  
179.6   	-48.66  
180     	-17.73  
180.4   	42.53   
180.8   	30.07   
181.2   	12.81   
181.6   	-4.561  
182     	-21.06  
182.4   	-38.05  
182.8   	-52.46  
183.2   	-61.38  
183.6   	-65.95  
184     	-68.08  
184.4   	-68.84  
184.8   	-68.73  
185.2   	-68.17  
185.6   	-67.49  
186     	-66.73  
186.4   	-65.86  
186.8   	-64.87  
187.2   	-63.77  
187.6   	-62.68  
188     	-61.6   
188.4   	-60.53  
188.8   	-59.22  
189.2   	-57.43  
189.6   	-52.25  
190     	-41.16  
190.4   	34.89   
190.8   	38.23   
191.2   	23.38   
191.6   	6.201   
192     	-10.27  
192.4   	-26.3   
192.8   	-42.05  
193.2   	-54.58  
193.6   	-62.23  
194     	-66.21  
194.4   	-68.09  
194.8   	-68.62  
195.2   	-68.49  
195.6   	-67.89  
196     	-67.09  
196.4   	-66.19  
196.8   	-65.22  
197.2   	-64.17  
197.6   	-63.09  
198     	-61.97  
198.4   	-60.81  
198.8   	-59.27  
199.2   	-55     
199.6   	-42.4   
200     	30.36   
200.4   	38.7    
200.8   	24.62   
201.2   	7.608   
201.6   	-8.885  
202     	-24.82  
202.4   	-40.54  
202.8   	-53.27  
203.2   	-61.26  
203.6   	-65.58  
204     	-67.65  
204.4   	-68.45  
204.8   	-68.52  
205.2   	-68.27  
205.6   	-67.76  
206     	-67.12  
206.4   	-66.38  
206.8   	-65.6   
207.2   	-64.72  
207.6   	-63.79  
208     	-62.73  
208.4   	-61.44  
208.8   	-58.34  
209.2   	-52.11  
209.6   	-35.89  
210     	39.34   
210.4   	36.01   
210.8   	20.65   
211.2   	3.511   
211.6   	-12.79  
212     	-28.9   
212.4   	-44.17  
212.8   	-55.85  
213.2   	-62.8   
213.6   	-66.42  
214     	-68.12  
214.4   	-68.68  
214.8   	-68.66  
215.2   	-68.33  
215.6   	-67.78  
216     	-67.03  
216.4   	-66.27  
216.8   	-65.4   
217.2   	-64.54  
217.6   	-63.67  
218     	-62.73  
218.4   	-61.77  
218.8   	-60.69  
219.2   	-59.41  
219.6   	-57.15  
220     	-53.02  
220.4   	-45.84  
220.8   	14.69   
221.2   	41.17   
221.6   	27.75   
222     	10.6    
222.4   	-6.327  
222.8   	-22.51  
223.2   	-38.94  
223.6   	-52.71  
224     	-61.43  
224.4   	-65.94  
224.8   	-68.06  
225.2   	-68.84  
225.6   	-68.93  
226     	-68.45  
226.4   	-67.54  
226.8   	-66.53  
227.2   	-65.63  
227.6   	-64.72  
228     	-63.74  
228.4   	-62.7   
228.8   	-61.57  
229.2   	-60.4   
229.6   	-58.58  
230     	-53.63  
230.4   	-42.3   
230.8   	31.94   
231.2   	38.55   
231.6   	24.39   
232     	7.387   
232.4   	-9.068  
232.8   	-25.01  
233.2   	-40.71  
233.6   	-53.35  
234     	-61.32  
234.4   	-65.62  
234.8   	-67.67  
235.2   	-68.5   
235.6   	-68.56  
236     	-68.2   
236.4   	-67.55  
236.8   	-66.75  
237.2   	-65.83  
237.6   	-64.96  
238     	-64.06  
238.4   	-63.05  
238.8   	-61.48  
239.2   	-57.12  
239.6   	-49.82  
240     	-35.39  
240.4   	38.66   
240.8   	35.71   
241.2   	20.41   
241.6   	3.382   
242     	-12.79  
242.4   	-28.72  
242.8   	-43.97  
243.2   	-55.73  
243.6   	-62.81  
244     	-66.53  
244.4   	-68.17  
244.8   	-68.74  
245.2   	-68.7   
245.6   	-68.22  
246     	-67.47  
246.4   	-66.5   
246.8   	-65.44  
247.2   	-64.42  
247.6   	-63.43  
248     	-62.4   
248.4   	-61.19  
248.8   	-59.7   
249.2   	-55.18  
249.6   	-41.83  
250     	32.15   
250.4   	38.43   
250.8   	24.19   
251.2   	7.166   
251.6   	-9.296  
252     	-25.28  
252.4   	-41     
252.8   	-53.6   
253.2   	-61.42  
253.6   	-65.58  
254     	-67.59  
254.4   	-68.35  
254.8   	-68.46  
255.2   	-68.1   
255.6   	-67.46  
256     	-66.62  
256.4   	-65.84  
256.8   	-65.04  
257.2   	-64.19  
257.6   	-63.29  
258     	-61.91  
258.4   	-58.45  
258.8   	-51.04  
259.2   	-36.37  
259.6   	37.72   
260     	36.33   
260.4   	21.3    
260.8   	4.321   
261.2   	-11.84  
261.6   	-27.7   
262     	-43.03  
262.4   	-55.06  
262.8   	-62.41  
263.2   	-66.38  
263.6   	-68.4   
264     	-69.29  
264.4   	-69.48  
264.8   	-69.13  
265.2   	-68.54  
265.6   	-67.75  
266     	-66.79  
266.4   	-65.66  
266.8   	-64.5   
267.2   	-63.3   
267.6   	-61.94  
268     	-60.15  
268.4   	-56.13  
268.8   	-51.97  
269.2   	-46.82  
269.6   	2.402   
270     	41.11   
270.4   	28.9    
270.8   	12.09   
271.2   	-4.747  
271.6   	-20.67  
272     	-36.74  
272.4   	-50.46  
272.8   	-59.63  
273.2   	-64.63  
273.6   	-66.99  
274     	-67.92  
274.4   	-68.08  
274.8   	-67.84  
275.2   	-67.25  
275.6   	-66.48  
276     	-65.55  
276.4   	-64.5   
276.8   	-63.31  
277.2   	-61.98  
277.6   	-60.02  
278     	-56.2   
278.4   	-53.04  
278.8   	-49.59  
279.2   	-34.19  
279.6   	39.6    
280     	34.7    
280.4   	19.04   
280.8   	2.079   
281.2   	-13.85  
281.6   	-29.66  
282     	-44.43  
282.4   	-55.58  
282.8   	-62.25  
283.2   	-65.78  
283.6   	-67.49  
284     	-68.04  
284.4   	-67.94  
284.8   	-67.48  
285.2   	-66.77  
285.6   	-65.92  
286     	-65.03  
286.4   	-63.9   
286.8   	-62.73  
287.2   	-61.5   
287.6   	-59.83  
288     	-56.08  
288.4   	-52.35  
288.8   	-47.09  
289.2   	-19.97  
289.6   	41.69   
290     	31.15   
290.4   	14.48   
290.8   	-2.547  
291.2   	-18.51  
291.6   	-34.66  
292     	-49.02  
292.4   	-58.93  
292.8   	-64.41  
293.2   	-67.1   
293.6   	-68.29  
294     	-68.68  
294.4   	-68.49  
294.8   	-67.84  
295.2   	-66.99  
295.6   	-66.1   
296     	-65.15  
296.4   	-64.01  
296.8   	-62.68  
297.2   	-60.9   
297.6   	-57.37  
298     	-53.91  
298.4   	-50.41  
298.8   	-41.04  
299.2   	34.35   
299.6   	37.8    
300     	22.67   
300.4   	5.397   
300.8   	-11.08  
301.2   	-27.25  
301.6   	-43.17  
302     	-55.53  
302.4   	-62.87  
302.8   	-66.58  
303.2   	-68.35  
303.6   	-69     
304     	-68.95  
304.4   	-68.52  
304.8   	-67.78  
305.2   	-66.98  
305.6   	-66.07  
306     	-65.08  
306.4   	-64.07  
306.8   	-63.09  
307.2   	-61.97  
307.6   	-60.73  
308     	-58.88  
308.4   	-54.08  
308.8   	-44.5   
309.2   	26.68   
309.6   	39.79   
310     	25.53   
310.4   	8.275   
310.8   	-8.505  
311.2   	-24.75  
311.6   	-41.02  
312     	-54.07  
312.4   	-62.02  
312.8   	-66.11  
313.2   	-68.08  
313.6   	-68.93  
314     	-69.1   
314.4   	-68.64  
314.8   	-67.72  
315.2   	-66.61  
315.6   	-65.53  
316     	-64.41  
316.4   	-63.38  
316.8   	-62.33  
317.2   	-61.15  
317.6   	-59.86  
318     	-57.84  
318.4   	-52.53  
318.8   	-37.61  
319.2   	38.62   
319.6   	36.41   
320     	21.01   
320.4   	3.838   
320.8   	-12.5   
321.2   	-28.66  
321.6   	-44.07  
322     	-55.77  
322.4   	-62.65  
322.8   	-66.21  
323.2   	-67.94  
323.6   	-68.58  
324     	-68.51  
324.4   	-68.1   
324.8   	-67.42  
325.2   	-66.53  
325.6   	-65.54  
326     	-64.49  
326.4   	-63.46  
326.8   	-62.36  
327.2   	-60.92  
327.6   	-58.25  
328     	-52.52  
328.4   	-43.3   
328.8   	22.15   
329.2   	39.74   
329.6   	26.22   
330     	9.238   
330.4   	-7.411  
330.8   	-23.32  
331.2   	-39.26  
331.6   	-52.46  
332     	-61.01  
332.4   	-65.64  
332.8   	-67.88  
333.2   	-68.83  
333.6   	-68.91  
334     	-68.38  
334.4   	-67.62  
334.8   	-66.72  
335.2   	-65.61  
335.6   	-64.43  
336     	-63.19  
336.4   	-61.76  
336.8   	-59.51  
337.2   	-55.18  
337.6   	-50.78  
338     	-41.98  
338.4   	28.97   
338.8   	38.73   
339.2   	24.22   
339.6   	7.064   
340     	-9.445  
340.4   	-25.4   
340.8   	-41.28  
341.2   	-53.79  
341.6   	-61.34  
342     	-65.16  
342.4   	-66.93  
342.8   	-67.5   
343.2   	-67.38  
343.6   	-66.9   
344     	-66.2   
344.4   	-65.32  
344.8   	-64.38  
345.2   	-63.41  
345.6   	-62.43  
346     	-61.23  
346.4   	-59.54  
346.8   	-55.84  
347.2   	-51.61  
347.6   	-43.36  
348     	25.07   
348.4   	39.15   
348.8   	24.93   
349.2   	7.82    
349.6   	-8.699  
350     	-24.58  
350.4   	-40.41  
350.8   	-53.04  
351.2   	-60.79  
351.6   	-64.88  
352     	-66.81  
352.4   	-67.47  
352.8   	-67.33  
353.2   	-66.8   
353.6   	-66.05  
354     	-65.24  
354.4   	-64.34  
354.8   	-63.37  
355.2   	-62.3   
355.6   	-61.3   
356     	-60.34  
356.4   	-59.12  
356.8   	-55.47  
357.2   	-46.52  
357.6   	-11.84  
358     	41.37   
358.4   	30.08   
358.8   	13.33   
359.2   	-3.562  
359.6   	-19.41  
360     	-35.4   
360.4   	-49.4   
360.8   	-58.95  
361.2   	-64.16  
361.6   	-66.72  
362     	-67.67  
362.4   	-67.81  
362.8   	-67.52  
363.2   	-66.94  
363.6   	-66.2   
364     	-65.42  
364.4   	-64.61  
364.8   	-63.68  
365.2   	-62.46  
365.6   	-59.91  
366     	-56.16  
366.4   	-53.76  
366.8   	-51.91  
367.2   	-49.23  
367.6   	-34.54  
368     	40.38   
368.4   	34.15   
368.8   	18.06   
369.2   	0.8708  
369.6   	-15.31  
370     	-31.65  
370.4   	-46.76  
370.8   	-57.7   
371.2   	-63.92  
371.6   	-67.13  
372     	-68.62  
372.4   	-69.01  
372.8   	-68.77  
373.2   	-68.22  
373.6   	-67.56  
374     	-66.68  
374.4   	-65.73  
374.8   	-64.68  
375.2   	-63.6   
375.6   	-62.5   
376     	-61.39  
376.4   	-60.29  
376.8   	-59.18  
377.2   	-57.99  
377.6   	-55.63  
378     	-46.42  
378.4   	20.31   
378.8   	40.65   
379.2   	26.88   
379.6   	9.665   
380     	-7.251  
380.4   	-23.58  
380.8   	-40.08  
381.2   	-53.6   
381.6   	-61.99  
382     	-66.37  
382.4   	-68.43  
382.8   	-69.21  
383.2   	-69.3   
383.6   	-68.91  
384     	-68.08  
384.4   	-67.26  
384.8   	-66.44  
385.2   	-65.64  
385.6   	-64.69  
386     	-63.68  
386.4   	-62.45  
386.8   	-60.95  
387.2   	-58.38  
387.6   	-53     
388     	-44.48  
388.4   	15.56   
388.8   	40.55   
389.2   	27.61   
389.6   	10.7    
390     	-6.048  
390.4   	-21.96  
390.8   	-38.01  
391.2   	-51.61  
391.6   	-60.43  
392     	-65.22  
392.4   	-67.6   
392.8   	-68.56  
393.2   	-68.62  
393.6   	-68.4   
394     	-67.95  
394.4   	-67.26  
394.8   	-66.45  
395.2   	-65.57  
395.6   	-64.58  
396     	-63.56  
396.4   	-62.51  
396.8   	-61.3   
397.2   	-59.99  
397.6   	-57.71  
398     	-52.44  
398.4   	-41.91  
398.8   	33.38   
399.2   	38.8    
399.6   	23.88   
400     	6.534   
400.4   	-10.18  
400.8   	-26.51  
401.2   	-42.68  
401.6   	-55.36  
402     	-62.73  
402.4   	-66.36  
402.8   	-67.71  
403.2   	-68.04  
403.6   	-67.92  
404     	-67.4   
404.4   	-66.7   
404.8   	-65.89  
405.2   	-64.96  
405.6   	-63.97  
406     	-62.96  
406.4   	-61.92  
406.8   	-60.83  
407.2   	-59.13  
407.6   	-54.61  
408     	-45.82  
408.4   	6.218   
408.8   	40.75   
409.2   	28.31   
409.6   	11.44   
410     	-5.382  
410.4   	-21.3   
410.8   	-37.4   
411.2   	-51.09  
411.6   	-60.15  
412     	-65     
412.4   	-67.32  
412.8   	-68.33  
413.2   	-68.51  
413.6   	-68.21  
414     	-67.78  
414.4   	-67.24  
414.8   	-66.52  
415.2   	-65.66  
415.6   	-64.7   
416     	-63.75  
416.4   	-62.81  
416.8   	-61.72  
417.2   	-60.57  
417.6   	-59.37  
418     	-58.14  
418.4   	-56.15  
418.8   	-46.86  
419.2   	13.9    
419.6   	41.08   
420     	27.93   
420.4   	10.87   
420.8   	-6.023  
421.2   	-22.2   
421.6   	-38.59  
422     	-52.33  
422.4   	-61.01  
422.8   	-65.56  
423.2   	-67.69  
423.6   	-68.38  
424     	-68.31  
424.4   	-67.81  
424.8   	-67.18  
425.2   	-66.46  
425.6   	-65.61  
426     	-64.71  
426.4   	-63.71  
426.8   	-62.62  
427.2   	-61.51  
427.6   	-60.26  
428     	-58.88  
428.4   	-55.57  
428.8   	-47.79  
429.2   	0.9803  
429.6   	41.11   
430     	29.19   
430.4   	12.44   
430.8   	-4.347  
431.2   	-20.18  
431.6   	-36.15  
432     	-49.81  
432.4   	-58.89  
432.8   	-63.9   
433.2   	-66.35  
433.6   	-67.39  
434     	-67.63  
434.4   	-67.39  
434.8   	-66.92  
435.2   	-66.21  
435.6   	-65.37  
436     	-64.46  
436.4   	-63.42  
436.8   	-62.43  
437.2   	-61.42  
437.6   	-60.26  
438     	-58.95  
438.4   	-56.74  
438.8   	-48.2   
439.2   	0.6489  
439.6   	41.07   
440     	29.01   
440.4   	12.18   
440.8   	-4.63   
441.2   	-20.55  
441.6   	-36.56  
442     	-50.21  
442.4   	-59.19  
442.8   	-64.03  
443.2   	-66.41  
443.6   	-67.35  
444     	-67.52  
444.4   	-67.26  
444.8   	-66.81  
445.2   	-66.16  
445.6   	-65.41  
446     	-64.53  
446.4   	-63.55  
446.8   	-62.58  
447.2   	-61.52  
447.6   	-60.37  
448     	-59.04  
448.4   	-56.25  
448.8   	-49.31  
449.2   	-20.29  
449.6   	41.54   
450     	31.91   
450.4   	15.49   
450.8   	-1.493  
451.2   	-17.45  
451.6   	-33.56  
452     	-48.03  
452.4   	-58.26  
452.8   	-63.94  
453.2   	-66.71  
453.6   	-67.96  
454     	-68.34  
454.4   	-68.25  
454.8   	-67.79  
455.2   	-67.02  
455.6   	-66.15  
456     	-65.22  
456.4   	-64.34  
456.8   	-63.49  
457.2   	-62.59  
457.6   	-61.61  
458     	-60.2   
458.4   	-56.42  
458.8   	-48.74  
459.2   	-18.41  
459.6   	41.53   
460     	31.84   
460.4   	15.48   
460.8   	-1.502  
461.2   	-17.49  
461.6   	-33.61  
462     	-48.1   
462.4   	-58.35  
462.8   	-64.16  
463.2   	-67.03  
463.6   	-68.36  
464     	-68.77  
464.4   	-68.71  
464.8   	-68.33  
465.2   	-67.62  
465.6   	-66.74  
466     	-65.8   
466.4   	-64.83  
466.8   	-63.82  
467.2   	-62.77  
467.6   	-61.69  
468     	-60.45  
468.4   	-58.04  
468.8   	-49.99  
469.2   	-22.54  
469.6   	41.69   
470     	32.54   
470.4   	16.26   
470.8   	-0.8106 
471.2   	-16.92  
471.6   	-33.13  
472     	-47.69  
472.4   	-58     
472.8   	-63.71  
473.2   	-66.53  
473.6   	-67.83  
474     	-68.31  
474.4   	-68.19  
474.8   	-67.74  
475.2   	-67.17  
475.6   	-66.39  
476     	-65.64  
476.4   	-64.74  
476.8   	-63.69  
477.2   	-62.66  
477.6   	-61.55  
478     	-60.32  
478.4   	-58.93  
478.8   	-56.21  
479.2   	-51     
479.6   	-44.12  
480     	20.89   
480.4   	40.33   
480.8   	26.51   
481.2   	9.358   
481.6   	-7.42   
482     	-23.47  
482.4   	-39.63  
482.8   	-52.93  
483.2   	-61.3   
483.6   	-65.73  
484     	-67.78  
484.4   	-68.6   
484.8   	-68.62  
485.2   	-68.06  
485.6   	-67.28  
486     	-66.42  
486.4   	-65.55  
486.8   	-64.59  
487.2   	-63.61  
487.6   	-62.64  
488     	-61.65  
488.4   	-60.19  
488.8   	-56.79  
489.2   	-50.76  
489.6   	-32.64  
490     	40.1    
490.4   	34.91   
490.8   	19.21   
491.2   	2.137   
491.6   	-13.96  
492     	-29.95  
492.4   	-44.98  
492.8   	-56.27  
493.2   	-62.92  
493.6   	-66.32  
494     	-67.94  
494.4   	-68.41  
494.8   	-68.28  
495.2   	-67.89  
495.6   	-67.21  
496     	-66.4   
496.4   	-65.57  
496.8   	-64.57  
497.2   	-63.5   
497.6   	-62.54  
498     	-61.6   
498.4   	-60.36  
498.8   	-57.8   
499.2   	-52.31  
499.6   	-41.64  
500     	32.4    
500.4   	38.66   
500.8   	24.17   
501.2   	7.012   
501.6   	-9.556  
502     	-25.68  
502.4   	-41.66  
502.8   	-54.42  
503.2   	-62.29  
503.6   	-66.31  
504     	-68.17  
504.4   	-68.83  
504.8   	-68.84  
505.2   	-68.39  
505.6   	-67.79  
506     	-67.01  
506.4   	-66.05  
506.8   	-65.02  
507.2   	-63.9   
507.6   	-62.74  
508     	-61.48  
508.4   	-59.61  
508.8   	-54.89  
509.2   	-47.12  
509.6   	-10.57  
510     	41.27   
510.4   	30.47   
510.8   	13.96   
511.2   	-2.917  
511.6   	-18.79  
512     	-34.78  
512.4   	-48.91  
512.8   	-58.74  
513.2   	-64.2   
513.6   	-66.96  
514     	-67.94  
514.4   	-68.19  
514.8   	-67.99  
515.2   	-67.52  
515.6   	-66.84  
516     	-66.04  
516.4   	-65.11  
516.8   	-64.12  
517.2   	-62.96  
517.6   	-60.85  
518     	-56.71  
518.4   	-53.59  
518.8   	-51.52  
519.2   	-46.97  
519.6   	-15.27  
520     	41.24   
520.4   	30.32   
520.8   	13.66   
521.2   	-3.266  
521.6   	-19.2   
522     	-35.31  
522.4   	-49.43  
522.8   	-59.06  
523.2   	-64.37  
523.6   	-67.04  
524     	-68.22  
524.4   	-68.55  
524.8   	-68.44  
525.2   	-67.94  
525.6   	-67.29  
526     	-66.56  
526.4   	-65.76  
526.8   	-64.9   
527.2   	-63.99  
527.6   	-62.88  
528     	-60.82  
528.4   	-56.01  
528.8   	-49.1   
529.2   	-30.32  
529.6   	40.81   
530     	33.89   
530.4   	17.96   
530.8   	0.9564  
531.2   	-15.02  
531.6   	-30.84  
532     	-45.45  
532.4   	-56.33  
532.8   	-62.64  
533.2   	-65.71  
533.6   	-67     
534     	-67.25  
534.4   	-67.04  
534.8   	-66.48  
535.2   	-65.69  
535.6   	-64.86  
536     	-63.95  
536.4   	-62.94  
536.8   	-61.95  
537.2   	-60.83  
537.6   	-59.01  
538     	-53.27  
538.4   	-43.67  
538.8   	18.41   
539.2   	39.38   
539.6   	26.45   
540     	9.705   
540.4   	-6.671  
540.8   	-22.13  
541.2   	-37.54  
541.6   	-50.39  
542     	-58.96  
542.4   	-63.65  
542.8   	-66     
543.2   	-67.07  
543.6   	-67.31  
544     	-67.11  
544.4   	-66.66  
544.8   	-66.02  
545.2   	-65.31  
545.6   	-64.42  
546     	-63.47  
546.4   	-62.29  
546.8   	-60.19  
547.2   	-56.09  
547.6   	-52.92  
548     	-50.13  
548.4   	-39.48  
548.8   	37.38   
549.2   	36.29   
549.6   	20.96   
550     	3.841   
550.4   	-12.32  
550.8   	-28.29  
551.2   	-43.67  
551.6   	-55.42  
552     	-62.46  
552.4   	-66.07  
552.8   	-67.64  
553.2   	-68.17  
553.6   	-68.16  
554     	-67.67  
554.4   	-67.01  
554.8   	-66.32  
555.2   	-65.59  
555.6   	-64.77  
556     	-63.77  
556.4   	-62.67  
556.8   	-61.49  
557.2   	-59.68  
557.6   	-55.39  
558     	-51.21  
558.4   	-45.88  
558.8   	5.338   
559.2   	41.24   
559.6   	27.24   
560     	9.799   
560.4   	-7.405  
560.8   	-24.06  
561.2   	-41.07  
561.6   	-54.63  
562     	-62.41  
562.4   	-66.23  
562.8   	-67.9   
563.2   	-68.36  
563.6   	-68.1   
564     	-67.59  
564.4   	-66.87  
564.8   	-66.08  
565.2   	-65.23  
565.6   	-64.32  
566     	-63.25  
566.4   	-62.21  
566.8   	-61.08  
567.2   	-59.73  
567.6   	-56.69  
568     	-52.27  
568.4   	-48.21  
568.8   	-34.45  
569.2   	40.47   
569.6   	35.05   
570     	19.14   
570.4   	1.96    
570.8   	-14.18  
571.2   	-30.25  
571.6   	-45.45  
572     	-56.86  
572.4   	-63.44  
572.8   	-66.7   
573.2   	-68.06  
573.6   	-68.52  
574     	-68.54  
574.4   	-68.22  
574.8   	-67.54  
575.2   	-66.63  
575.6   	-65.6   
576     	-64.57  
576.4   	-63.55  
576.8   	-62.53  
577.2   	-61.49  
577.6   	-60.16  
578     	-57.51  
578.4   	-52.69  
578.8   	-46.17  
579.2   	9.842   
579.6   	41.01   
580     	27.83   
580.4   	10.77   
580.8   	-6.101  
581.2   	-22.15  
581.6   	-38.38  
582     	-51.96  
582.4   	-60.63  
582.8   	-65.2   
583.2   	-67.27  
583.6   	-67.88  
584     	-67.66  
584.4   	-67.06  
584.8   	-66.36  
585.2   	-65.5   
585.6   	-64.56  
586     	-63.57  
586.4   	-62.6   
586.8   	-61.4   
587.2   	-60.19  
587.6   	-58.52  
588     	-54.16  
588.4   	-45.53  
588.8   	11.37   
589.2   	40.11   
589.6   	27.57   
590     	10.78   
590.4   	-5.819  
590.8   	-21.58  
591.2   	-37.4   
591.6   	-50.73  
592     	-59.47  
592.4   	-64.12  
592.8   	-66.27  
593.2   	-67.17  
593.6   	-67.27  
594     	-66.95  
594.4   	-66.38  
594.8   	-65.53  
595.2   	-64.67  
595.6   	-63.69  
596     	-62.57  
596.4   	-61.44  
596.8   	-60.29  
597.2   	-58.97  
597.6   	-56.39  
598     	-51.66  
598.4   	-46.31  
598.8   	-9.083  
599.2   	41.13   
599.6   	29.6    
600     	12.87   
600.4   	-3.941  
600.8   	-19.68  
601.2   	-35.57  
601.6   	-49.35  
602     	-58.7   
602.4   	-63.86  
602.8   	-66.3   
603.2   	-67.17  
603.6   	-67.29  
604     	-67.04  
604.4   	-66.58  
604.8   	-65.98  
605.2   	-65.14  
605.6   	-64.16  
606     	-63.19  
606.4   	-62.17  
606.8   	-61.14  
607.2   	-60.07  
607.6   	-58.14  
608     	-53.52  
608.4   	-47.12  
608.8   	-14.54  
609.2   	41.26   
609.6   	30.8    
610     	14.29   
610.4   	-2.574  
610.8   	-18.4   
611.2   	-34.38  
611.6   	-48.56  
612     	-58.53  
612.4   	-64.08  
612.8   	-66.72  
613.2   	-67.86  
613.6   	-68.16  
614     	-67.92  
614.4   	-67.37  
614.8   	-66.69  
615.2   	-65.93  
615.6   	-65.07  
616     	-64.19  
616.4   	-63.18  
616.8   	-62.02  
617.2   	-60.87  
617.6   	-59.23  
618     	-54.19  
618.4   	-39.18  
618.8   	36.71   
619.2   	37.13   
619.6   	22.26   
620     	5.237   
620.4   	-11.02  
620.8   	-26.93  
621.2   	-42.37  
621.6   	-54.4   
622     	-61.78  
622.4   	-65.77  
622.8   	-67.65  
623.2   	-68.34  
623.6   	-68.38  
624     	-67.97  
624.4   	-67.38  
624.8   	-66.6   
625.2   	-65.67  
625.6   	-64.74  
626     	-63.85  
626.4   	-62.85  
626.8   	-61.73  
627.2   	-60.23  
627.6   	-56.59  
628     	-47.05  
628.4   	-8.38   
628.8   	41.25   
629.2   	30.25   
629.6   	13.66   
630     	-3.214  
630.4   	-19.08  
630.8   	-35.03  
631.2   	-49.02  
631.6   	-58.67  
632     	-64.04  
632.4   	-66.71  
632.8   	-67.74  
633.2   	-67.85  
633.6   	-67.55  
634     	-66.87  
634.4   	-66.13  
634.8   	-65.29  
635.2   	-64.29  
635.6   	-63.14  
636     	-61.9   
636.4   	-60.55  
636.8   	-58.95  
637.2   	-55.1   
637.6   	-43.98  
638     	23.82   
638.4   	39.17   
638.8   	25.7    
639.2   	8.837   
639.6   	-7.609  
640     	-23.37  
640.4   	-39     
640.8   	-51.76  
641.2   	-59.96  
641.6   	-64.46  
642     	-66.72  
642.4   	-67.6   
642.8   	-67.54  
643.2   	-67.11  
643.6   	-66.45  
644     	-65.6   
644.4   	-64.62  
644.8   	-63.51  
645.2   	-62.42  
645.6   	-61.29  
646     	-60.05  
646.4   	-58.19  
646.8   	-53.88  
647.2   	-46.18  
647.6   	1.387   
648     	40.64   
648.4   	28.61   
648.8   	11.88   
649.2   	-4.803  
649.6   	-20.53  
650     	-36.34  
650.4   	-49.85  
650.8   	-58.93  
651.2   	-63.96  
651.6   	-66.51  
652     	-67.57  
652.4   	-67.77  
652.8   	-67.5   
653.2   	-66.97  
653.6   	-66.31  
654     	-65.47  
654.4   	-64.51  
654.8   	-63.49  
655.2   	-62.38  
655.6   	-60.8   
656     	-56.95  
656.4   	-45.78  
656.8   	13.06   
657.2   	39.86   
657.6   	27.46   
658     	10.77   
658.4   	-5.794  
658.8   	-21.56  
659.2   	-37.39  
659.6   	-50.75  
660     	-59.72  
660.4   	-64.69  
660.8   	-67.13  
661.2   	-68.11  
661.6   	-68.23  
662     	-67.88  
662.4   	-67.25  
662.8   	-66.51  
663.2   	-65.65  
663.6   	-64.67  
664     	-63.42  
664.4   	-62.08  
664.8   	-60.46  
665.2   	-57.99  
665.6   	-53.56  
666     	-46.21  
666.4   	5.201   
666.8   	40.54   
667.2   	28.32   
667.6   	11.58   
668     	-5.048  
668.4   	-20.73  
668.8   	-36.56  
669.2   	-50.03  
669.6   	-59.13  
670     	-64.13  
670.4   	-66.67  
670.8   	-67.84  
671.2   	-68.13  
671.6   	-67.85  
672     	-67.22  
672.4   	-66.29  
672.8   	-65.39  
673.2   	-64.42  
673.6   	-63.32  
674     	-62.28  
674.4   	-61.18  
674.8   	-60     
675.2   	-58.66  
675.6   	-55.67  
676     	-45.67  
676.4   	20.04   
676.8   	40.05   
677.2   	26.37   
677.6   	9.283   
678     	-7.395  
678.4   	-23.38  
678.8   	-39.35  
679.2   	-52.39  
679.6   	-60.45  
680     	-64.73  
680.4   	-66.83  
680.8   	-67.72  
681.2   	-67.85  
681.6   	-67.52  
682     	-66.87  
682.4   	-65.97  
682.8   	-65.02  
683.2   	-64.16  
683.6   	-63.31  
684     	-62.37  
684.4   	-61.31  
684.8   	-59.93  
685.2   	-56.75  
685.6   	-48.36  
686     	-26.01  
686.4   	41.33   
686.8   	32.77   
687.2   	16.47   
687.6   	-0.6118 
688     	-16.64  
688.4   	-32.76  
688.8   	-47.45  
689.2   	-58     
689.6   	-63.99  
690     	-67.02  
690.4   	-68.43  
690.8   	-68.78  
691.2   	-68.66  
691.6   	-68.13  
692     	-67.32  
692.4   	-66.26  
692.8   	-65.13  
693.2   	-63.99  
693.6   	-62.7   
694     	-61.17  
694.4   	-57.84  
694.8   	-53.78  
695.2   	-50.49  
695.6   	-39.53  
696     	37.17   
696.4   	36.62   
696.8   	21.3    
697.2   	4.078   
697.6   	-12.26  
698     	-28.39  
698.4   	-43.84  
698.8   	-55.59  
699.2   	-62.48  
699.6   	-65.98  
700     	-67.56  
700.4   	-68.1   
700.8   	-68.09  
701.2   	-67.71  
701.6   	-67.05  
702     	-66.31  
702.4   	-65.46  
702.8   	-64.59  
703.2   	-63.65  
703.6   	-62.16  
704     	-58.89  
704.4   	-54.51  
704.8   	-47.47  
705.2   	-16.01  
705.6   	40.88   
706     	30.93   
706.4   	14.6    
706.8   	-2.208  
707.2   	-17.99  
707.6   	-33.89  
708     	-48.03  
708.4   	-58.01  
708.8   	-63.7   
709.2   	-66.67  
709.6   	-68     
710     	-68.39  
710.4   	-68.2   
710.8   	-67.72  
711.2   	-66.99  
711.6   	-66.13  
712     	-65.22  
712.4   	-64.26  
712.8   	-63.01  
713.2   	-60.86  
713.6   	-56.8   
714     	-52.97  
714.4   	-46.77  
714.8   	-11.68  
715.2   	40.78   
715.6   	30.27   
716     	13.87   
716.4   	-2.888  
716.8   	-18.63  
717.2   	-34.52  
717.6   	-48.46  
718     	-58.27  
718.4   	-63.87  
718.8   	-66.8   
719.2   	-68.18  
719.6   	-68.57  
720     	-68.4   
720.4   	-67.85  
720.8   	-67.02  
721.2   	-66.1   
721.6   	-65.11  
722     	-64.02  
722.4   	-62.88  
722.8   	-61.7   
723.2   	-60.34  
723.6   	-57.66  
724     	-49.64  
724.4   	-22.55  
724.8   	41.21   
725.2   	32.38   
725.6   	16.24   
726     	-0.6494 
726.4   	-16.51  
726.8   	-32.45  
727.2   	-46.92  
727.6   	-57.43  
728     	-63.57  
728.4   	-66.7   
728.8   	-68.19  
729.2   	-68.78  
729.6   	-68.84  
730     	-68.5   
730.4   	-67.95  
730.8   	-67.25  
731.2   	-66.46  
731.6   	-65.54  
732     	-64.46  
732.4   	-63.34  
732.8   	-61.79  
733.2   	-57.95  
733.6   	-52.75  
734     	-44.98  
734.4   	6.787   
734.8   	40.75   
735.2   	28.58   
735.6   	11.86   
736     	-4.913  
736.4   	-20.78  
736.8   	-36.82  
737.2   	-50.64  
737.6   	-59.99  
738     	-65.23  
738.4   	-67.83  
738.8   	-68.92  
739.2   	-69.16  
739.6   	-68.97  
740     	-68.59  
740.4   	-67.86  
740.8   	-66.89  
741.2   	-65.82  
741.6   	-64.67  
742     	-63.59  
742.4   	-61.99  
742.8   	-58.04  
743.2   	-52.75  
743.6   	-43.37  
744     	23.44   
744.4   	39.43   
744.8   	26.3    
745.2   	9.504   
745.6   	-6.975  
746     	-22.69  
746.4   	-38.39  
746.8   	-51.62  
747.2   	-60.41  
747.6   	-65.22  
748     	-67.54  
748.4   	-68.53  
748.8   	-68.72  
749.2   	-68.38  
749.6   	-67.82  
750     	-67.05  
750.4   	-66.17  
750.8   	-65.11  
751.2   	-63.97  
751.6   	-62.6   
752     	-61.37  
752.4   	-59.96  
752.8   	-57.21  
753.2   	-49.33  
753.6   	-21.35  
754     	41.81   
754.4   	31.91   
754.8   	15.37   
755.2   	-1.7    
755.6   	-17.78  
756     	-34.09  
756.4   	-48.76  
756.8   	-58.98  
757.2   	-64.65  
757.6   	-67.43  
758     	-68.6   
758.4   	-68.86  
758.8   	-68.59  
759.2   	-68.12  
759.6   	-67.43  
760     	-66.58  
760.4   	-65.68  
760.8   	-64.67  
761.2   	-63.53  
761.6   	-62.44  
762     	-61.3   
762.4   	-59.66  
762.8   	-56.4   
763.2   	-52.86  
763.6   	-42.9   
764     	33.78   
764.4   	38.49   
764.8   	23.65   
765.2   	6.399   
765.6   	-10.17  
766     	-26.41  
766.4   	-42.43  
766.8   	-55.07  
767.2   	-62.6   
767.6   	-66.42  
768     	-68.18  
768.4   	-68.72  
768.8   	-68.67  
769.2   	-68.19  
769.6   	-67.46  
770     	-66.67  
770.4   	-65.83  
770.8   	-64.86  
771.2   	-63.87  
771.6   	-62.79  
772     	-61.64  
772.4   	-60.49  
772.8   	-59.29  
773.2   	-57.64  
773.6   	-53.93  
774     	-41.2   
774.4   	37.86   
774.8   	37.48   
775.2   	21.78   
775.6   	4.278   
776     	-12.42  
776.4   	-29.03  
776.8   	-45.06  
777.2   	-56.95  
777.6   	-63.56  
778     	-66.79  
778.4   	-68.15  
778.8   	-68.61  
779.2   	-68.55  
779.6   	-68.18  
780     	-67.55  
780.4   	-66.49  
780.8   	-65.44  
781.2   	-64.42  
781.6   	-63.35  
782     	-62.27  
782.4   	-61.19  
782.8   	-59.44  
783.2   	-55.41  
783.6   	-51.88  
784     	-48.08  
784.4   	-26.17  
784.8   	41.65   
785.2   	32.68   
785.6   	16.29   
786     	-0.8487 
786.4   	-16.97  
786.8   	-33.27  
787.2   	-48.09  
787.6   	-58.53  
788     	-64.39  
788.4   	-67.34  
788.8   	-68.57  
789.2   	-68.92  
789.6   	-68.83  
790     	-68.45  
790.4   	-67.88  
790.8   	-67.15  
791.2   	-66.23  
791.6   	-65.15  
792     	-64.11  
792.4   	-62.85  
792.8   	-59.86  
793.2   	-56.04  
793.6   	-53.92  
794     	-52.78  
794.4   	-51.59  
794.8   	-47.67  
795.2   	-8.911  
795.6   	41.45   
796     	29.67   
796.4   	12.82   
796.8   	-4.124  
797.2   	-20.13  
797.6   	-36.43  
798     	-50.49  
798.4   	-59.83  
798.8   	-64.89  
799.2   	-67.44  
799.6   	-68.54  
800     	-68.82  
800.4   	-68.65  
800.8   	-68.19  
801.2   	-67.57  
801.6   	-66.73  
802     	-65.75  
802.4   	-64.66  
802.8   	-63.5   
803.2   	-62.19  
803.6   	-59.59  
804     	-55.33  
804.4   	-52.4   
804.8   	-49.98  
805.2   	-45.12  
805.6   	12.33   
806     	40.65   
806.4   	27.33   
806.8   	10.26   
807.2   	-6.547  
807.6   	-22.59  
808     	-38.89  
808.4   	-52.52  
808.8   	-61.28  
809.2   	-65.96  
809.6   	-68.16  
810     	-68.99  
810.4   	-69.12  
810.8   	-68.9   
811.2   	-68.43  
811.6   	-67.66  
812     	-66.75  
812.4   	-65.72  
812.8   	-64.54  
813.2   	-63.18  
813.6   	-61.2   
814     	-57.71  
814.4   	-55.17  
814.8   	-53.69  
815.2   	-52.29  
815.6   	-47.16  
816     	-3.098  
816.4   	41.28   
816.8   	29.06   
817.2   	12.15   
817.6   	-4.772  
818     	-20.88  
818.4   	-37.29  
818.8   	-51.34  
819.2   	-60.5   
819.6   	-65.41  
820     	-67.71  
820.4   	-68.67  
820.8   	-68.94  
821.2   	-68.79  
821.6   	-68.3   
822     	-67.65  
822.4   	-66.9   
822.8   	-65.94  
823.2   	-64.93  
823.6   	-63.91  
824     	-62.59  
824.4   	-60.2   
824.8   	-57.2   
825.2   	-49.98  
825.6   	-32.37  
826     	40.15   
826.4   	35.07   
826.8   	19.49   
827.2   	2.525   
827.6   	-13.43  
828     	-29.22  
828.4   	-44.27  
828.8   	-55.85  
829.2   	-62.84  
829.6   	-66.43  
830     	-68.04  
830.4   	-68.54  
830.8   	-68.53  
831.2   	-68.04  
831.6   	-67.33  
832     	-66.44  
832.4   	-65.57  
832.8   	-64.52  
833.2   	-63.47  
833.6   	-62.45  
834     	-61.29  
834.4   	-60.07  
834.8   	-57.72  
835.2   	-49.94  
835.6   	-28.29  
836     	41.19   
836.4   	33.61   
836.8   	17.57   
837.2   	0.5499  
837.6   	-15.43  
838     	-31.39  
838.4   	-46.06  
838.8   	-56.87  
839.2   	-63.13  
839.6   	-66.28  
840     	-67.72  
840.4   	-68.18  
840.8   	-68.08  
841.2   	-67.7   
841.6   	-66.91  
842     	-66.05  
842.4   	-65.24  
842.8   	-64.38  
843.2   	-63.41  
843.6   	-62.28  
844     	-61.21  
844.4   	-59.88  
844.8   	-56.72  
845.2   	-49.43  
845.6   	-22.62  
846     	41.28   
846.4   	32.54   
846.8   	16.3    
847.2   	-0.6902 
847.6   	-16.68  
848     	-32.68  
848.4   	-47.14  
848.8   	-57.54  
849.2   	-63.47  
849.6   	-66.52  
850     	-67.93  
850.4   	-68.42  
850.8   	-68.32  
851.2   	-67.86  
851.6   	-67.24  
852     	-66.5   
852.4   	-65.59  
852.8   	-64.65  
853.2   	-63.72  
853.6   	-62.72  
854     	-61.57  
854.4   	-60.39  
854.8   	-58.34  
855.2   	-53.7   
855.6   	-39.35  
856     	37.27   
856.4   	37.32   
856.8   	22.28   
857.2   	5.16    
857.6   	-11.15  
858     	-27.15  
858.4   	-42.69  
858.8   	-54.73  
859.2   	-62.05  
859.6   	-65.94  
860     	-67.78  
860.4   	-68.45  
860.8   	-68.54  
861.2   	-68.29  
861.6   	-67.79  
862     	-67.08  
862.4   	-66.27  
862.8   	-65.4   
863.2   	-64.45  
863.6   	-63.41  
864     	-62.36  
864.4   	-61.28  
864.8   	-59.98  
865.2   	-58.55  
865.6   	-57.01  
866     	-54.09  
866.4   	-46.05  
866.8   	16.33   
867.2   	40.93   
867.6   	27.33   
868     	10.18   
868.4   	-6.673  
868.8   	-22.74  
869.2   	-38.94  
869.6   	-52.26  
870     	-60.73  
870.4   	-65.22  
870.8   	-67.31  
871.2   	-68.06  
871.6   	-68.15  
872     	-67.75  
872.4   	-67.16  
872.8   	-66.39  
873.2   	-65.55  
873.6   	-64.7   
874     	-63.76  
874.4   	-62.71  
874.8   	-61.64  
875.2   	-60.61  
875.6   	-59.5   
876     	-58.35  
876.4   	-57.06  
876.8   	-55.39  
877.2   	-50.54  
877.6   	-16.06  
878     	42.54   
878.4   	30.69   
878.8   	13.71   
879.2   	-3.482  
879.6   	-19.73  
880     	-36.34  
880.4   	-50.64  
880.8   	-59.92  
881.2   	-64.78  
881.6   	-67.01  
882     	-67.91  
882.4   	-68.11  
882.8   	-67.75  
883.2   	-67.12  
883.6   	-66.39  
884     	-65.61  
884.4   	-64.67  
884.8   	-63.61  
885.2   	-62.59  
885.6   	-61.62  
886     	-60.6   
886.4   	-59.49  
886.8   	-58.23  
887.2   	-56.73  
887.6   	-52.93  
888     	-40.19  
888.4   	39.65   
888.8   	36.77   
889.2   	20.75   
889.6   	3.208   
890     	-13.45  
890.4   	-30.16  
890.8   	-46.15  
891.2   	-57.69  
891.6   	-63.93  
892     	-66.98  
892.4   	-68.28  
892.8   	-68.67  
893.2   	-68.54  
893.6   	-68.13  
894     	-67.55  
894.4   	-66.79  
894.8   	-65.85  
895.2   	-64.85  
895.6   	-63.83  
896     	-62.77  
896.4   	-61.61  
896.8   	-60.26  
897.2   	-58     
897.6   	-52.66  
898     	-39.18  
898.4   	38.4    
898.8   	37.01   
899.2   	21.39   
899.6   	4.036   
900     	-12.48  
900.4   	-28.9   
900.8   	-44.82  
901.2   	-56.8   
901.6   	-63.67  
902     	-67.16  
902.4   	-68.71  
902.8   	-69.1   
903.2   	-68.97  
903.6   	-68.51  
904     	-67.84  
904.4   	-67.07  
904.8   	-66.04  
905.2   	-64.96  
905.6   	-63.81  
906     	-62.55  
906.4   	-61.19  
906.8   	-59.22  
907.2   	-54.77  
907.6   	-47.21  
908     	-0.5408 
908.4   	41.29   
908.8   	29.12   
909.2   	12.26   
909.6   	-4.67   
910     	-20.72  
910.4   	-36.99  
910.8   	-50.96  
911.2   	-60.14  
911.6   	-65.06  
912     	-67.5   
912.4   	-68.45  
912.8   	-68.7   
913.2   	-68.4   
913.6   	-67.85  
914     	-67.07  
914.4   	-66.27  
914.8   	-65.46  
915.2   	-64.56  
915.6   	-63.66  
916     	-62.66  
916.4   	-61.57  
916.8   	-60.49  
917.2   	-58.95  
917.6   	-54.79  
918     	-45.74  
918.4   	9.076   
918.8   	41.22   
919.2   	28.35   
919.6   	11.33   
920     	-5.643  
920.4   	-21.82  
920.8   	-38.19  
921.2   	-52.06  
921.6   	-61.04  
922     	-65.88  
922.4   	-68.15  
922.8   	-69.09  
923.2   	-69.2   
923.6   	-68.86  
924     	-68.11  
924.4   	-67.3   
924.8   	-66.36  
925.2   	-65.27  
925.6   	-64.16  
926     	-63.04  
926.4   	-61.93  
926.8   	-60.74  
927.2   	-59.24  
927.6   	-55.63  
928     	-49.88  
928.4   	-34.77  
928.8   	40.25   
929.2   	35.57   
929.6   	19.83   
930     	2.634   
930.4   	-13.63  
930.8   	-29.79  
931.2   	-45.14  
931.6   	-56.62  
932     	-63.31  
932.4   	-66.75  
932.8   	-68.32  
933.2   	-68.84  
933.6   	-68.67  
934     	-68.19  
934.4   	-67.38  
934.8   	-66.4   
935.2   	-65.43  
935.6   	-64.36  
936     	-63.31  
936.4   	-62.11  
936.8   	-60.89  
937.2   	-59.06  
937.6   	-54.29  
938     	-45.85  
938.4   	0.06443 
938.8   	40.93   
939.2   	29.25   
939.6   	12.57   
940     	-4.221  
940.4   	-20.05  
940.8   	-35.95  
941.2   	-49.79  
941.6   	-59.26  
942     	-64.58  
942.4   	-67.26  
942.8   	-68.31  
943.2   	-68.39  
943.6   	-68.11  
944     	-67.52  
944.4   	-66.71  
944.8   	-65.79  
945.2   	-64.79  
945.6   	-63.79  
946     	-62.63  
946.4   	-61.37  
946.8   	-59.82  
947.2   	-55.15  
947.6   	-45.48  
948     	13.48   
948.4   	40.18   
948.8   	27.65   
949.2   	10.87   
949.6   	-5.777  
950     	-21.57  
950.4   	-37.45  
950.8   	-50.83  
951.2   	-59.7   
951.6   	-64.54  
952     	-66.98  
952.4   	-68.03  
952.8   	-68.23  
953.2   	-68     
953.6   	-67.47  
954     	-66.73  
954.4   	-65.9   
954.8   	-65.07  
955.2   	-64.11  
955.6   	-63.17  
956     	-62.2   
956.4   	-61.18  
956.8   	-60.08  
957.2   	-58.72  
957.6   	-54.98  
958     	-46.71  
958.4   	-0.8977 
958.8   	41.37   
959.2   	29.58   
959.6   	12.82   
960     	-4.076  
960.4   	-20.04  
960.8   	-36.2   
961.2   	-50.25  
961.6   	-59.73  
962     	-64.9   
962.4   	-67.47  
962.8   	-68.68  
963.2   	-69.05  
963.6   	-68.75  
964     	-68.2   
964.4   	-67.39  
964.8   	-66.41  
965.2   	-65.33  
965.6   	-64.26  
966     	-63.25  
966.4   	-62.25  
966.8   	-61.22  
967.2   	-59.88  
967.6   	-56.89  
968     	-51.07  
968.4   	-34.46  
968.8   	40.07   
969.2   	35.62   
969.6   	19.97   
970     	2.802   
970.4   	-13.46  
970.8   	-29.63  
971.2   	-44.94  
971.6   	-56.44  
972     	-63.24  
972.4   	-66.72  
972.8   	-68.36  
973.2   	-68.85  
973.6   	-68.8   
974     	-68.32  
974.4   	-67.7   
974.8   	-66.99  
975.2   	-66.15  
975.6   	-65.26  
976     	-64.27  
976.4   	-63.24  
976.8   	-62.14  
977.2   	-60.87  
977.6   	-58.41  
978     	-50.39  
978.4   	-26.85  
978.8   	41.36   
979.2   	33.46   
979.6   	17.36   
980     	0.2783  
980.4   	-15.82  
980.8   	-31.9   
981.2   	-46.56  
981.6   	-57.27  
982     	-63.48  
982.4   	-66.66  
982.8   	-68.05  
983.2   	-68.4   
983.6   	-68.2   
984     	-67.73  
984.4   	-67.02  
984.8   	-66.09  
985.2   	-65.01  
985.6   	-63.78  
986     	-62.53  
986.4   	-61.3   
986.8   	-59.85  
987.2   	-56.61  
987.6   	-51.37  
988     	-43.01  
988.4   	25.62   
988.8   	39.33   
989.2   	25.48   
989.6   	8.465   
990     	-8.064  
990.4   	-23.84  
990.8   	-39.59  
991.2   	-52.47  
991.6   	-60.62  
992     	-64.99  
992.4   	-66.94  
992.8   	-67.6   
993.2   	-67.68  
993.6   	-67.36  
994     	-66.81  
994.4   	-66.08  
994.8   	-65.21  
995.2   	-64.25  
995.6   	-63.2   
996     	-62.04  
996.4   	-60.85  
996.8   	-59.39  
997.2   	-56.41  
997.6   	-50.38  
998     	-32.95  
998.4   	40.21   
998.8   	34.64   
999.2   	18.83   
999.6   	1.786   
