
SWEPT_VAR_1 = 75.0    // Syn: Source PP \ NetStim \ PARAMETER \ interval (ms)

t	s.v( 0.05 )
ms	mV
0       	-64.65  
0.4     	-65.51  
0.8     	-66.35  
1.2     	-67.15  
1.6     	-67.92  
2       	-68.66  
2.4     	-69.34  
2.8     	-69.84  
3.2     	-70.09  
3.6     	-69.91  
4       	-69.56  
4.4     	-69.1   
4.8     	-68.47  
5.2     	-67.64  
5.6     	-66.76  
6       	-65.75  
6.4     	-64.6   
6.8     	-63.41  
7.2     	-61.83  
7.6     	-58.61  
8       	-52.24  
8.4     	-36.7   
8.8     	41.96   
9.2     	37.83   
9.6     	22.2    
10      	4.776   
10.4    	-11.97  
10.8    	-28.61  
11.2    	-44.82  
11.6    	-57.19  
12      	-64.44  
12.4    	-68.22  
12.8    	-69.99  
13.2    	-70.48  
13.6    	-70.44  
14      	-70.11  
14.4    	-69.5   
14.8    	-68.63  
15.2    	-67.6   
15.6    	-66.46  
16      	-65.31  
16.4    	-64.09  
16.8    	-62.88  
17.2    	-61.5   
17.6    	-58.43  
18      	-52.38  
18.4    	-40.42  
18.8    	35.05   
19.2    	38.3    
19.6    	23.61   
20      	6.438   
20.4    	-10.08  
20.8    	-26.08  
21.2    	-41.73  
21.6    	-54.04  
22      	-61.54  
22.4    	-65.43  
22.8    	-67.22  
23.2    	-67.87  
23.6    	-67.9   
24      	-67.58  
24.4    	-66.9   
24.8    	-66.03  
25.2    	-64.86  
25.6    	-63.69  
26      	-62.61  
26.4    	-61.47  
26.8    	-59.45  
27.2    	-54.03  
27.6    	-43.65  
28      	18.85   
28.4    	39.45   
28.8    	26.36   
29.2    	9.55    
29.6    	-6.9    
30      	-22.51  
30.4    	-38.1   
30.8    	-51.13  
31.2    	-59.69  
31.6    	-64.4   
32      	-66.79  
32.4    	-67.8   
32.8    	-67.88  
33.2    	-67.48  
33.6    	-66.81  
34      	-65.94  
34.4    	-64.99  
34.8    	-64.03  
35.2    	-63.02  
35.6    	-61.89  
36      	-60.52  
36.4    	-58.24  
36.8    	-54.04  
37.2    	-47.93  
37.6    	-16.4   
38      	41.06   
38.4    	30.97   
38.8    	14.54   
39.2    	-2.325  
39.6    	-18.14  
40      	-34.02  
40.4    	-48.08  
40.8    	-57.99  
41.2    	-63.58  
41.6    	-66.48  
42      	-67.83  
42.4    	-68.22  
42.8    	-67.93  
43.2    	-67.36  
43.6    	-66.65  
44      	-65.79  
44.4    	-64.92  
44.8    	-63.93  
45.2    	-62.95  
45.6    	-61.95  
46      	-60.72  
46.4    	-58.04  
46.8    	-51.35  
47.2    	-33.93  
47.6    	40.08   
48      	34.96   
48.4    	19.25   
48.8    	2.184   
49.2    	-13.88  
49.6    	-29.81  
50      	-44.75  
50.4    	-55.96  
50.8    	-62.55  
51.2    	-65.95  
51.6    	-67.44  
52      	-67.84  
52.4    	-67.45  
52.8    	-66.8   
53.2    	-66.05  
53.6    	-65.12  
54      	-64.04  
54.4    	-62.71  
54.8    	-61.25  
55.2    	-59.44  
55.6    	-55.93  
56      	-51.36  
56.4    	-43.86  
56.8    	23.18   
57.2    	38.87   
57.6    	25.18   
58      	8.216   
58.4    	-8.184  
58.8    	-23.87  
59.2    	-39.32  
59.6    	-51.75  
60      	-59.65  
60.4    	-63.84  
60.8    	-65.78  
61.2    	-66.53  
61.6    	-66.64  
62      	-66.34  
62.4    	-65.76  
62.8    	-65.02  
63.2    	-64.18  
63.6    	-63.27  
64      	-62.35  
64.4    	-61.41  
64.8    	-60.28  
65.2    	-58.09  
65.6    	-53.67  
66      	-47.13  
66.4    	-13.75  
66.8    	40.84   
67.2    	30.47   
67.6    	13.99   
68      	-2.794  
68.4    	-18.51  
68.8    	-34.31  
69.2    	-48.22  
69.6    	-58.03  
70      	-63.58  
70.4    	-66.45  
70.8    	-67.51  
71.2    	-67.61  
71.6    	-67.27  
72      	-66.61  
72.4    	-65.77  
72.8    	-64.88  
73.2    	-63.9   
73.6    	-62.89  
74      	-61.88  
74.4    	-60.83  
74.8    	-59.72  
75.2    	-58.5   
75.6    	-56.67  
76      	-50.81  
76.4    	-28.47  
76.8    	41.11   
77.2    	33.36   
77.6    	17.21   
78      	0.1562  
78.4    	-15.87  
78.8    	-31.94  
79.2    	-46.58  
79.6    	-57.17  
80      	-63.11  
80.4    	-66.09  
80.8    	-67.46  
81.2    	-67.85  
81.6    	-67.68  
82      	-67.22  
82.4    	-66.63  
82.8    	-65.9   
83.2    	-65.05  
83.6    	-64.12  
84      	-63.17  
84.4    	-62.17  
84.8    	-61.1   
85.2    	-59.61  
85.6    	-56.33  
86      	-49.67  
86.4    	-23.47  
86.8    	41.29   
87.2    	32.64   
87.6    	16.41   
88      	-0.5745 
88.4    	-16.52  
88.8    	-32.53  
89.2    	-47.11  
89.6    	-57.62  
90      	-63.64  
90.4    	-66.6   
90.8    	-67.8   
91.2    	-68.08  
91.6    	-67.92  
92      	-67.41  
92.4    	-66.56  
92.8    	-65.53  
93.2    	-64.58  
93.6    	-63.59  
94      	-62.54  
94.4    	-61.26  
94.8    	-59.89  
95.2    	-58.21  
95.6    	-54.53  
96      	-46.26  
96.4    	9.389   
96.8    	40.49   
97.2    	27.98   
97.6    	11.16   
98      	-5.516  
98.4    	-21.28  
98.8    	-37.06  
99.2    	-50.33  
99.6    	-59.15  
100     	-63.98  
100.4   	-66.27  
100.8   	-67.19  
101.2   	-67.26  
101.6   	-66.96  
102     	-66.32  
102.4   	-65.51  
102.8   	-64.62  
103.2   	-63.74  
103.6   	-62.75  
104     	-61.52  
104.4   	-59.78  
104.8   	-55.72  
105.2   	-48.3   
105.6   	-16.64  
106     	40.44   
106.4   	31.01   
106.8   	14.75   
107.2   	-1.989  
107.6   	-17.69  
108     	-33.44  
108.4   	-47.52  
108.8   	-57.57  
109.2   	-63.23  
109.6   	-66.03  
110     	-67.26  
110.4   	-67.66  
110.8   	-67.47  
111.2   	-66.93  
111.6   	-66.04  
112     	-65.07  
112.4   	-63.98  
112.8   	-62.74  
113.2   	-60.76  
113.6   	-57.1   
114     	-53     
114.4   	-46.13  
114.8   	-4.036  
115.2   	40.16   
115.6   	28.92   
116     	12.36   
116.4   	-4.283  
116.8   	-19.97  
117.2   	-35.76  
117.6   	-49.41  
118     	-58.75  
118.4   	-63.89  
118.8   	-66.38  
119.2   	-67.42  
119.6   	-67.59  
120     	-67.25  
120.4   	-66.6   
120.8   	-65.84  
121.2   	-65.07  
121.6   	-64.23  
122     	-63.24  
122.4   	-61.86  
122.8   	-59.1   
123.2   	-55.13  
123.6   	-51.47  
124     	-40.36  
124.4   	31.8    
124.8   	37.68   
125.2   	23.38   
125.6   	6.475   
126     	-9.734  
126.4   	-25.39  
126.8   	-40.72  
127.2   	-53.01  
127.6   	-60.75  
128     	-64.9   
128.4   	-66.75  
128.8   	-67.39  
129.2   	-67.3   
129.6   	-66.83  
130     	-66.21  
130.4   	-65.51  
130.8   	-64.77  
131.2   	-63.86  
131.6   	-62.76  
132     	-61.62  
132.4   	-59.97  
132.8   	-54.76  
133.2   	-44.22  
133.6   	12.58   
134     	39.93   
134.4   	27.41   
134.8   	10.64   
135.2   	-5.944  
135.6   	-21.61  
136     	-37.27  
136.4   	-50.53  
136.8   	-59.46  
137.2   	-64.41  
137.6   	-66.91  
138     	-67.85  
138.4   	-67.87  
138.8   	-67.46  
139.2   	-66.92  
139.6   	-66.3   
140     	-65.48  
140.4   	-64.5   
140.8   	-63.34  
141.2   	-62.1   
141.6   	-60.84  
142     	-59.59  
142.4   	-58.03  
142.8   	-54.65  
143.2   	-44.32  
143.6   	25.14   
144     	39.66   
144.4   	25.2    
144.8   	7.907   
145.2   	-8.767  
145.6   	-24.8   
146     	-40.66  
146.4   	-53.14  
146.8   	-60.56  
147.2   	-64.22  
147.6   	-65.77  
148     	-66.18  
148.4   	-65.92  
148.8   	-65.42  
149.2   	-64.65  
149.6   	-63.6   
150     	-62.62  
150.4   	-61.68  
150.8   	-60.64  
151.2   	-59.71  
151.6   	-58.77  
152     	-57.67  
152.4   	-56.07  
152.8   	-50.17  
153.2   	-19.33  
153.6   	40.83   
154     	31.13   
154.4   	14.7    
154.8   	-2.088  
155.2   	-17.72  
155.6   	-33.41  
156     	-47.24  
156.4   	-57.02  
156.8   	-62.5   
157.2   	-65.25  
157.6   	-66.38  
158     	-66.54  
158.4   	-66.19  
158.8   	-65.66  
159.2   	-64.89  
159.6   	-64.05  
160     	-63.24  
160.4   	-62.29  
160.8   	-61.26  
161.2   	-60.14  
161.6   	-58.88  
162     	-57.45  
162.4   	-55.67  
162.8   	-51.78  
163.2   	-42.28  
163.6   	31.76   
164     	38.37   
164.4   	23.59   
164.8   	6.423   
165.2   	-9.926  
165.6   	-25.75  
166     	-41.3   
166.4   	-53.56  
166.8   	-60.94  
167.2   	-64.66  
167.6   	-66.41  
168     	-67.09  
168.4   	-66.96  
168.8   	-66.39  
169.2   	-65.7   
169.6   	-64.91  
170     	-63.99  
170.4   	-63.07  
170.8   	-61.98  
171.2   	-60.9   
171.6   	-59.68  
172     	-58.48  
172.4   	-57.11  
172.8   	-55.38  
173.2   	-51.04  
173.6   	-31.81  
174     	40.84   
174.4   	34.07   
174.8   	17.98   
175.2   	0.9333  
175.6   	-14.94  
176     	-30.75  
176.4   	-45.46  
176.8   	-56.36  
177.2   	-62.59  
177.6   	-65.63  
178     	-66.9   
178.4   	-67.24  
178.8   	-66.99  
179.2   	-66.52  
179.6   	-65.85  
180     	-64.92  
180.4   	-63.93  
180.8   	-62.86  
181.2   	-61.66  
181.6   	-60.5   
182     	-59.33  
182.4   	-58.1   
182.8   	-56.56  
183.2   	-53.21  
183.6   	-40.72  
184     	37.8    
184.4   	36.85   
184.8   	21.13   
185.2   	3.711   
185.6   	-12.76  
186     	-29.11  
186.4   	-44.68  
186.8   	-56.21  
187.2   	-62.86  
187.6   	-66.26  
188     	-67.72  
188.4   	-68.05  
188.8   	-67.77  
189.2   	-67.05  
189.6   	-66.13  
190     	-65.05  
190.4   	-63.91  
190.8   	-62.76  
191.2   	-61.55  
191.6   	-60.38  
192     	-58.99  
192.4   	-57.48  
192.8   	-55.94  
193.2   	-54.07  
193.6   	-50.19  
194     	-25.26  
194.4   	42.11   
194.8   	31.84   
195.2   	15.13   
195.6   	-1.989  
196     	-17.98  
196.4   	-34.1   
196.8   	-48.26  
197.2   	-57.93  
197.6   	-63.18  
198     	-65.74  
198.4   	-66.76  
198.8   	-66.87  
199.2   	-66.49  
199.6   	-65.79  
200     	-64.99  
200.4   	-64.12  
200.8   	-63.11  
201.2   	-62.03  
201.6   	-60.91  
202     	-59.69  
202.4   	-58.25  
202.8   	-55.6   
203.2   	-48.08  
203.6   	-19.38  
204     	41.11   
204.4   	30.92   
204.8   	14.43   
205.2   	-2.403  
205.6   	-18.13  
206     	-33.95  
206.4   	-47.81  
206.8   	-57.45  
207.2   	-62.79  
207.6   	-65.36  
208     	-66.41  
208.4   	-66.47  
208.8   	-65.98  
209.2   	-65.29  
209.6   	-64.58  
210     	-63.78  
210.4   	-62.78  
210.8   	-61.68  
211.2   	-60.11  
211.6   	-56.75  
212     	-51.44  
212.4   	-40.02  
212.8   	32.38   
213.2   	36.93   
213.6   	22.47   
214     	5.576   
214.4   	-10.47  
214.8   	-25.9   
215.2   	-40.89  
215.6   	-52.8   
216     	-60.33  
216.4   	-64.32  
216.8   	-66.14  
217.2   	-66.76  
217.6   	-66.69  
218     	-66.33  
218.4   	-65.7   
218.8   	-64.72  
219.2   	-63.66  
219.6   	-62.59  
220     	-61.37  
220.4   	-59.08  
220.8   	-54.88  
221.2   	-49.77  
221.6   	-33.53  
222     	38.87   
222.4   	34.06   
222.8   	18.37   
223.2   	1.451   
223.6   	-14.39  
224     	-30.1   
224.4   	-44.72  
224.8   	-55.58  
225.2   	-61.96  
225.6   	-65.29  
226     	-66.83  
226.4   	-67.37  
226.8   	-67.21  
227.2   	-66.52  
227.6   	-65.69  
228     	-64.74  
228.4   	-63.57  
228.8   	-62.22  
229.2   	-60.79  
229.6   	-58.29  
230     	-51.62  
230.4   	-39.3   
230.8   	33.68   
231.2   	36.68   
231.6   	22.2    
232     	5.406   
232.4   	-10.55  
232.8   	-25.95  
233.2   	-40.88  
233.6   	-52.75  
234     	-60.31  
234.4   	-64.44  
234.8   	-66.39  
235.2   	-67.04  
235.6   	-66.75  
236     	-66.13  
236.4   	-65.39  
236.8   	-64.5   
237.2   	-63.42  
237.6   	-62.18  
238     	-60.86  
238.4   	-59.43  
238.8   	-57.45  
239.2   	-52.96  
239.6   	-44.59  
240     	17.13   
240.4   	39.41   
240.8   	26.01   
241.2   	9.116   
241.6   	-7.234  
242     	-22.66  
242.4   	-38.01  
242.8   	-50.65  
243.2   	-58.94  
243.6   	-63.42  
244     	-65.56  
244.4   	-66.29  
244.8   	-66.39  
245.2   	-66.08  
245.6   	-65.5   
246     	-64.71  
246.4   	-63.72  
246.8   	-62.67  
247.2   	-61.51  
247.6   	-59.94  
248     	-56.56  
248.4   	-52.71  
248.8   	-49.29  
249.2   	-38.43  
249.6   	38.01   
250     	35.37   
250.4   	19.68   
250.8   	2.573   
251.2   	-13.43  
251.6   	-29.21  
252     	-44.08  
252.4   	-55.23  
252.8   	-61.7   
253.2   	-64.96  
253.6   	-66.41  
254     	-66.82  
254.4   	-66.7   
254.8   	-66.12  
255.2   	-65.34  
255.6   	-64.41  
256     	-63.37  
256.4   	-62.3   
256.8   	-61.14  
257.2   	-59.87  
257.6   	-58.46  
258     	-56.65  
258.4   	-50.93  
258.8   	-28.4   
259.2   	40.42   
259.6   	32.96   
260     	16.92   
260.4   	0.01305 
260.8   	-15.81  
261.2   	-31.61  
261.6   	-45.86  
262     	-56.18  
262.4   	-62.04  
262.8   	-65.04  
263.2   	-66.4   
263.6   	-66.7   
264     	-66.46  
264.4   	-65.85  
264.8   	-64.97  
265.2   	-63.93  
265.6   	-62.89  
266     	-61.95  
266.4   	-61     
266.8   	-59.56  
267.2   	-55.9   
267.6   	-49.56  
268     	-32.43  
268.4   	39.1    
268.8   	33.94   
269.2   	18.31   
269.6   	1.43    
270     	-14.37  
270.4   	-29.95  
270.8   	-44.43  
271.2   	-55.29  
271.6   	-61.6   
272     	-64.84  
272.4   	-66.3   
272.8   	-66.76  
273.2   	-66.7   
273.6   	-66.33  
274     	-65.73  
274.4   	-64.8   
274.8   	-63.83  
275.2   	-62.82  
275.6   	-61.74  
276     	-60.47  
276.4   	-58.14  
276.8   	-54.23  
277.2   	-46.99  
277.6   	-5.236  
278     	40.85   
278.4   	28.68   
278.8   	11.82   
279.2   	-4.965  
279.6   	-20.76  
280     	-36.65  
280.4   	-49.98  
280.8   	-58.74  
281.2   	-63.45  
281.6   	-65.67  
282     	-66.42  
282.4   	-66.35  
282.8   	-65.91  
283.2   	-65.15  
283.6   	-64.32  
284     	-63.37  
284.4   	-62.34  
284.8   	-61.34  
285.2   	-60.27  
285.6   	-58.56  
286     	-55.82  
286.4   	-53.28  
286.8   	-47.83  
287.2   	-2.76   
287.6   	40.37   
288     	28.58   
288.4   	11.81   
288.8   	-4.801  
289.2   	-20.43  
289.6   	-36.15  
290     	-49.51  
290.4   	-58.52  
290.8   	-63.39  
291.2   	-65.83  
291.6   	-66.89  
292     	-67.17  
292.4   	-66.93  
292.8   	-66.35  
293.2   	-65.44  
293.6   	-64.46  
294     	-63.41  
294.4   	-62.32  
294.8   	-60.65  
295.2   	-58.13  
295.6   	-56.18  
296     	-54.08  
296.4   	-47.08  
296.8   	6.009   
297.2   	40.17   
297.6   	27.72   
298     	10.92   
298.4   	-5.655  
298.8   	-21.31  
299.2   	-37.03  
299.6   	-50.2   
300     	-58.89  
300.4   	-63.66  
300.8   	-66     
301.2   	-66.89  
301.6   	-66.97  
302     	-66.56  
302.4   	-65.89  
302.8   	-65.08  
303.2   	-64.19  
303.6   	-63.24  
304     	-62.21  
304.4   	-60.58  
304.8   	-56.8   
305.2   	-52.98  
305.6   	-47.55  
306     	-11.7   
306.4   	40.23   
306.8   	29.63   
307.2   	13.12   
307.6   	-3.523  
308     	-19.03  
308.4   	-34.56  
308.8   	-48.03  
309.2   	-57.36  
309.6   	-62.54  
310     	-65.15  
310.4   	-66.3   
310.8   	-66.49  
311.2   	-66.11  
311.6   	-65.58  
312     	-64.87  
312.4   	-64.03  
312.8   	-63.13  
313.2   	-62.06  
313.6   	-60.78  
314     	-58.97  
314.4   	-55.05  
314.8   	-46.06  
315.2   	5.066   
315.6   	39.91   
316     	27.82   
316.4   	11.14   
316.8   	-5.325  
317.2   	-20.77  
317.6   	-36.19  
318     	-49.2   
318.4   	-57.98  
318.8   	-62.9   
319.2   	-65.35  
319.6   	-66.29  
320     	-66.47  
320.4   	-66.25  
320.8   	-65.77  
321.2   	-65.06  
321.6   	-64.22  
322     	-63.3   
322.4   	-62.19  
322.8   	-60.98  
323.2   	-59.64  
323.6   	-57.56  
324     	-52.12  
324.4   	-40.87  
324.8   	33.91   
325.2   	37.46   
325.6   	22.25   
326     	4.995   
326.4   	-11.36  
326.8   	-27.31  
327.2   	-42.75  
327.6   	-54.56  
328     	-61.39  
328.4   	-64.81  
328.8   	-66.32  
329.2   	-66.85  
329.6   	-66.71  
330     	-66.22  
330.4   	-65.58  
330.8   	-64.79  
331.2   	-63.84  
331.6   	-62.73  
332     	-61.5   
332.4   	-60.09  
332.8   	-57.76  
333.2   	-53.19  
333.6   	-47.05  
334     	-10.28  
334.4   	40.85   
334.8   	29.23   
335.2   	12.42   
335.6   	-4.394  
336     	-20.21  
336.4   	-36.17  
336.8   	-49.86  
337.2   	-58.98  
337.6   	-63.91  
338     	-66.2   
338.4   	-66.99  
338.8   	-66.99  
339.2   	-66.43  
339.6   	-65.58  
340     	-64.72  
340.4   	-63.79  
340.8   	-62.8   
341.2   	-61.75  
341.6   	-60.73  
342     	-59.64  
342.4   	-57.87  
342.8   	-53.56  
343.2   	-47.52  
343.6   	-18.48  
344     	40.94   
344.4   	30.93   
344.8   	14.45   
345.2   	-2.394  
345.6   	-18.15  
346     	-33.92  
346.4   	-47.86  
346.8   	-57.64  
347.2   	-63.01  
347.6   	-65.69  
348     	-66.79  
348.4   	-67.03  
348.8   	-66.76  
349.2   	-66.07  
349.6   	-65.17  
350     	-64.15  
350.4   	-63.04  
350.8   	-61.73  
351.2   	-59.85  
351.6   	-56.21  
352     	-52.92  
352.4   	-49.89  
352.8   	-37.71  
353.2   	37.17   
353.6   	35.44   
354     	20.05   
354.4   	3.01    
354.8   	-12.99  
355.2   	-28.76  
355.6   	-43.72  
356     	-55.03  
356.4   	-61.73  
356.8   	-65.21  
357.2   	-66.68  
357.6   	-67.13  
358     	-67.02  
358.4   	-66.64  
358.8   	-65.95  
359.2   	-65.13  
359.6   	-64.07  
360     	-62.43  
360.4   	-59.1   
360.8   	-55.84  
361.2   	-54.01  
361.6   	-51.85  
362     	-45.28  
362.4   	4.739   
362.8   	39.62   
363.2   	27.52   
363.6   	10.89   
364     	-5.549  
364.4   	-21.03  
364.8   	-36.58  
365.2   	-49.74  
365.6   	-58.65  
366     	-63.66  
366.4   	-66.16  
366.8   	-67.09  
367.2   	-67.21  
367.6   	-66.95  
368     	-66.47  
368.4   	-65.88  
368.8   	-65.16  
369.2   	-64.12  
369.6   	-63.04  
370     	-61.98  
370.4   	-60.91  
370.8   	-59.68  
371.2   	-57.58  
371.6   	-52.82  
372     	-45.36  
372.4   	13.46   
372.8   	40.35   
373.2   	27.36   
373.6   	10.44   
374     	-6.19   
374.4   	-21.96  
374.8   	-37.85  
375.2   	-51.11  
375.6   	-59.74  
376     	-64.37  
376.4   	-66.43  
376.8   	-67.17  
377.2   	-67.28  
377.6   	-67     
378     	-66.54  
378.4   	-65.87  
378.8   	-65.07  
379.2   	-63.99  
379.6   	-62.83  
380     	-61.38  
380.4   	-58.26  
380.8   	-54.54  
381.2   	-52.21  
381.6   	-50     
382     	-42.86  
382.4   	30.61   
382.8   	38.14   
383.2   	23.59   
383.6   	6.505   
384     	-9.812  
384.4   	-25.56  
384.8   	-40.94  
385.2   	-53.11  
385.6   	-60.64  
386     	-64.49  
386.4   	-66.28  
386.8   	-66.91  
387.2   	-66.92  
387.6   	-66.49  
388     	-65.86  
388.4   	-65.18  
388.8   	-64.32  
389.2   	-63.43  
389.6   	-62.53  
390     	-61.53  
390.4   	-60.38  
390.8   	-59.16  
391.2   	-57.2   
391.6   	-52.8   
392     	-47.71  
392.4   	-20.39  
392.8   	41.55   
393.2   	31.47   
393.6   	14.92   
394     	-2.074  
394.4   	-17.96  
394.8   	-33.98  
395.2   	-48.18  
395.6   	-58.12  
396     	-63.5   
396.4   	-66.08  
396.8   	-67.15  
397.2   	-67.36  
397.6   	-67.07  
398     	-66.56  
398.4   	-65.86  
398.8   	-65.11  
399.2   	-64.27  
399.6   	-63.36  
400     	-62.32  
400.4   	-61.14  
400.8   	-59.24  
401.2   	-54.71  
401.6   	-48.48  
402     	-28.98  
402.4   	40.59   
402.8   	33.42   
403.2   	17.4    
403.6   	0.4245  
404     	-15.45  
404.4   	-31.29  
404.8   	-45.91  
405.2   	-56.7   
405.6   	-62.93  
406     	-66.1   
406.4   	-67.52  
406.8   	-67.72  
407.2   	-67.48  
407.6   	-67.01  
408     	-66.41  
408.4   	-65.5   
408.8   	-64.5   
409.2   	-63.37  
409.6   	-62.29  
410     	-61.23  
410.4   	-60     
410.8   	-57.14  
411.2   	-52.59  
411.6   	-48.52  
412     	-36.24  
412.4   	40.2    
412.8   	35.16   
413.2   	19.18   
413.6   	1.912   
414     	-14.27  
414.4   	-30.35  
414.8   	-45.33  
415.2   	-56.32  
415.6   	-62.5   
416     	-65.57  
416.4   	-66.9   
416.8   	-67.08  
417.2   	-66.72  
417.6   	-66.1   
418     	-65.32  
418.4   	-64.55  
418.8   	-63.78  
419.2   	-62.99  
419.6   	-62.08  
420     	-61.11  
420.4   	-60.08  
420.8   	-58.83  
421.2   	-55.89  
421.6   	-50.46  
422     	-34.87  
422.4   	40.52   
422.8   	34.76   
423.2   	18.68   
423.6   	1.433   
424     	-14.78  
424.4   	-31.01  
424.8   	-46.01  
425.2   	-56.77  
425.6   	-62.8   
426     	-65.67  
426.4   	-66.8   
426.8   	-66.98  
427.2   	-66.7   
427.6   	-66.04  
428     	-65.25  
428.4   	-64.38  
428.8   	-63.34  
429.2   	-61.97  
429.6   	-59.09  
430     	-56.09  
430.4   	-54.49  
430.8   	-53.49  
431.2   	-51.6   
431.6   	-44.88  
432     	12.57   
432.4   	39.7    
432.8   	26.05   
433.2   	9.004   
433.6   	-7.515  
434     	-23.2   
434.4   	-38.98  
434.8   	-51.81  
435.2   	-59.93  
435.6   	-64.12  
436     	-66.14  
436.4   	-66.94  
436.8   	-67.06  
437.2   	-66.64  
437.6   	-65.9   
438     	-65.02  
438.4   	-64.06  
438.8   	-62.94  
439.2   	-61.79  
439.6   	-60.45  
440     	-57.79  
440.4   	-54.26  
440.8   	-50.86  
441.2   	-42.89  
441.6   	29.59   
442     	38.42   
442.4   	23.52   
442.8   	6.252   
443.2   	-10.16  
443.6   	-26.04  
444     	-41.78  
444.4   	-54.19  
444.8   	-61.54  
445.2   	-65.2   
445.6   	-66.8   
446     	-67.18  
446.4   	-66.87  
446.8   	-66.35  
447.2   	-65.57  
447.6   	-64.71  
448     	-63.83  
448.4   	-62.92  
448.8   	-61.85  
449.2   	-60.29  
449.6   	-57.51  
450     	-54.73  
450.4   	-52.82  
450.8   	-49.3   
451.2   	-32.14  
451.6   	41.35   
452     	32.94   
452.4   	16.4    
452.8   	-0.7822 
453.2   	-16.87  
453.6   	-33.27  
454     	-48.16  
454.4   	-58.43  
454.8   	-63.88  
455.2   	-66.38  
455.6   	-67.33  
456     	-67.39  
456.4   	-67     
456.8   	-66.35  
457.2   	-65.47  
457.6   	-64.49  
458     	-63.4   
458.4   	-62.2   
458.8   	-60.9   
459.2   	-59.04  
459.6   	-55.57  
460     	-50.58  
460.4   	-38.28  
460.8   	36.87   
461.2   	36.12   
461.6   	20.85   
462     	3.833   
462.4   	-12.14  
462.8   	-27.76  
463.2   	-42.71  
463.6   	-54.15  
464     	-60.88  
464.4   	-64.32  
464.8   	-65.83  
465.2   	-66.33  
465.6   	-66.26  
466     	-65.86  
466.4   	-65.17  
466.8   	-64.27  
467.2   	-63.35  
467.6   	-62.37  
468     	-61.33  
468.4   	-60.14  
468.8   	-58.68  
469.2   	-55.95  
469.6   	-47.93  
470     	-12.14  
470.4   	40.7    
470.8   	29.88   
471.2   	13.33   
471.6   	-3.318  
472     	-18.79  
472.4   	-34.29  
472.8   	-47.73  
473.2   	-57.02  
473.6   	-62.16  
474     	-64.74  
474.4   	-65.75  
474.8   	-65.77  
475.2   	-65.37  
475.6   	-64.75  
476     	-64.06  
476.4   	-63.18  
476.8   	-62.13  
477.2   	-60.96  
477.6   	-59.77  
478     	-58.39  
478.4   	-55.78  
478.8   	-51.6   
479.2   	-41.22  
479.6   	30.84   
480     	37.47   
480.4   	23.23   
480.8   	6.428   
481.2   	-9.455  
481.6   	-24.61  
482     	-39.56  
482.4   	-51.63  
482.8   	-59.5   
483.2   	-63.78  
483.6   	-65.87  
484     	-66.76  
484.4   	-66.96  
484.8   	-66.71  
485.2   	-66.19  
485.6   	-65.42  
486     	-64.57  
486.4   	-63.46  
486.8   	-62.36  
487.2   	-61.3   
487.6   	-60.2   
488     	-58.48  
488.4   	-54.57  
488.8   	-46.91  
489.2   	0.4121  
489.6   	40.81   
490     	28.51   
490.4   	11.62   
490.8   	-5.166  
491.2   	-21.03  
491.6   	-37.04  
492     	-50.68  
492.4   	-59.63  
492.8   	-64.38  
493.2   	-66.75  
493.6   	-67.67  
494     	-67.77  
494.4   	-67.31  
494.8   	-66.69  
495.2   	-65.92  
495.6   	-65.04  
496     	-64.02  
496.4   	-62.76  
496.8   	-61.5   
497.2   	-60.16  
497.6   	-58.58  
498     	-54.85  
498.4   	-48.36  
498.8   	-18.02  
499.2   	41.23   
499.6   	31.05   
500     	14.55   
500.4   	-2.338  
500.8   	-18.15  
501.2   	-34.02  
501.6   	-47.93  
502     	-57.63  
502.4   	-63.06  
502.8   	-65.77  
503.2   	-66.84  
503.6   	-67.05  
504     	-66.74  
504.4   	-66.18  
504.8   	-65.42  
505.2   	-64.44  
505.6   	-63.37  
506     	-62.2   
506.4   	-61.07  
506.8   	-60.01  
507.2   	-58.86  
507.6   	-57.55  
508     	-55.73  
508.4   	-49.7   
508.8   	-17.99  
509.2   	41.55   
509.6   	30.97   
510     	14.23   
510.4   	-2.796  
510.8   	-18.77  
511.2   	-34.88  
511.6   	-48.96  
512     	-58.5   
512.4   	-63.61  
512.8   	-65.98  
513.2   	-66.75  
513.6   	-66.74  
514     	-66.29  
514.4   	-65.64  
514.8   	-64.84  
515.2   	-63.74  
515.6   	-62.55  
516     	-61.38  
516.4   	-60.27  
516.8   	-58.55  
517.2   	-54.69  
517.6   	-49.88  
518     	-37.77  
518.4   	37.93   
518.8   	35.52   
519.2   	19.76   
519.6   	2.565   
520     	-13.56  
520.4   	-29.51  
520.8   	-44.63  
521.2   	-55.92  
521.6   	-62.44  
522     	-65.72  
522.4   	-67.2   
522.8   	-67.53  
523.2   	-67.3   
523.6   	-66.82  
524     	-66.19  
524.4   	-65.39  
524.8   	-64.44  
525.2   	-63.46  
525.6   	-62.36  
526     	-61.12  
526.4   	-59.66  
526.8   	-57.81  
527.2   	-52.93  
527.6   	-39.82  
528     	34.66   
528.4   	37.45   
528.8   	22.66   
529.2   	5.618   
529.6   	-10.63  
530     	-26.46  
530.4   	-41.92  
530.8   	-54.11  
531.2   	-61.64  
531.6   	-65.54  
532     	-67.4   
532.4   	-68.07  
532.8   	-68.11  
533.2   	-67.78  
533.6   	-67.18  
534     	-66.38  
534.4   	-65.32  
534.8   	-64.07  
535.2   	-62.8   
535.6   	-61.55  
536     	-60.14  
536.4   	-57.56  
536.8   	-51.22  
537.2   	-31.04  
537.6   	40.16   
538     	34.18   
538.4   	18.32   
538.8   	1.282   
539.2   	-14.73  
539.6   	-30.64  
540     	-45.27  
540.4   	-56     
540.8   	-62.22  
541.2   	-65.43  
541.6   	-66.85  
542     	-67.29  
542.4   	-67.13  
542.8   	-66.61  
543.2   	-65.72  
543.6   	-64.56  
544     	-63.46  
544.4   	-62.36  
544.8   	-61.25  
545.2   	-60.12  
545.6   	-58.38  
546     	-53.25  
546.4   	-41.42  
546.8   	29.85   
547.2   	38.12   
547.6   	24.03   
548     	7.118   
548.4   	-9.132  
548.8   	-24.79  
549.2   	-40.23  
549.6   	-52.74  
550     	-60.55  
550.4   	-64.68  
550.8   	-66.61  
551.2   	-67.35  
551.6   	-67.37  
552     	-67.06  
552.4   	-66.46  
552.8   	-65.7   
553.2   	-64.78  
553.6   	-63.83  
554     	-62.88  
554.4   	-61.93  
554.8   	-60.74  
555.2   	-58.31  
555.6   	-52.54  
556     	-42.47  
556.4   	29.91   
556.8   	38.61   
557.2   	24.31   
557.6   	7.236   
558     	-9.198  
558.4   	-25.03  
558.8   	-40.7   
559.2   	-53.16  
559.6   	-60.89  
560     	-64.95  
560.4   	-66.78  
560.8   	-67.35  
561.2   	-67.14  
561.6   	-66.63  
562     	-65.99  
562.4   	-65.15  
562.8   	-64.22  
563.2   	-63.2   
563.6   	-62.05  
564     	-59.81  
564.4   	-55.44  
564.8   	-50.25  
565.2   	-37.45  
565.6   	36.57   
566     	35.72   
566.4   	20.69   
566.8   	3.8     
567.2   	-12.12  
567.6   	-27.68  
568     	-42.51  
568.4   	-53.91  
568.8   	-60.91  
569.2   	-64.52  
569.6   	-66.18  
570     	-66.71  
570.4   	-66.58  
570.8   	-66.03  
571.2   	-65.3   
571.6   	-64.47  
572     	-63.49  
572.4   	-62.37  
572.8   	-61.11  
573.2   	-59.15  
573.6   	-53.64  
574     	-45.26  
574.4   	-0.9076 
574.8   	39.65   
575.2   	28.53   
575.6   	12.13   
576     	-4.301  
576.4   	-19.66  
576.8   	-35.07  
577.2   	-48.4   
577.6   	-57.67  
578     	-62.78  
578.4   	-65.28  
578.8   	-66.25  
579.2   	-66.36  
579.6   	-66.01  
580     	-65.29  
580.4   	-64.42  
580.8   	-63.47  
581.2   	-62.58  
581.6   	-61.62  
582     	-60.55  
582.4   	-59.37  
582.8   	-57.74  
583.2   	-53.46  
583.6   	-44.17  
584     	20.55   
584.4   	39.01   
584.8   	25.8    
585.2   	9.045   
585.6   	-7.189  
586     	-22.6   
586.4   	-37.95  
586.8   	-50.6   
587.2   	-58.89  
587.6   	-63.41  
588     	-65.72  
588.4   	-66.75  
588.8   	-67.01  
589.2   	-66.71  
589.6   	-66.19  
590     	-65.51  
590.4   	-64.67  
590.8   	-63.78  
591.2   	-62.79  
591.6   	-61.65  
592     	-60.12  
592.4   	-57.14  
592.8   	-49.48  
593.2   	-25.64  
593.6   	41.23   
594     	32.3    
594.4   	15.85   
594.8   	-1.196  
595.2   	-17.17  
595.6   	-33.31  
596     	-47.81  
596.4   	-57.97  
596.8   	-63.54  
597.2   	-66.26  
597.6   	-67.42  
598     	-67.71  
598.4   	-67.31  
598.8   	-66.64  
599.2   	-65.82  
599.6   	-64.85  
600     	-63.81  
600.4   	-62.63  
600.8   	-61.42  
601.2   	-60.34  
601.6   	-59.23  
602     	-57.85  
602.4   	-54.96  
602.8   	-48.03  
603.2   	-15.86  
603.6   	41.88   
604     	30.4    
604.4   	13.49   
604.8   	-3.603  
605.2   	-19.68  
605.6   	-36.06  
606     	-50.31  
606.4   	-59.64  
606.8   	-64.58  
607.2   	-66.91  
607.6   	-67.85  
608     	-67.8   
608.4   	-67.4   
608.8   	-66.73  
609.2   	-65.89  
609.6   	-64.87  
610     	-63.79  
610.4   	-62.55  
610.8   	-61.38  
611.2   	-60.34  
611.6   	-59.18  
612     	-56.7   
612.4   	-51.84  
612.8   	-44.23  
613.2   	21.59   
613.6   	39.57   
614     	26.01   
614.4   	9.039   
614.8   	-7.508  
615.2   	-23.33  
615.6   	-39.18  
616     	-52.27  
616.4   	-60.7   
616.8   	-65.2   
617.2   	-67.35  
617.6   	-68.17  
618     	-68.24  
618.4   	-67.87  
618.8   	-67.1   
619.2   	-66.13  
619.6   	-65.07  
620     	-63.86  
620.4   	-62.69  
620.8   	-61.41  
621.2   	-59.9   
621.6   	-57.36  
622     	-51.3   
622.4   	-35.58  
622.8   	38.45   
623.2   	35.65   
623.6   	20.34   
624     	3.37    
624.4   	-12.65  
624.8   	-28.4   
625.2   	-43.36  
625.6   	-54.84  
626     	-61.72  
626.4   	-65.35  
626.8   	-67.04  
627.2   	-67.6   
627.6   	-67.42  
628     	-67.01  
628.4   	-66.34  
628.8   	-65.49  
629.2   	-64.48  
629.6   	-63.39  
630     	-62.31  
630.4   	-61.19  
630.8   	-59.97  
631.2   	-58.29  
631.6   	-53.63  
632     	-42.21  
632.4   	29.63   
632.8   	38.64   
633.2   	24.43   
633.6   	7.368   
634     	-9.105  
634.4   	-25.02  
634.8   	-40.74  
635.2   	-53.36  
635.6   	-61.17  
636     	-65.19  
636.4   	-67.12  
636.8   	-67.9   
637.2   	-68     
637.6   	-67.58  
638     	-66.85  
638.4   	-66     
638.8   	-64.98  
639.2   	-63.9   
639.6   	-62.76  
640     	-61.6   
640.4   	-60.4   
640.8   	-58.37  
641.2   	-52.76  
641.6   	-38.29  
642     	37.43   
642.4   	36.54   
642.8   	21.37   
643.2   	4.266   
643.6   	-11.97  
644     	-27.98  
644.4   	-43.41  
644.8   	-55.34  
645.2   	-62.49  
645.6   	-66.22  
646     	-67.85  
646.4   	-68.44  
646.8   	-68.39  
647.2   	-68     
647.6   	-67.41  
648     	-66.54  
648.4   	-65.49  
648.8   	-64.41  
649.2   	-63.3   
649.6   	-62.14  
650     	-60.82  
650.4   	-59.4   
650.8   	-57.67  
651.2   	-52.61  
651.6   	-33.2   
652     	40.37   
652.4   	34.87   
652.8   	19.09   
653.2   	2.025   
653.6   	-14.04  
654     	-29.98  
654.4   	-44.86  
654.8   	-55.93  
655.2   	-62.24  
655.6   	-65.3   
656     	-66.64  
656.4   	-67.07  
656.8   	-66.93  
657.2   	-66.47  
657.6   	-65.67  
658     	-64.74  
658.4   	-63.73  
658.8   	-62.68  
659.2   	-61.62  
659.6   	-60.34  
660     	-58.89  
660.4   	-56.77  
660.8   	-51.21  
661.2   	-35.31  
661.6   	38.62   
662     	35.4    
662.4   	19.84   
662.8   	2.79    
663.2   	-13.23  
663.6   	-29.01  
664     	-43.85  
664.4   	-55.08  
664.8   	-61.7   
665.2   	-64.98  
665.6   	-66.37  
666     	-66.77  
666.4   	-66.46  
666.8   	-65.75  
667.2   	-64.76  
667.6   	-63.67  
668     	-62.39  
668.4   	-61.11  
668.8   	-59.69  
669.2   	-58.28  
669.6   	-56.69  
670     	-53.06  
670.4   	-41.99  
670.8   	30.96   
671.2   	37.67   
671.6   	22.87   
672     	5.761   
672.4   	-10.47  
672.8   	-26.18  
673.2   	-41.4   
673.6   	-53.32  
674     	-60.52  
674.4   	-64.2   
674.8   	-65.86  
675.2   	-66.37  
675.6   	-66.21  
676     	-65.71  
676.4   	-65.01  
676.8   	-64.17  
677.2   	-63.18  
677.6   	-62.06  
678     	-60.87  
678.4   	-59.57  
678.8   	-57.61  
679.2   	-54.61  
679.6   	-48.13  
680     	-9.94   
680.4   	40.95   
680.8   	29      
681.2   	12.07   
681.6   	-4.701  
682     	-20.43  
682.4   	-36.24  
682.8   	-49.52  
683.2   	-58.29  
683.6   	-62.95  
684     	-65.21  
684.4   	-66.15  
684.8   	-66.29  
685.2   	-65.99  
685.6   	-65.32  
686     	-64.56  
686.4   	-63.63  
686.8   	-62.6   
687.2   	-61.52  
687.6   	-60.33  
688     	-58.11  
688.4   	-55.33  
688.8   	-52.74  
689.2   	-46.32  
689.6   	-0.3548 
690     	40.29   
690.4   	28.11   
690.8   	11.31   
691.2   	-5.283  
691.6   	-20.89  
692     	-36.62  
692.4   	-49.88  
692.8   	-58.66  
693.2   	-63.23  
693.6   	-65.29  
694     	-66.08  
694.4   	-66.16  
694.8   	-65.79  
695.2   	-65.2   
695.6   	-64.44  
696     	-63.48  
696.4   	-62.44  
696.8   	-61.19  
697.2   	-59.88  
697.6   	-58.23  
698     	-53.33  
698.4   	-38.13  
698.8   	35.79   
699.2   	35.95   
699.6   	20.89   
700     	3.909   
700.4   	-12.14  
700.8   	-27.87  
701.2   	-42.76  
701.6   	-54.09  
702     	-60.9   
702.4   	-64.46  
702.8   	-65.98  
703.2   	-66.22  
703.6   	-66.09  
704     	-65.59  
704.4   	-64.83  
704.8   	-63.97  
705.2   	-63.09  
705.6   	-62.03  
706     	-60.37  
706.4   	-56.98  
706.8   	-53.87  
707.2   	-51.47  
707.6   	-43.48  
708     	25.18   
708.4   	38.16   
708.8   	24.37   
709.2   	7.462   
709.6   	-8.771  
710     	-24.33  
710.4   	-39.66  
710.8   	-52.05  
711.2   	-60     
711.6   	-64.33  
712     	-66.47  
712.4   	-67.27  
712.8   	-67.29  
713.2   	-66.93  
713.6   	-66.37  
714     	-65.6   
714.4   	-64.57  
714.8   	-63.34  
715.2   	-62.11  
715.6   	-60.83  
716     	-59.43  
716.4   	-57.18  
716.8   	-49.09  
717.2   	-13.3   
717.6   	40.79   
718     	30.46   
718.4   	13.98   
718.8   	-2.773  
719.2   	-18.46  
719.6   	-34.24  
720     	-48.05  
720.4   	-57.76  
720.8   	-63.2   
721.2   	-65.95  
721.6   	-67.1   
722     	-67.32  
722.4   	-66.98  
722.8   	-66.44  
723.2   	-65.71  
723.6   	-64.68  
724     	-63.51  
724.4   	-62.26  
724.8   	-60.73  
725.2   	-57.72  
725.6   	-53.82  
726     	-50.58  
726.4   	-43.06  
726.8   	24.43   
727.2   	38.63   
727.6   	25.01   
728     	8.145   
728.4   	-8.126  
728.8   	-23.57  
729.2   	-38.84  
729.6   	-51.32  
730     	-59.43  
730.4   	-63.79  
730.8   	-65.78  
731.2   	-66.49  
731.6   	-66.43  
732     	-66.06  
732.4   	-65.45  
732.8   	-64.7   
733.2   	-63.89  
733.6   	-62.93  
734     	-61.87  
734.4   	-60.71  
734.8   	-59.21  
735.2   	-56.04  
735.6   	-49.07  
736     	-32.96  
736.4   	39.88   
736.8   	34.01   
737.2   	18.13   
737.6   	1.146   
738     	-14.75  
738.4   	-30.56  
738.8   	-45.21  
739.2   	-56.08  
739.6   	-62.42  
740     	-65.64  
740.4   	-66.91  
740.8   	-67.26  
741.2   	-67.16  
741.6   	-66.62  
742     	-65.88  
742.4   	-65.09  
742.8   	-64.23  
743.2   	-63.17  
743.6   	-62.03  
744     	-60.91  
744.4   	-59.56  
744.8   	-57.25  
745.2   	-48.19  
745.6   	-2.037  
746     	40.62   
746.4   	29.26   
746.8   	12.64   
747.2   	-4.074  
747.6   	-19.84  
748     	-35.73  
748.4   	-49.45  
748.8   	-58.9   
749.2   	-64.25  
749.6   	-66.97  
750     	-68.25  
750.4   	-68.54  
750.8   	-68.34  
751.2   	-67.76  
751.6   	-67.02  
752     	-66.27  
752.4   	-65.47  
752.8   	-64.66  
753.2   	-63.65  
753.6   	-62.5   
754     	-61.18  
754.4   	-59.45  
754.8   	-54.58  
755.2   	-42.22  
755.6   	30.33   
756     	38.98   
756.4   	24.95   
756.8   	7.989   
757.2   	-8.455  
757.6   	-24.25  
758     	-39.92  
758.4   	-52.63  
758.8   	-60.56  
759.2   	-64.71  
759.6   	-66.73  
760     	-67.51  
760.4   	-67.5   
760.8   	-67.17  
761.2   	-66.56  
761.6   	-65.72  
762     	-64.74  
762.4   	-63.64  
762.8   	-62.44  
763.2   	-61.29  
763.6   	-60.04  
764     	-58.67  
764.4   	-57     
764.8   	-52.91  
765.2   	-43.86  
765.6   	24.41   
766     	39.6    
766.4   	25.34   
766.8   	8.119   
767.2   	-8.555  
767.6   	-24.56  
768     	-40.47  
768.4   	-53.18  
768.8   	-60.94  
769.2   	-64.93  
769.6   	-66.73  
770     	-67.22  
770.4   	-67.08  
770.8   	-66.62  
771.2   	-65.91  
771.6   	-64.89  
772     	-63.75  
772.4   	-62.57  
772.8   	-61.41  
773.2   	-60.38  
773.6   	-59.26  
774     	-57.19  
774.4   	-51.82  
774.8   	-42.14  
775.2   	30.67   
775.6   	38.27   
776     	23.7    
776.4   	6.613   
776.8   	-9.719  
777.2   	-25.4   
777.6   	-40.79  
778     	-53.02  
778.4   	-60.61  
778.8   	-64.44  
779.2   	-66.1   
779.6   	-66.57  
780     	-66.22  
780.4   	-65.64  
780.8   	-64.83  
781.2   	-63.99  
781.6   	-63.1   
782     	-62.02  
782.4   	-59.87  
782.8   	-56.06  
783.2   	-53.64  
783.6   	-51.76  
784     	-46.58  
784.4   	-21.25  
784.8   	40.04   
785.2   	30.57   
785.6   	14.23   
786     	-2.445  
786.4   	-17.97  
786.8   	-33.57  
787.2   	-47.31  
787.6   	-57.07  
788     	-62.57  
788.4   	-65.2   
788.8   	-66.3   
789.2   	-66.47  
789.6   	-66.15  
790     	-65.57  
790.4   	-64.82  
790.8   	-64     
791.2   	-63.15  
791.6   	-62.23  
792     	-61.21  
792.4   	-59.9   
792.8   	-56.55  
793.2   	-48.35  
793.6   	-23.52  
794     	40.17   
794.4   	32.1    
794.8   	16.07   
795.2   	-0.6801 
795.6   	-16.35  
796     	-32.05  
796.4   	-46.33  
796.8   	-56.76  
797.2   	-62.81  
797.6   	-65.92  
798     	-67.32  
798.4   	-67.59  
798.8   	-67.2   
799.2   	-66.52  
799.6   	-65.69  
800     	-64.68  
800.4   	-63.61  
800.8   	-62.51  
801.2   	-61.27  
801.6   	-59.61  
802     	-56.48  
802.4   	-50.72  
802.8   	-37.71  
803.2   	37.38   
803.6   	35.87   
804     	20.64   
804.4   	3.667   
804.8   	-12.32  
805.2   	-28.02  
805.6   	-43     
806     	-54.51  
806.4   	-61.41  
806.8   	-64.93  
807.2   	-66.57  
807.6   	-67.14  
808     	-67.08  
808.4   	-66.6   
808.8   	-65.84  
809.2   	-64.82  
809.6   	-63.64  
810     	-62.47  
810.4   	-61.31  
810.8   	-59.93  
811.2   	-57.35  
811.6   	-52.7   
812     	-46.27  
812.4   	0.1777  
812.8   	40.22   
813.2   	28.46   
813.6   	11.8    
814     	-4.786  
814.4   	-20.37  
814.8   	-36.01  
815.2   	-49.33  
815.6   	-58.35  
816     	-63.33  
816.4   	-65.73  
816.8   	-66.69  
817.2   	-66.7   
817.6   	-66.28  
818     	-65.6   
818.4   	-64.7   
818.8   	-63.76  
819.2   	-62.88  
819.6   	-62.01  
820     	-61.01  
820.4   	-59.87  
820.8   	-58.59  
821.2   	-56     
821.6   	-51.13  
822     	-42.97  
822.4   	28.8    
822.8   	38.62   
823.2   	24.26   
823.6   	7.14    
824     	-9.292  
824.4   	-25.16  
824.8   	-40.83  
825.2   	-53.32  
825.6   	-60.99  
826     	-65.02  
826.4   	-66.86  
826.8   	-67.51  
827.2   	-67.57  
827.6   	-67.2   
828     	-66.63  
828.4   	-65.85  
828.8   	-64.92  
829.2   	-63.91  
829.6   	-62.8   
830     	-61.64  
830.4   	-60.53  
830.8   	-59.14  
831.2   	-55.28  
831.6   	-46.35  
832     	-5.32   
832.4   	40.92   
832.8   	29.54   
833.2   	12.91   
833.6   	-3.888  
834     	-19.76  
834.4   	-35.79  
834.8   	-49.69  
835.2   	-59.21  
835.6   	-64.44  
836     	-66.97  
836.4   	-68.07  
836.8   	-68.32  
837.2   	-68     
837.6   	-67.34  
838     	-66.51  
838.4   	-65.54  
838.8   	-64.49  
839.2   	-63.49  
839.6   	-62.46  
840     	-61.16  
840.4   	-58.36  
840.8   	-53.98  
841.2   	-50.3   
841.6   	-37.07  
842     	39.69   
842.4   	35.42   
842.8   	19.46   
843.2   	2.143   
843.6   	-14.19  
844     	-30.5   
844.4   	-45.77  
844.8   	-56.88  
845.2   	-63.13  
845.6   	-66.21  
846     	-67.54  
846.4   	-67.96  
846.8   	-67.82  
847.2   	-67.41  
847.6   	-66.82  
848     	-66.16  
848.4   	-65.3   
848.8   	-64.27  
849.2   	-63.01  
849.6   	-60.95  
850     	-56.64  
850.4   	-52.9   
850.8   	-46.42  
851.2   	-3.13   
851.6   	40.65   
852     	28.91   
852.4   	12.17   
852.8   	-4.6    
853.2   	-20.41  
853.6   	-36.27  
854     	-49.74  
854.4   	-58.82  
854.8   	-63.82  
855.2   	-66.24  
855.6   	-67.08  
856     	-67.14  
856.4   	-66.72  
856.8   	-66.12  
857.2   	-65.23  
857.6   	-64.24  
858     	-63.19  
858.4   	-62.07  
858.8   	-60.85  
859.2   	-58.36  
859.6   	-52.46  
860     	-43.23  
860.4   	21.21   
860.8   	38.92   
861.2   	25.66   
861.6   	8.814   
862     	-7.537  
862.4   	-23.06  
862.8   	-38.48  
863.2   	-51.22  
863.6   	-59.62  
864     	-64.25  
864.4   	-66.52  
864.8   	-67.39  
865.2   	-67.55  
865.6   	-67.22  
866     	-66.6   
866.4   	-65.82  
866.8   	-64.85  
867.2   	-63.85  
867.6   	-62.71  
868     	-61.05  
868.4   	-58.28  
868.8   	-54.08  
869.2   	-47.67  
869.6   	-16.38  
870     	40.7    
870.4   	30.68   
870.8   	14.27   
871.2   	-2.493  
871.6   	-18.2   
872     	-34.03  
872.4   	-47.98  
872.8   	-57.71  
873.2   	-63.2   
873.6   	-65.99  
874     	-67.24  
874.4   	-67.52  
874.8   	-67.31  
875.2   	-66.8   
875.6   	-65.95  
876     	-64.9   
876.4   	-63.77  
876.8   	-62.49  
877.2   	-61.11  
877.6   	-59.53  
878     	-56.66  
878.4   	-50.9   
878.8   	-32.11  
879.2   	39.35   
879.6   	34.22   
880     	18.54   
880.4   	1.655   
880.8   	-14.17  
881.2   	-29.88  
881.6   	-44.61  
882     	-55.67  
882.4   	-62.12  
882.8   	-65.36  
883.2   	-66.9   
883.6   	-67.43  
884     	-67.19  
884.4   	-66.63  
884.8   	-65.75  
885.2   	-64.66  
885.6   	-63.53  
886     	-62.45  
886.4   	-61.33  
886.8   	-60.05  
887.2   	-57.9   
887.6   	-51.72  
888     	-32.5   
888.4   	39.25   
888.8   	34.22   
889.2   	18.62   
889.6   	1.774   
890     	-14.04  
890.4   	-29.68  
890.8   	-44.24  
891.2   	-55.16  
891.6   	-61.53  
892     	-64.79  
892.4   	-66.21  
892.8   	-66.65  
893.2   	-66.36  
893.6   	-65.77  
894     	-64.9   
894.4   	-63.83  
894.8   	-62.61  
895.2   	-61.36  
895.6   	-59.8   
896     	-57.22  
896.4   	-51.95  
896.8   	-39.01  
897.2   	33.55   
897.6   	36.29   
898     	21.73   
898.4   	4.977   
898.8   	-10.88  
899.2   	-26.32  
899.6   	-41.26  
900     	-53.04  
900.4   	-60.45  
900.8   	-64.46  
901.2   	-66.49  
901.6   	-67.32  
902     	-67.53  
902.4   	-67.35  
902.8   	-66.91  
903.2   	-66.15  
903.6   	-65.24  
904     	-64.31  
904.4   	-63.23  
904.8   	-62     
905.2   	-60.82  
905.6   	-59.42  
906     	-57.65  
906.4   	-53.71  
906.8   	-40.26  
907.2   	37.73   
907.6   	37.03   
908     	21.57   
908.4   	4.359   
908.8   	-11.92  
909.2   	-27.91  
909.6   	-43.31  
910     	-55.1   
910.4   	-62.03  
910.8   	-65.48  
911.2   	-67.07  
911.6   	-67.67  
912     	-67.5   
912.4   	-67.08  
912.8   	-66.5   
913.2   	-65.77  
913.6   	-64.9   
914     	-63.91  
914.4   	-62.85  
914.8   	-61.74  
915.2   	-60.57  
915.6   	-59.18  
916     	-57.36  
916.4   	-52.9   
916.8   	-46.59  
917.2   	1.157   
917.6   	41.11   
918     	28.51   
918.4   	11.59   
918.8   	-5.241  
919.2   	-21.16  
919.6   	-37.26  
920     	-50.82  
920.4   	-59.65  
920.8   	-64.32  
921.2   	-66.56  
921.6   	-67.41  
922     	-67.43  
922.4   	-67.02  
922.8   	-66.38  
923.2   	-65.61  
923.6   	-64.68  
924     	-63.66  
924.4   	-62.65  
924.8   	-61.57  
925.2   	-60.34  
925.6   	-58.91  
926     	-57.33  
926.4   	-53.6   
926.8   	-36.97  
927.2   	39      
927.6   	35.83   
928     	20.19   
928.4   	3.011   
928.8   	-13.26  
929.2   	-29.45  
929.6   	-44.76  
930     	-56.18  
930.4   	-62.77  
930.8   	-66.14  
931.2   	-67.66  
931.6   	-68.15  
932     	-68.06  
932.4   	-67.53  
932.8   	-66.66  
933.2   	-65.56  
933.6   	-64.41  
934     	-63.14  
934.4   	-61.67  
934.8   	-59.2   
935.2   	-53.43  
935.6   	-42.78  
936     	24.45   
936.4   	38.74   
936.8   	25.03   
937.2   	8.09    
937.6   	-8.311  
938     	-23.98  
938.4   	-39.49  
938.8   	-52.02  
939.2   	-59.92  
939.6   	-64.09  
940     	-65.91  
940.4   	-66.47  
940.8   	-66.54  
941.2   	-66.24  
941.6   	-65.57  
942     	-64.68  
942.4   	-63.63  
942.8   	-62.63  
943.2   	-61.64  
943.6   	-60.57  
944     	-59.27  
944.4   	-57.68  
944.8   	-54.91  
945.2   	-42.4   
945.6   	32.85   
946     	37.59   
946.4   	23.09   
946.8   	6.133   
947.2   	-9.994  
947.6   	-25.6   
948     	-40.74  
948.4   	-52.63  
948.8   	-60.03  
949.2   	-63.99  
949.6   	-65.9   
950     	-66.52  
950.4   	-66.52  
950.8   	-66.09  
951.2   	-65.45  
951.6   	-64.67  
952     	-63.83  
952.4   	-62.76  
952.8   	-61.59  
953.2   	-60.43  
953.6   	-59.01  
954     	-56.34  
954.4   	-49.46  
954.8   	-33.92  
955.2   	39.48   
955.6   	34.4    
956     	18.68   
956.4   	1.701   
956.8   	-14.2   
957.2   	-29.93  
957.6   	-44.53  
958     	-55.35  
958.4   	-61.76  
958.8   	-65.11  
959.2   	-66.5   
959.6   	-66.83  
960     	-66.62  
960.4   	-66.18  
960.8   	-65.56  
961.2   	-64.73  
961.6   	-63.85  
962     	-62.87  
962.4   	-61.56  
962.8   	-58.8   
963.2   	-55.05  
963.6   	-52.27  
964     	-46.4   
964.4   	-9.97   
964.8   	40.53   
965.2   	29.2    
965.6   	12.48   
966     	-4.278  
966.4   	-20.04  
966.8   	-35.94  
967.2   	-49.64  
967.6   	-58.91  
968     	-63.99  
968.4   	-66.48  
968.8   	-67.5   
969.2   	-67.67  
969.6   	-67.29  
970     	-66.77  
970.4   	-66.08  
970.8   	-65.33  
971.2   	-64.49  
971.6   	-63.46  
972     	-62.44  
972.4   	-61.39  
972.8   	-60.29  
973.2   	-58.73  
973.6   	-54.16  
974     	-39.22  
974.4   	37.8    
974.8   	36.88   
975.2   	21.35   
975.6   	4.031   
976     	-12.41  
976.4   	-28.72  
976.8   	-44.37  
977.2   	-56.14  
977.6   	-62.96  
978     	-66.41  
978.4   	-67.99  
978.8   	-68.42  
979.2   	-68.18  
979.6   	-67.64  
980     	-66.94  
980.4   	-66.07  
980.8   	-65.04  
981.2   	-64.03  
981.6   	-63.01  
982     	-61.98  
982.4   	-60.77  
982.8   	-58.06  
983.2   	-50.2   
983.6   	-27.16  
984     	40.81   
984.4   	33.26   
984.8   	17.22   
985.2   	0.2095  
985.6   	-15.82  
986     	-31.81  
986.4   	-46.43  
986.8   	-57.16  
987.2   	-63.36  
987.6   	-66.41  
988     	-67.71  
988.4   	-67.94  
988.8   	-67.62  
989.2   	-66.95  
989.6   	-66.13  
990     	-65.21  
990.4   	-64.26  
990.8   	-63.25  
991.2   	-62.06  
991.6   	-60.81  
992     	-59.52  
992.4   	-58.08  
992.8   	-55.46  
993.2   	-46.79  
993.6   	-5.824  
994     	41.1    
994.4   	29.54   
994.8   	12.83   
995.2   	-3.991  
995.6   	-19.8   
996     	-35.62  
996.4   	-49.2   
996.8   	-58.42  
997.2   	-63.5   
997.6   	-65.89  
998     	-66.84  
998.4   	-67.01  
998.8   	-66.68  
999.2   	-66.09  
999.6   	-65.28  
