
SWEPT_VAR_1 = 25.0    // Syn: Source PP \ NetStim \ PARAMETER \ interval (ms)

t	s.v( 0.05 )
ms	mV
0       	-64.65  
0.4     	-65.51  
0.8     	-66.35  
1.2     	-67.15  
1.6     	-67.92  
2       	-68.66  
2.4     	-69.15  
2.8     	-68.68  
3.2     	-67.34  
3.6     	-65.56  
4       	-63.33  
4.4     	-60.41  
4.8     	-55.6   
5.2     	-45.93  
5.6     	22.23   
6       	42.18   
6.4     	28.1    
6.8     	10.88   
7.2     	-6.053  
7.6     	-22.02  
8       	-37.91  
8.4     	-50.72  
8.8     	-58.47  
9.2     	-62.1   
9.6     	-63.4   
10      	-63.26  
10.4    	-62.41  
10.8    	-61.04  
11.2    	-59.5   
11.6    	-57.67  
12      	-55.52  
12.4    	-51.63  
12.8    	-39.73  
13.2    	26.37   
13.6    	32.44   
14      	18.77   
14.4    	2.953   
14.8    	-11.44  
15.2    	-24.87  
15.6    	-37.08  
16      	-46.05  
16.4    	-51.86  
16.8    	-54.9   
17.2    	-56.05  
17.6    	-55.97  
18      	-55.24  
18.4    	-54.12  
18.8    	-52.43  
19.2    	-50     
19.6    	-46.33  
20      	-36.79  
20.4    	11.74   
20.8    	22.35   
21.2    	12      
21.6    	-0.7245 
22      	-12.04  
22.4    	-22.46  
22.8    	-31.83  
23.2    	-38.57  
23.6    	-42.69  
24      	-44.93  
24.4    	-45.89  
24.8    	-45.81  
25.2    	-44.93  
25.6    	-43.23  
26      	-40.6   
26.4    	-36.36  
26.8    	-28.66  
27.2    	-17.8   
27.6    	-10.41  
28      	-9.098  
28.4    	-11.93  
28.8    	-16.43  
29.2    	-21.44  
29.6    	-26.35  
30      	-30.38  
30.4    	-33.07  
30.8    	-34.44  
31.2    	-34.79  
31.6    	-34.42  
32      	-33.49  
32.4    	-32.21  
32.8    	-30.49  
33.2    	-28.69  
33.6    	-26.94  
34      	-25.23  
34.4    	-23.74  
34.8    	-23.01  
35.2    	-23.26  
35.6    	-24.2   
36      	-25.45  
36.4    	-26.64  
36.8    	-27.54  
37.2    	-27.97  
37.6    	-28.09  
38      	-27.93  
38.4    	-27.57  
38.8    	-27.04  
39.2    	-26.51  
39.6    	-26.06  
40      	-25.64  
40.4    	-25.28  
40.8    	-24.88  
41.2    	-24.63  
41.6    	-24.5   
42      	-24.38  
42.4    	-24.28  
42.8    	-24.22  
43.2    	-24.27  
43.6    	-24.36  
44      	-24.49  
44.4    	-24.57  
44.8    	-24.58  
45.2    	-24.64  
45.6    	-24.66  
46      	-24.55  
46.4    	-24.42  
46.8    	-24.24  
47.2    	-24.02  
47.6    	-23.81  
48      	-23.64  
48.4    	-23.47  
48.8    	-23.31  
49.2    	-23.16  
49.6    	-22.94  
50      	-22.71  
50.4    	-22.61  
50.8    	-22.61  
51.2    	-22.61  
51.6    	-22.64  
52      	-22.68  
52.4    	-22.73  
52.8    	-22.74  
53.2    	-22.73  
53.6    	-22.65  
54      	-22.53  
54.4    	-22.43  
54.8    	-22.42  
55.2    	-22.39  
55.6    	-22.32  
56      	-22.26  
56.4    	-22.14  
56.8    	-22.04  
57.2    	-21.95  
57.6    	-21.91  
58      	-21.92  
58.4    	-21.94  
58.8    	-22.02  
59.2    	-22.12  
59.6    	-22.19  
60      	-22.17  
60.4    	-22.1   
60.8    	-22.05  
61.2    	-22     
61.6    	-22     
62      	-21.95  
62.4    	-21.94  
62.8    	-21.9   
63.2    	-21.87  
63.6    	-21.86  
64      	-21.87  
64.4    	-21.88  
64.8    	-21.92  
65.2    	-22.04  
65.6    	-22.18  
66      	-22.29  
66.4    	-22.34  
66.8    	-22.43  
67.2    	-22.5   
67.6    	-22.55  
68      	-22.58  
68.4    	-22.6   
68.8    	-22.59  
69.2    	-22.61  
69.6    	-22.63  
70      	-22.7   
70.4    	-22.71  
70.8    	-22.69  
71.2    	-22.71  
71.6    	-22.74  
72      	-22.74  
72.4    	-22.71  
72.8    	-22.66  
73.2    	-22.66  
73.6    	-22.7   
74      	-22.7   
74.4    	-22.63  
74.8    	-22.57  
75.2    	-22.48  
75.6    	-22.43  
76      	-22.4   
76.4    	-22.34  
76.8    	-22.28  
77.2    	-22.22  
77.6    	-22.2   
78      	-22.24  
78.4    	-22.26  
78.8    	-22.22  
79.2    	-22.12  
79.6    	-22.08  
80      	-21.98  
80.4    	-21.86  
80.8    	-21.83  
81.2    	-21.8   
81.6    	-21.86  
82      	-21.95  
82.4    	-22.11  
82.8    	-22.26  
83.2    	-22.33  
83.6    	-22.37  
84      	-22.43  
84.4    	-22.45  
84.8    	-22.42  
85.2    	-22.34  
85.6    	-22.29  
86      	-22.25  
86.4    	-22.22  
86.8    	-22.19  
87.2    	-22.15  
87.6    	-22.11  
88      	-22.07  
88.4    	-22.12  
88.8    	-22.2   
89.2    	-22.28  
89.6    	-22.28  
90      	-22.2   
90.4    	-22.14  
90.8    	-22.1   
91.2    	-22.05  
91.6    	-22.01  
92      	-21.96  
92.4    	-21.91  
92.8    	-21.84  
93.2    	-21.76  
93.6    	-21.74  
94      	-21.65  
94.4    	-21.53  
94.8    	-21.38  
95.2    	-21.29  
95.6    	-21.25  
96      	-21.28  
96.4    	-21.29  
96.8    	-21.31  
97.2    	-21.36  
97.6    	-21.44  
98      	-21.53  
98.4    	-21.65  
98.8    	-21.75  
99.2    	-21.89  
99.6    	-21.92  
100     	-21.91  
100.4   	-21.96  
100.8   	-22.06  
101.2   	-22.18  
101.6   	-22.27  
102     	-22.33  
102.4   	-22.39  
102.8   	-22.42  
103.2   	-22.47  
103.6   	-22.56  
104     	-22.62  
104.4   	-22.64  
104.8   	-22.66  
105.2   	-22.74  
105.6   	-22.82  
106     	-22.84  
106.4   	-22.77  
106.8   	-22.62  
107.2   	-22.47  
107.6   	-22.36  
108     	-22.27  
108.4   	-22.19  
108.8   	-22.09  
109.2   	-22.02  
109.6   	-21.99  
110     	-21.97  
110.4   	-22.04  
110.8   	-22.1   
111.2   	-22.18  
111.6   	-22.27  
112     	-22.35  
112.4   	-22.39  
112.8   	-22.41  
113.2   	-22.38  
113.6   	-22.32  
114     	-22.26  
114.4   	-22.21  
114.8   	-22.19  
115.2   	-22.12  
115.6   	-22.05  
116     	-22.03  
116.4   	-22.03  
116.8   	-22.04  
117.2   	-22.03  
117.6   	-21.97  
118     	-21.95  
118.4   	-21.97  
118.8   	-21.98  
119.2   	-22.02  
119.6   	-22.12  
120     	-22.26  
120.4   	-22.46  
120.8   	-22.6   
121.2   	-22.67  
121.6   	-22.8   
122     	-22.85  
122.4   	-22.82  
122.8   	-22.75  
123.2   	-22.65  
123.6   	-22.6   
124     	-22.49  
124.4   	-22.42  
124.8   	-22.26  
125.2   	-22.17  
125.6   	-22.17  
126     	-22.1   
126.4   	-22     
126.8   	-21.93  
127.2   	-21.94  
127.6   	-22     
128     	-22.06  
128.4   	-21.99  
128.8   	-21.93  
129.2   	-21.86  
129.6   	-21.84  
130     	-21.83  
130.4   	-21.8   
130.8   	-21.79  
131.2   	-21.79  
131.6   	-21.75  
132     	-21.77  
132.4   	-21.76  
132.8   	-21.79  
133.2   	-21.78  
133.6   	-21.77  
134     	-21.75  
134.4   	-21.71  
134.8   	-21.67  
135.2   	-21.7   
135.6   	-21.8   
136     	-21.88  
136.4   	-21.94  
136.8   	-21.99  
137.2   	-21.99  
137.6   	-21.95  
138     	-21.92  
138.4   	-21.92  
138.8   	-21.9   
139.2   	-21.91  
139.6   	-21.98  
140     	-22.07  
140.4   	-22.06  
140.8   	-22.07  
141.2   	-22.08  
141.6   	-22.09  
142     	-22     
142.4   	-21.94  
142.8   	-21.91  
143.2   	-21.96  
143.6   	-22     
144     	-22.05  
144.4   	-22.13  
144.8   	-22.22  
145.2   	-22.32  
145.6   	-22.39  
146     	-22.4   
146.4   	-22.37  
146.8   	-22.36  
147.2   	-22.38  
147.6   	-22.3   
148     	-22.2   
148.4   	-22.17  
148.8   	-22.22  
149.2   	-22.28  
149.6   	-22.35  
150     	-22.45  
150.4   	-22.48  
150.8   	-22.51  
151.2   	-22.57  
151.6   	-22.65  
152     	-22.62  
152.4   	-22.53  
152.8   	-22.42  
153.2   	-22.36  
153.6   	-22.38  
154     	-22.38  
154.4   	-22.41  
154.8   	-22.43  
155.2   	-22.38  
155.6   	-22.29  
156     	-22.2   
156.4   	-22.13  
156.8   	-22.05  
157.2   	-21.91  
157.6   	-21.89  
158     	-21.9   
158.4   	-21.94  
158.8   	-21.92  
159.2   	-21.92  
159.6   	-21.91  
160     	-21.9   
160.4   	-21.87  
160.8   	-21.87  
161.2   	-21.87  
161.6   	-21.9   
162     	-21.98  
162.4   	-22.05  
162.8   	-22.15  
163.2   	-22.25  
163.6   	-22.34  
164     	-22.46  
164.4   	-22.58  
164.8   	-22.66  
165.2   	-22.62  
165.6   	-22.56  
166     	-22.51  
166.4   	-22.46  
166.8   	-22.39  
167.2   	-22.35  
167.6   	-22.26  
168     	-22.22  
168.4   	-22.2   
168.8   	-22.2   
169.2   	-22.26  
169.6   	-22.32  
170     	-22.36  
170.4   	-22.35  
170.8   	-22.31  
171.2   	-22.33  
171.6   	-22.32  
172     	-22.27  
172.4   	-22.24  
172.8   	-22.23  
173.2   	-22.24  
173.6   	-22.18  
174     	-22.18  
174.4   	-22.28  
174.8   	-22.34  
175.2   	-22.3   
175.6   	-22.29  
176     	-22.35  
176.4   	-22.35  
176.8   	-22.28  
177.2   	-22.17  
177.6   	-22.07  
178     	-21.99  
178.4   	-21.93  
178.8   	-21.97  
179.2   	-22.05  
179.6   	-22.19  
180     	-22.29  
180.4   	-22.38  
180.8   	-22.5   
181.2   	-22.59  
181.6   	-22.54  
182     	-22.51  
182.4   	-22.42  
182.8   	-22.35  
183.2   	-22.37  
183.6   	-22.46  
184     	-22.51  
184.4   	-22.6   
184.8   	-22.72  
185.2   	-22.82  
185.6   	-22.89  
186     	-22.98  
186.4   	-23.01  
186.8   	-22.94  
187.2   	-22.83  
187.6   	-22.83  
188     	-22.81  
188.4   	-22.77  
188.8   	-22.75  
189.2   	-22.71  
189.6   	-22.66  
190     	-22.61  
190.4   	-22.66  
190.8   	-22.75  
191.2   	-22.82  
191.6   	-22.74  
192     	-22.6   
192.4   	-22.45  
192.8   	-22.36  
193.2   	-22.31  
193.6   	-22.28  
194     	-22.2   
194.4   	-22.17  
194.8   	-22.15  
195.2   	-22.13  
195.6   	-22.09  
196     	-22.07  
196.4   	-22.06  
196.8   	-22     
197.2   	-21.91  
197.6   	-21.82  
198     	-21.78  
198.4   	-21.75  
198.8   	-21.7   
199.2   	-21.6   
199.6   	-21.57  
200     	-21.59  
200.4   	-21.63  
200.8   	-21.58  
201.2   	-21.59  
201.6   	-21.57  
202     	-21.6   
202.4   	-21.67  
202.8   	-21.8   
203.2   	-21.93  
203.6   	-21.95  
204     	-21.94  
204.4   	-21.91  
204.8   	-21.88  
205.2   	-21.9   
205.6   	-21.96  
206     	-22.02  
206.4   	-22.07  
206.8   	-22.09  
207.2   	-22.09  
207.6   	-22.07  
208     	-22.07  
208.4   	-22.1   
208.8   	-22.15  
209.2   	-22.22  
209.6   	-22.3   
210     	-22.36  
210.4   	-22.41  
210.8   	-22.5   
211.2   	-22.61  
211.6   	-22.7   
212     	-22.75  
212.4   	-22.83  
212.8   	-22.89  
213.2   	-22.93  
213.6   	-22.94  
214     	-22.93  
214.4   	-22.9   
214.8   	-22.88  
215.2   	-22.86  
215.6   	-22.83  
216     	-22.83  
216.4   	-22.85  
216.8   	-22.92  
217.2   	-22.97  
217.6   	-22.95  
218     	-22.93  
218.4   	-22.9   
218.8   	-22.82  
219.2   	-22.7   
219.6   	-22.54  
220     	-22.36  
220.4   	-22.22  
220.8   	-22.12  
221.2   	-22.05  
221.6   	-21.94  
222     	-21.95  
222.4   	-21.95  
222.8   	-21.93  
223.2   	-21.89  
223.6   	-21.88  
224     	-21.88  
224.4   	-21.92  
224.8   	-21.91  
225.2   	-21.87  
225.6   	-21.87  
226     	-21.84  
226.4   	-21.78  
226.8   	-21.73  
227.2   	-21.68  
227.6   	-21.66  
228     	-21.63  
228.4   	-21.62  
228.8   	-21.6   
229.2   	-21.62  
229.6   	-21.65  
230     	-21.72  
230.4   	-21.78  
230.8   	-21.81  
231.2   	-21.84  
231.6   	-21.91  
232     	-21.98  
232.4   	-21.97  
232.8   	-21.89  
233.2   	-21.83  
233.6   	-21.79  
234     	-21.75  
234.4   	-21.76  
234.8   	-21.76  
235.2   	-21.71  
235.6   	-21.69  
236     	-21.7   
236.4   	-21.7   
236.8   	-21.79  
237.2   	-21.9   
237.6   	-21.99  
238     	-22.15  
238.4   	-22.25  
238.8   	-22.31  
239.2   	-22.33  
239.6   	-22.33  
240     	-22.38  
240.4   	-22.36  
240.8   	-22.34  
241.2   	-22.31  
241.6   	-22.31  
242     	-22.37  
242.4   	-22.46  
242.8   	-22.51  
243.2   	-22.55  
243.6   	-22.51  
244     	-22.45  
244.4   	-22.32  
244.8   	-22.2   
245.2   	-22.11  
245.6   	-22.02  
246     	-21.96  
246.4   	-21.93  
246.8   	-21.89  
247.2   	-21.88  
247.6   	-21.88  
248     	-21.89  
248.4   	-21.93  
248.8   	-21.95  
249.2   	-21.92  
249.6   	-21.88  
250     	-21.9   
250.4   	-21.89  
250.8   	-21.86  
251.2   	-21.81  
251.6   	-21.74  
252     	-21.7   
252.4   	-21.65  
252.8   	-21.62  
253.2   	-21.6   
253.6   	-21.61  
254     	-21.6   
254.4   	-21.61  
254.8   	-21.67  
255.2   	-21.81  
255.6   	-21.89  
256     	-21.96  
256.4   	-22     
256.8   	-22.02  
257.2   	-22.05  
257.6   	-22.12  
258     	-22.24  
258.4   	-22.28  
258.8   	-22.28  
259.2   	-22.26  
259.6   	-22.26  
260     	-22.18  
260.4   	-22.13  
260.8   	-22.18  
261.2   	-22.23  
261.6   	-22.18  
262     	-22.11  
262.4   	-22.08  
262.8   	-22.14  
263.2   	-22.14  
263.6   	-22.12  
264     	-22.13  
264.4   	-22.1   
264.8   	-22.09  
265.2   	-22.06  
265.6   	-22.02  
266     	-22.02  
266.4   	-22.04  
266.8   	-22.11  
267.2   	-22.19  
267.6   	-22.29  
268     	-22.37  
268.4   	-22.41  
268.8   	-22.42  
269.2   	-22.44  
269.6   	-22.44  
270     	-22.46  
270.4   	-22.41  
270.8   	-22.35  
271.2   	-22.24  
271.6   	-22.1   
272     	-22.06  
272.4   	-22.07  
272.8   	-22.11  
273.2   	-22.06  
273.6   	-21.97  
274     	-21.9   
274.4   	-21.84  
274.8   	-21.86  
275.2   	-21.95  
275.6   	-22.03  
276     	-22.01  
276.4   	-22     
276.8   	-22.08  
277.2   	-22.19  
277.6   	-22.28  
278     	-22.38  
278.4   	-22.51  
278.8   	-22.6   
279.2   	-22.72  
279.6   	-22.82  
280     	-22.85  
280.4   	-22.83  
280.8   	-22.85  
281.2   	-22.85  
281.6   	-22.82  
282     	-22.81  
282.4   	-22.78  
282.8   	-22.73  
283.2   	-22.7   
283.6   	-22.77  
284     	-22.81  
284.4   	-22.77  
284.8   	-22.75  
285.2   	-22.61  
285.6   	-22.57  
286     	-22.53  
286.4   	-22.54  
286.8   	-22.5   
287.2   	-22.47  
287.6   	-22.46  
288     	-22.43  
288.4   	-22.42  
288.8   	-22.45  
289.2   	-22.48  
289.6   	-22.5   
290     	-22.53  
290.4   	-22.56  
290.8   	-22.62  
291.2   	-22.64  
291.6   	-22.64  
292     	-22.58  
292.4   	-22.54  
292.8   	-22.47  
293.2   	-22.44  
293.6   	-22.36  
294     	-22.27  
294.4   	-22.22  
294.8   	-22.2   
295.2   	-22.19  
295.6   	-22.16  
296     	-22.13  
296.4   	-22.11  
296.8   	-22.11  
297.2   	-22.08  
297.6   	-22.01  
298     	-21.88  
298.4   	-21.76  
298.8   	-21.63  
299.2   	-21.58  
299.6   	-21.53  
300     	-21.51  
300.4   	-21.58  
300.8   	-21.59  
301.2   	-21.6   
301.6   	-21.65  
302     	-21.77  
302.4   	-21.98  
302.8   	-22.15  
303.2   	-22.29  
303.6   	-22.34  
304     	-22.4   
304.4   	-22.46  
304.8   	-22.49  
305.2   	-22.53  
305.6   	-22.5   
306     	-22.49  
306.4   	-22.46  
306.8   	-22.45  
307.2   	-22.5   
307.6   	-22.46  
308     	-22.38  
308.4   	-22.31  
308.8   	-22.22  
309.2   	-22.13  
309.6   	-22.1   
310     	-22.11  
310.4   	-22.08  
310.8   	-22.01  
311.2   	-21.95  
311.6   	-21.89  
312     	-21.88  
312.4   	-21.83  
312.8   	-21.77  
313.2   	-21.76  
313.6   	-21.79  
314     	-21.81  
314.4   	-21.75  
314.8   	-21.67  
315.2   	-21.63  
315.6   	-21.58  
316     	-21.51  
316.4   	-21.48  
316.8   	-21.43  
317.2   	-21.42  
317.6   	-21.41  
318     	-21.41  
318.4   	-21.43  
318.8   	-21.48  
319.2   	-21.54  
319.6   	-21.54  
320     	-21.59  
320.4   	-21.67  
320.8   	-21.75  
321.2   	-21.84  
321.6   	-21.95  
322     	-21.98  
322.4   	-21.96  
322.8   	-21.95  
323.2   	-21.94  
323.6   	-21.98  
324     	-22     
324.4   	-22.01  
324.8   	-22     
325.2   	-22.02  
325.6   	-22     
326     	-21.93  
326.4   	-21.86  
326.8   	-21.8   
327.2   	-21.75  
327.6   	-21.72  
328     	-21.77  
328.4   	-21.77  
328.8   	-21.78  
329.2   	-21.75  
329.6   	-21.72  
330     	-21.72  
330.4   	-21.72  
330.8   	-21.76  
331.2   	-21.74  
331.6   	-21.71  
332     	-21.63  
332.4   	-21.57  
332.8   	-21.52  
333.2   	-21.5   
333.6   	-21.5   
334     	-21.51  
334.4   	-21.48  
334.8   	-21.54  
335.2   	-21.61  
335.6   	-21.67  
336     	-21.69  
336.4   	-21.74  
336.8   	-21.82  
337.2   	-21.89  
337.6   	-21.9   
338     	-21.84  
338.4   	-21.82  
338.8   	-21.82  
339.2   	-21.84  
339.6   	-21.82  
340     	-21.85  
340.4   	-21.88  
340.8   	-21.86  
341.2   	-21.86  
341.6   	-21.87  
342     	-21.88  
342.4   	-21.88  
342.8   	-21.9   
343.2   	-21.94  
343.6   	-22.05  
344     	-22.21  
344.4   	-22.36  
344.8   	-22.46  
345.2   	-22.49  
345.6   	-22.47  
346     	-22.45  
346.4   	-22.47  
346.8   	-22.5   
347.2   	-22.51  
347.6   	-22.47  
348     	-22.38  
348.4   	-22.23  
348.8   	-22.09  
349.2   	-22.01  
349.6   	-22.04  
350     	-22.14  
350.4   	-22.24  
350.8   	-22.3   
351.2   	-22.27  
351.6   	-22.26  
352     	-22.21  
352.4   	-22.21  
352.8   	-22.29  
353.2   	-22.36  
353.6   	-22.35  
354     	-22.35  
354.4   	-22.37  
354.8   	-22.32  
355.2   	-22.24  
355.6   	-22.09  
356     	-21.99  
356.4   	-21.93  
356.8   	-21.88  
357.2   	-21.88  
357.6   	-21.85  
358     	-21.8   
358.4   	-21.75  
358.8   	-21.68  
359.2   	-21.64  
359.6   	-21.65  
360     	-21.72  
360.4   	-21.78  
360.8   	-21.8   
361.2   	-21.86  
361.6   	-21.92  
362     	-22.01  
362.4   	-22.11  
362.8   	-22.22  
363.2   	-22.28  
363.6   	-22.36  
364     	-22.46  
364.4   	-22.6   
364.8   	-22.71  
365.2   	-22.82  
365.6   	-22.93  
366     	-23.03  
366.4   	-23.1   
366.8   	-23.16  
367.2   	-23.16  
367.6   	-23.08  
368     	-22.99  
368.4   	-22.86  
368.8   	-22.76  
369.2   	-22.71  
369.6   	-22.7   
370     	-22.76  
370.4   	-22.83  
370.8   	-22.88  
371.2   	-22.9   
371.6   	-22.9   
372     	-22.89  
372.4   	-22.87  
372.8   	-22.8   
373.2   	-22.69  
373.6   	-22.64  
374     	-22.63  
374.4   	-22.57  
374.8   	-22.57  
375.2   	-22.56  
375.6   	-22.56  
376     	-22.61  
376.4   	-22.74  
376.8   	-22.71  
377.2   	-22.69  
377.6   	-22.66  
378     	-22.62  
378.4   	-22.6   
378.8   	-22.56  
379.2   	-22.4   
379.6   	-22.34  
380     	-22.33  
380.4   	-22.32  
380.8   	-22.35  
381.2   	-22.33  
381.6   	-22.34  
382     	-22.33  
382.4   	-22.32  
382.8   	-22.32  
383.2   	-22.33  
383.6   	-22.37  
384     	-22.41  
384.4   	-22.38  
384.8   	-22.38  
385.2   	-22.31  
385.6   	-22.25  
386     	-22.18  
386.4   	-22.07  
386.8   	-22.01  
387.2   	-21.98  
387.6   	-21.99  
388     	-21.99  
388.4   	-22.02  
388.8   	-22.05  
389.2   	-22.02  
389.6   	-21.96  
390     	-21.97  
390.4   	-21.99  
390.8   	-21.93  
391.2   	-21.91  
391.6   	-21.9   
392     	-21.91  
392.4   	-21.87  
392.8   	-21.83  
393.2   	-21.78  
393.6   	-21.74  
394     	-21.74  
394.4   	-21.78  
394.8   	-21.81  
395.2   	-21.83  
395.6   	-21.84  
396     	-21.86  
396.4   	-21.87  
396.8   	-21.84  
397.2   	-21.81  
397.6   	-21.82  
398     	-21.82  
398.4   	-21.86  
398.8   	-21.88  
399.2   	-21.94  
399.6   	-22.04  
400     	-22.05  
400.4   	-22.04  
400.8   	-22.02  
401.2   	-22.05  
401.6   	-22.07  
402     	-22.12  
402.4   	-22.18  
402.8   	-22.18  
403.2   	-22.23  
403.6   	-22.27  
404     	-22.37  
404.4   	-22.4   
404.8   	-22.33  
405.2   	-22.2   
405.6   	-22.09  
406     	-22.05  
406.4   	-22     
406.8   	-21.96  
407.2   	-21.89  
407.6   	-21.86  
408     	-21.89  
408.4   	-21.93  
408.8   	-21.97  
409.2   	-22.01  
409.6   	-21.99  
410     	-21.96  
410.4   	-21.94  
410.8   	-21.95  
411.2   	-21.88  
411.6   	-21.85  
412     	-21.84  
412.4   	-21.89  
412.8   	-21.99  
413.2   	-22.08  
413.6   	-22.15  
414     	-22.25  
414.4   	-22.33  
414.8   	-22.39  
415.2   	-22.44  
415.6   	-22.44  
416     	-22.41  
416.4   	-22.38  
416.8   	-22.3   
417.2   	-22.28  
417.6   	-22.27  
418     	-22.35  
418.4   	-22.5   
418.8   	-22.61  
419.2   	-22.67  
419.6   	-22.69  
420     	-22.65  
420.4   	-22.62  
420.8   	-22.62  
421.2   	-22.61  
421.6   	-22.54  
422     	-22.44  
422.4   	-22.39  
422.8   	-22.29  
423.2   	-22.24  
423.6   	-22.2   
424     	-22.17  
424.4   	-22.16  
424.8   	-22.19  
425.2   	-22.16  
425.6   	-22.17  
426     	-22.15  
426.4   	-22.15  
426.8   	-22.15  
427.2   	-22.09  
427.6   	-22.06  
428     	-22.03  
428.4   	-21.96  
428.8   	-21.95  
429.2   	-21.97  
429.6   	-21.98  
430     	-22     
430.4   	-22     
430.8   	-22.05  
431.2   	-22.07  
431.6   	-22.16  
432     	-22.27  
432.4   	-22.3   
432.8   	-22.21  
433.2   	-22.18  
433.6   	-22.19  
434     	-22.2   
434.4   	-22.17  
434.8   	-22.15  
435.2   	-22.13  
435.6   	-22.13  
436     	-22.11  
436.4   	-22.08  
436.8   	-22.14  
437.2   	-22.19  
437.6   	-22.22  
438     	-22.2   
438.4   	-22.09  
438.8   	-21.96  
439.2   	-21.91  
439.6   	-21.88  
440     	-21.88  
440.4   	-21.89  
440.8   	-21.9   
441.2   	-21.96  
441.6   	-22.02  
442     	-22.06  
442.4   	-22.07  
442.8   	-22.07  
443.2   	-22.09  
443.6   	-22.08  
444     	-22.03  
444.4   	-22.01  
444.8   	-22.1   
445.2   	-22.18  
445.6   	-22.17  
446     	-22.23  
446.4   	-22.33  
446.8   	-22.38  
447.2   	-22.34  
447.6   	-22.31  
448     	-22.26  
448.4   	-22.23  
448.8   	-22.21  
449.2   	-22.17  
449.6   	-22.1   
450     	-22     
450.4   	-21.85  
450.8   	-21.74  
451.2   	-21.62  
451.6   	-21.51  
452     	-21.41  
452.4   	-21.43  
452.8   	-21.52  
453.2   	-21.62  
453.6   	-21.79  
454     	-21.94  
454.4   	-22.08  
454.8   	-22.15  
455.2   	-22.26  
455.6   	-22.37  
456     	-22.39  
456.4   	-22.34  
456.8   	-22.34  
457.2   	-22.32  
457.6   	-22.27  
458     	-22.22  
458.4   	-22.17  
458.8   	-22.14  
459.2   	-22.2   
459.6   	-22.21  
460     	-22.24  
460.4   	-22.26  
460.8   	-22.21  
461.2   	-22.15  
461.6   	-22.03  
462     	-21.92  
462.4   	-21.8   
462.8   	-21.65  
463.2   	-21.59  
463.6   	-21.6   
464     	-21.65  
464.4   	-21.73  
464.8   	-21.78  
465.2   	-21.84  
465.6   	-21.9   
466     	-21.93  
466.4   	-21.97  
466.8   	-21.99  
467.2   	-22.04  
467.6   	-22.07  
468     	-22.06  
468.4   	-22.03  
468.8   	-21.99  
469.2   	-22     
469.6   	-22.04  
470     	-22.1   
470.4   	-22.16  
470.8   	-22.18  
471.2   	-22.25  
471.6   	-22.31  
472     	-22.39  
472.4   	-22.46  
472.8   	-22.6   
473.2   	-22.72  
473.6   	-22.75  
474     	-22.73  
474.4   	-22.7   
474.8   	-22.67  
475.2   	-22.6   
475.6   	-22.59  
476     	-22.61  
476.4   	-22.61  
476.8   	-22.6   
477.2   	-22.56  
477.6   	-22.5   
478     	-22.47  
478.4   	-22.48  
478.8   	-22.51  
479.2   	-22.5   
479.6   	-22.5   
480     	-22.44  
480.4   	-22.38  
480.8   	-22.29  
481.2   	-22.19  
481.6   	-22.11  
482     	-22.13  
482.4   	-22.15  
482.8   	-22.18  
483.2   	-22.23  
483.6   	-22.32  
484     	-22.4   
484.4   	-22.47  
484.8   	-22.53  
485.2   	-22.55  
485.6   	-22.52  
486     	-22.51  
486.4   	-22.46  
486.8   	-22.37  
487.2   	-22.37  
487.6   	-22.38  
488     	-22.37  
488.4   	-22.41  
488.8   	-22.52  
489.2   	-22.57  
489.6   	-22.56  
490     	-22.58  
490.4   	-22.62  
490.8   	-22.64  
491.2   	-22.65  
491.6   	-22.66  
492     	-22.72  
492.4   	-22.73  
492.8   	-22.7   
493.2   	-22.63  
493.6   	-22.59  
494     	-22.59  
494.4   	-22.52  
494.8   	-22.43  
495.2   	-22.34  
495.6   	-22.35  
496     	-22.4   
496.4   	-22.38  
496.8   	-22.3   
497.2   	-22.2   
497.6   	-22.2   
498     	-22.27  
498.4   	-22.38  
498.8   	-22.44  
499.2   	-22.48  
499.6   	-22.5   
500     	-22.56  
500.4   	-22.6   
500.8   	-22.6   
501.2   	-22.6   
501.6   	-22.52  
502     	-22.49  
502.4   	-22.46  
502.8   	-22.48  
503.2   	-22.51  
503.6   	-22.6   
504     	-22.69  
504.4   	-22.7   
504.8   	-22.71  
505.2   	-22.69  
505.6   	-22.72  
506     	-22.68  
506.4   	-22.61  
506.8   	-22.53  
507.2   	-22.49  
507.6   	-22.44  
508     	-22.43  
508.4   	-22.38  
508.8   	-22.37  
509.2   	-22.37  
509.6   	-22.34  
510     	-22.31  
510.4   	-22.25  
510.8   	-22.2   
511.2   	-22.2   
511.6   	-22.21  
512     	-22.21  
512.4   	-22.25  
512.8   	-22.32  
513.2   	-22.42  
513.6   	-22.44  
514     	-22.51  
514.4   	-22.55  
514.8   	-22.51  
515.2   	-22.49  
515.6   	-22.52  
516     	-22.56  
516.4   	-22.61  
516.8   	-22.62  
517.2   	-22.57  
517.6   	-22.54  
518     	-22.55  
518.4   	-22.46  
518.8   	-22.37  
519.2   	-22.19  
519.6   	-21.91  
520     	-21.73  
520.4   	-21.66  
520.8   	-21.58  
521.2   	-21.55  
521.6   	-21.56  
522     	-21.56  
522.4   	-21.57  
522.8   	-21.55  
523.2   	-21.56  
523.6   	-21.6   
524     	-21.65  
524.4   	-21.69  
524.8   	-21.76  
525.2   	-21.84  
525.6   	-21.91  
526     	-21.91  
526.4   	-21.92  
526.8   	-21.95  
527.2   	-21.98  
527.6   	-21.97  
528     	-21.99  
528.4   	-21.98  
528.8   	-21.91  
529.2   	-21.89  
529.6   	-21.88  
530     	-21.86  
530.4   	-21.94  
530.8   	-21.99  
531.2   	-22.01  
531.6   	-21.96  
532     	-21.92  
532.4   	-21.91  
532.8   	-21.91  
533.2   	-21.84  
533.6   	-21.8   
534     	-21.78  
534.4   	-21.78  
534.8   	-21.79  
535.2   	-21.77  
535.6   	-21.71  
536     	-21.7   
536.4   	-21.71  
536.8   	-21.68  
537.2   	-21.67  
537.6   	-21.67  
538     	-21.69  
538.4   	-21.62  
538.8   	-21.63  
539.2   	-21.64  
539.6   	-21.64  
540     	-21.7   
540.4   	-21.77  
540.8   	-21.9   
541.2   	-22.06  
541.6   	-22.2   
542     	-22.35  
542.4   	-22.45  
542.8   	-22.54  
543.2   	-22.61  
543.6   	-22.72  
544     	-22.84  
544.4   	-22.9   
544.8   	-22.93  
545.2   	-22.89  
545.6   	-22.84  
546     	-22.82  
546.4   	-22.81  
546.8   	-22.77  
547.2   	-22.78  
547.6   	-22.84  
548     	-22.86  
548.4   	-22.85  
548.8   	-22.78  
549.2   	-22.71  
549.6   	-22.64  
550     	-22.57  
550.4   	-22.57  
550.8   	-22.53  
551.2   	-22.47  
551.6   	-22.39  
552     	-22.38  
552.4   	-22.37  
552.8   	-22.3   
553.2   	-22.19  
553.6   	-22.08  
554     	-22.02  
554.4   	-21.95  
554.8   	-21.88  
555.2   	-21.91  
555.6   	-21.98  
556     	-22.02  
556.4   	-22.02  
556.8   	-22.05  
557.2   	-22.15  
557.6   	-22.21  
558     	-22.24  
558.4   	-22.13  
558.8   	-22.08  
559.2   	-22.02  
559.6   	-22     
560     	-22.03  
560.4   	-21.99  
560.8   	-21.95  
561.2   	-21.89  
561.6   	-21.84  
562     	-21.86  
562.4   	-21.85  
562.8   	-21.91  
563.2   	-21.99  
563.6   	-22.08  
564     	-22.14  
564.4   	-22.11  
564.8   	-22.07  
565.2   	-22.08  
565.6   	-22.05  
566     	-22.02  
566.4   	-22.01  
566.8   	-21.98  
567.2   	-21.91  
567.6   	-21.87  
568     	-21.87  
568.4   	-21.87  
568.8   	-21.94  
569.2   	-22.04  
569.6   	-22.17  
570     	-22.28  
570.4   	-22.37  
570.8   	-22.33  
571.2   	-22.29  
571.6   	-22.28  
572     	-22.21  
572.4   	-22.18  
572.8   	-22.15  
573.2   	-22.17  
573.6   	-22.16  
574     	-22.2   
574.4   	-22.17  
574.8   	-22.12  
575.2   	-22.11  
575.6   	-22.08  
576     	-22.04  
576.4   	-22.02  
576.8   	-22.03  
577.2   	-21.99  
577.6   	-21.92  
578     	-21.9   
578.4   	-21.96  
578.8   	-22.03  
579.2   	-22.05  
579.6   	-22.08  
580     	-22.07  
580.4   	-22.11  
580.8   	-22.13  
581.2   	-22.14  
581.6   	-22.16  
582     	-22.21  
582.4   	-22.26  
582.8   	-22.3   
583.2   	-22.37  
583.6   	-22.44  
584     	-22.49  
584.4   	-22.48  
584.8   	-22.47  
585.2   	-22.41  
585.6   	-22.34  
586     	-22.24  
586.4   	-22.26  
586.8   	-22.28  
587.2   	-22.22  
587.6   	-22.2   
588     	-22.25  
588.4   	-22.31  
588.8   	-22.28  
589.2   	-22.27  
589.6   	-22.22  
590     	-22.04  
590.4   	-21.87  
590.8   	-21.74  
591.2   	-21.62  
591.6   	-21.59  
592     	-21.61  
592.4   	-21.67  
592.8   	-21.73  
593.2   	-21.8   
593.6   	-21.9   
594     	-21.99  
594.4   	-22.07  
594.8   	-22.16  
595.2   	-22.18  
595.6   	-22.21  
596     	-22.23  
596.4   	-22.21  
596.8   	-22.21  
597.2   	-22.26  
597.6   	-22.28  
598     	-22.25  
598.4   	-22.22  
598.8   	-22.23  
599.2   	-22.26  
599.6   	-22.27  
600     	-22.22  
600.4   	-22.15  
600.8   	-22.1   
601.2   	-22.05  
601.6   	-21.97  
602     	-21.95  
602.4   	-21.97  
602.8   	-22     
603.2   	-22.09  
603.6   	-22.2   
604     	-22.27  
604.4   	-22.29  
604.8   	-22.33  
605.2   	-22.42  
605.6   	-22.5   
606     	-22.57  
606.4   	-22.58  
606.8   	-22.49  
607.2   	-22.39  
607.6   	-22.25  
608     	-22.04  
608.4   	-21.96  
608.8   	-21.95  
609.2   	-21.97  
609.6   	-21.99  
610     	-22     
610.4   	-22.02  
610.8   	-21.97  
611.2   	-21.9   
611.6   	-21.83  
612     	-21.79  
612.4   	-21.77  
612.8   	-21.78  
613.2   	-21.71  
613.6   	-21.59  
614     	-21.53  
614.4   	-21.49  
614.8   	-21.46  
615.2   	-21.48  
615.6   	-21.56  
616     	-21.58  
616.4   	-21.55  
616.8   	-21.45  
617.2   	-21.37  
617.6   	-21.29  
618     	-21.31  
618.4   	-21.38  
618.8   	-21.45  
619.2   	-21.56  
619.6   	-21.68  
620     	-21.79  
620.4   	-21.93  
620.8   	-22.08  
621.2   	-22.2   
621.6   	-22.27  
622     	-22.37  
622.4   	-22.42  
622.8   	-22.39  
623.2   	-22.31  
623.6   	-22.2   
624     	-22.06  
624.4   	-21.97  
624.8   	-21.9   
625.2   	-21.88  
625.6   	-21.9   
626     	-21.92  
626.4   	-21.96  
626.8   	-22     
627.2   	-22.06  
627.6   	-22.11  
628     	-22.2   
628.4   	-22.29  
628.8   	-22.41  
629.2   	-22.52  
629.6   	-22.56  
630     	-22.59  
630.4   	-22.62  
630.8   	-22.7   
631.2   	-22.73  
631.6   	-22.73  
632     	-22.69  
632.4   	-22.59  
632.8   	-22.49  
633.2   	-22.46  
633.6   	-22.41  
634     	-22.39  
634.4   	-22.42  
634.8   	-22.43  
635.2   	-22.41  
635.6   	-22.38  
636     	-22.32  
636.4   	-22.35  
636.8   	-22.47  
637.2   	-22.57  
637.6   	-22.62  
638     	-22.59  
638.4   	-22.57  
638.8   	-22.59  
639.2   	-22.6   
639.6   	-22.59  
640     	-22.52  
640.4   	-22.44  
640.8   	-22.4   
641.2   	-22.33  
641.6   	-22.29  
642     	-22.33  
642.4   	-22.36  
642.8   	-22.34  
643.2   	-22.28  
643.6   	-22.26  
644     	-22.19  
644.4   	-22.04  
644.8   	-21.98  
645.2   	-21.94  
645.6   	-21.97  
646     	-22.04  
646.4   	-22.08  
646.8   	-22.1   
647.2   	-22.11  
647.6   	-22.12  
648     	-22.1   
648.4   	-22.1   
648.8   	-22.13  
649.2   	-22.21  
649.6   	-22.24  
650     	-22.29  
650.4   	-22.38  
650.8   	-22.41  
651.2   	-22.35  
651.6   	-22.28  
652     	-22.23  
652.4   	-22.21  
652.8   	-22.17  
653.2   	-22.15  
653.6   	-22.13  
654     	-22.11  
654.4   	-22.15  
654.8   	-22.16  
655.2   	-22.18  
655.6   	-22.23  
656     	-22.28  
656.4   	-22.28  
656.8   	-22.28  
657.2   	-22.32  
657.6   	-22.38  
658     	-22.44  
658.4   	-22.45  
658.8   	-22.47  
659.2   	-22.45  
659.6   	-22.48  
660     	-22.48  
660.4   	-22.38  
660.8   	-22.36  
661.2   	-22.34  
661.6   	-22.37  
662     	-22.49  
662.4   	-22.53  
662.8   	-22.58  
663.2   	-22.63  
663.6   	-22.63  
664     	-22.56  
664.4   	-22.48  
664.8   	-22.45  
665.2   	-22.43  
665.6   	-22.41  
666     	-22.34  
666.4   	-22.31  
666.8   	-22.36  
667.2   	-22.47  
667.6   	-22.55  
668     	-22.48  
668.4   	-22.38  
668.8   	-22.24  
669.2   	-22.15  
669.6   	-22.08  
670     	-21.97  
670.4   	-21.86  
670.8   	-21.83  
671.2   	-21.82  
671.6   	-21.83  
672     	-21.87  
672.4   	-21.91  
672.8   	-21.98  
673.2   	-22.06  
673.6   	-22.14  
674     	-22.23  
674.4   	-22.29  
674.8   	-22.3   
675.2   	-22.31  
675.6   	-22.31  
676     	-22.25  
676.4   	-22.17  
676.8   	-22.12  
677.2   	-22.09  
677.6   	-22.11  
678     	-22.1   
678.4   	-22.09  
678.8   	-22.06  
679.2   	-21.97  
679.6   	-21.85  
680     	-21.74  
680.4   	-21.63  
680.8   	-21.6   
681.2   	-21.59  
681.6   	-21.62  
682     	-21.69  
682.4   	-21.77  
682.8   	-21.84  
683.2   	-21.82  
683.6   	-21.87  
684     	-21.96  
684.4   	-21.98  
684.8   	-21.93  
685.2   	-21.86  
685.6   	-21.81  
686     	-21.79  
686.4   	-21.81  
686.8   	-21.82  
687.2   	-21.85  
687.6   	-21.92  
688     	-22.02  
688.4   	-22.14  
688.8   	-22.16  
689.2   	-22.16  
689.6   	-22.2   
690     	-22.22  
690.4   	-22.24  
690.8   	-22.3   
691.2   	-22.34  
691.6   	-22.37  
692     	-22.4   
692.4   	-22.46  
692.8   	-22.49  
693.2   	-22.48  
693.6   	-22.49  
694     	-22.42  
694.4   	-22.28  
694.8   	-22.2   
695.2   	-22.18  
695.6   	-22.26  
696     	-22.29  
696.4   	-22.26  
696.8   	-22.14  
697.2   	-22.02  
697.6   	-21.97  
698     	-21.99  
698.4   	-22.04  
698.8   	-22.03  
699.2   	-22.08  
699.6   	-22.09  
700     	-22.06  
700.4   	-22.03  
700.8   	-21.93  
701.2   	-21.87  
701.6   	-21.84  
702     	-21.82  
702.4   	-21.89  
702.8   	-21.96  
703.2   	-21.96  
703.6   	-21.92  
704     	-21.94  
704.4   	-21.95  
704.8   	-21.97  
705.2   	-22.06  
705.6   	-22.11  
706     	-22.15  
706.4   	-22.18  
706.8   	-22.16  
707.2   	-22.15  
707.6   	-22.14  
708     	-22.14  
708.4   	-22.12  
708.8   	-22.13  
709.2   	-22.13  
709.6   	-22.13  
710     	-22.12  
710.4   	-22.13  
710.8   	-22.15  
711.2   	-22.16  
711.6   	-22.19  
712     	-22.18  
712.4   	-22.18  
712.8   	-22.24  
713.2   	-22.31  
713.6   	-22.37  
714     	-22.43  
714.4   	-22.42  
714.8   	-22.37  
715.2   	-22.29  
715.6   	-22.24  
716     	-22.17  
716.4   	-22.06  
716.8   	-21.92  
717.2   	-21.82  
717.6   	-21.8   
718     	-21.76  
718.4   	-21.76  
718.8   	-21.77  
719.2   	-21.74  
719.6   	-21.71  
720     	-21.68  
720.4   	-21.69  
720.8   	-21.7   
721.2   	-21.71  
721.6   	-21.74  
722     	-21.76  
722.4   	-21.8   
722.8   	-21.85  
723.2   	-21.93  
723.6   	-21.85  
724     	-21.8   
724.4   	-21.79  
724.8   	-21.78  
725.2   	-21.76  
725.6   	-21.74  
726     	-21.74  
726.4   	-21.75  
726.8   	-21.68  
727.2   	-21.61  
727.6   	-21.61  
728     	-21.61  
728.4   	-21.53  
728.8   	-21.45  
729.2   	-21.37  
729.6   	-21.36  
730     	-21.44  
730.4   	-21.53  
730.8   	-21.63  
731.2   	-21.7   
731.6   	-21.74  
732     	-21.81  
732.4   	-21.93  
732.8   	-22.04  
733.2   	-22.1   
733.6   	-22.11  
734     	-22.02  
734.4   	-21.85  
734.8   	-21.65  
735.2   	-21.51  
735.6   	-21.46  
736     	-21.46  
736.4   	-21.47  
736.8   	-21.48  
737.2   	-21.51  
737.6   	-21.57  
738     	-21.61  
738.4   	-21.69  
738.8   	-21.78  
739.2   	-21.84  
739.6   	-21.9   
740     	-21.98  
740.4   	-22.05  
740.8   	-22.04  
741.2   	-22.09  
741.6   	-22.15  
742     	-22.09  
742.4   	-21.94  
742.8   	-21.88  
743.2   	-21.91  
743.6   	-21.96  
744     	-21.98  
744.4   	-21.97  
744.8   	-21.95  
745.2   	-21.99  
745.6   	-22.02  
746     	-22.01  
746.4   	-21.96  
746.8   	-21.9   
747.2   	-21.78  
747.6   	-21.67  
748     	-21.59  
748.4   	-21.58  
748.8   	-21.55  
749.2   	-21.5   
749.6   	-21.49  
750     	-21.5   
750.4   	-21.52  
750.8   	-21.54  
751.2   	-21.61  
751.6   	-21.72  
752     	-21.78  
752.4   	-21.83  
752.8   	-21.95  
753.2   	-22.08  
753.6   	-22.14  
754     	-22.16  
754.4   	-22.2   
754.8   	-22.28  
755.2   	-22.3   
755.6   	-22.27  
756     	-22.26  
756.4   	-22.29  
756.8   	-22.32  
757.2   	-22.28  
757.6   	-22.25  
758     	-22.2   
758.4   	-22.25  
758.8   	-22.35  
759.2   	-22.43  
759.6   	-22.5   
760     	-22.58  
760.4   	-22.62  
760.8   	-22.65  
761.2   	-22.69  
761.6   	-22.73  
762     	-22.77  
762.4   	-22.74  
762.8   	-22.7   
763.2   	-22.67  
763.6   	-22.7   
764     	-22.71  
764.4   	-22.65  
764.8   	-22.57  
765.2   	-22.54  
765.6   	-22.46  
766     	-22.42  
766.4   	-22.36  
766.8   	-22.32  
767.2   	-22.3   
767.6   	-22.27  
768     	-22.22  
768.4   	-22.16  
768.8   	-22.11  
769.2   	-22.01  
769.6   	-21.98  
770     	-22.04  
770.4   	-22.1   
770.8   	-22.15  
771.2   	-22.2   
771.6   	-22.27  
772     	-22.32  
772.4   	-22.38  
772.8   	-22.38  
773.2   	-22.39  
773.6   	-22.33  
774     	-22.29  
774.4   	-22.32  
774.8   	-22.37  
775.2   	-22.38  
775.6   	-22.42  
776     	-22.47  
776.4   	-22.49  
776.8   	-22.44  
777.2   	-22.35  
777.6   	-22.26  
778     	-22.13  
778.4   	-22.05  
778.8   	-21.99  
779.2   	-21.93  
779.6   	-21.88  
780     	-21.83  
780.4   	-21.78  
780.8   	-21.75  
781.2   	-21.74  
781.6   	-21.73  
782     	-21.7   
782.4   	-21.61  
782.8   	-21.58  
783.2   	-21.6   
783.6   	-21.61  
784     	-21.63  
784.4   	-21.59  
784.8   	-21.53  
785.2   	-21.5   
785.6   	-21.46  
786     	-21.44  
786.4   	-21.39  
786.8   	-21.41  
787.2   	-21.44  
787.6   	-21.51  
788     	-21.61  
788.4   	-21.72  
788.8   	-21.79  
789.2   	-21.93  
789.6   	-22.01  
790     	-22.01  
790.4   	-21.99  
790.8   	-21.98  
791.2   	-22.01  
791.6   	-22.06  
792     	-22.1   
792.4   	-22.07  
792.8   	-21.97  
793.2   	-21.89  
793.6   	-21.83  
794     	-21.71  
794.4   	-21.55  
794.8   	-21.45  
795.2   	-21.4   
795.6   	-21.31  
796     	-21.23  
796.4   	-21.17  
796.8   	-21.19  
797.2   	-21.21  
797.6   	-21.15  
798     	-21.08  
798.4   	-20.99  
798.8   	-21.04  
799.2   	-21.05  
799.6   	-21.04  
800     	-21.1   
800.4   	-21.21  
800.8   	-21.35  
801.2   	-21.48  
801.6   	-21.56  
802     	-21.62  
802.4   	-21.6   
802.8   	-21.56  
803.2   	-21.53  
803.6   	-21.43  
804     	-21.33  
804.4   	-21.35  
804.8   	-21.4   
805.2   	-21.48  
805.6   	-21.63  
806     	-21.78  
806.4   	-21.88  
806.8   	-21.93  
807.2   	-22.01  
807.6   	-22.07  
808     	-22.01  
808.4   	-21.94  
808.8   	-21.96  
809.2   	-22.03  
809.6   	-22.15  
810     	-22.35  
810.4   	-22.53  
810.8   	-22.62  
811.2   	-22.67  
811.6   	-22.7   
812     	-22.75  
812.4   	-22.8   
812.8   	-22.82  
813.2   	-22.72  
813.6   	-22.55  
814     	-22.44  
814.4   	-22.32  
814.8   	-22.16  
815.2   	-22.04  
815.6   	-22     
816     	-22.03  
816.4   	-22.1   
816.8   	-22.12  
817.2   	-22.13  
817.6   	-22.12  
818     	-22.14  
818.4   	-22.17  
818.8   	-22.16  
819.2   	-22.14  
819.6   	-22.17  
820     	-22.26  
820.4   	-22.35  
820.8   	-22.38  
821.2   	-22.4   
821.6   	-22.46  
822     	-22.52  
822.4   	-22.5   
822.8   	-22.39  
823.2   	-22.34  
823.6   	-22.28  
824     	-22.17  
824.4   	-22.11  
824.8   	-22.13  
825.2   	-22.12  
825.6   	-22.06  
826     	-22.08  
826.4   	-22.08  
826.8   	-22.12  
827.2   	-22.22  
827.6   	-22.34  
828     	-22.39  
828.4   	-22.3   
828.8   	-22.29  
829.2   	-22.34  
829.6   	-22.43  
830     	-22.47  
830.4   	-22.51  
830.8   	-22.46  
831.2   	-22.4   
831.6   	-22.35  
832     	-22.34  
832.4   	-22.35  
832.8   	-22.37  
833.2   	-22.33  
833.6   	-22.26  
834     	-22.19  
834.4   	-22.14  
834.8   	-22.07  
835.2   	-22.03  
835.6   	-22.03  
836     	-22     
836.4   	-22.01  
836.8   	-22.02  
837.2   	-22.03  
837.6   	-22.08  
838     	-22.11  
838.4   	-22.15  
838.8   	-22.12  
839.2   	-22.11  
839.6   	-22.14  
840     	-22.15  
840.4   	-22.14  
840.8   	-22.17  
841.2   	-22.2   
841.6   	-22.26  
842     	-22.31  
842.4   	-22.28  
842.8   	-22.2   
843.2   	-22.16  
843.6   	-22.15  
844     	-22.16  
844.4   	-22.15  
844.8   	-22.1   
845.2   	-22.11  
845.6   	-22.16  
846     	-22.18  
846.4   	-22.27  
846.8   	-22.36  
847.2   	-22.4   
847.6   	-22.45  
848     	-22.51  
848.4   	-22.49  
848.8   	-22.44  
849.2   	-22.43  
849.6   	-22.47  
850     	-22.49  
850.4   	-22.54  
850.8   	-22.56  
851.2   	-22.5   
851.6   	-22.47  
852     	-22.46  
852.4   	-22.44  
852.8   	-22.34  
853.2   	-22.25  
853.6   	-22.21  
854     	-22.11  
854.4   	-22.02  
854.8   	-22.01  
855.2   	-21.96  
855.6   	-21.94  
856     	-21.97  
856.4   	-21.96  
856.8   	-21.99  
857.2   	-22.04  
857.6   	-22.03  
858     	-22.04  
858.4   	-22.12  
858.8   	-22.09  
859.2   	-22.05  
859.6   	-22.01  
860     	-21.97  
860.4   	-21.96  
860.8   	-21.95  
861.2   	-21.96  
861.6   	-21.98  
862     	-21.97  
862.4   	-22     
862.8   	-22.01  
863.2   	-22.08  
863.6   	-22.21  
864     	-22.35  
864.4   	-22.41  
864.8   	-22.48  
865.2   	-22.52  
865.6   	-22.46  
866     	-22.38  
866.4   	-22.34  
866.8   	-22.17  
867.2   	-22.03  
867.6   	-21.96  
868     	-21.97  
868.4   	-22     
868.8   	-22     
869.2   	-22     
869.6   	-21.98  
870     	-22.03  
870.4   	-22.14  
870.8   	-22.25  
871.2   	-22.33  
871.6   	-22.38  
872     	-22.48  
872.4   	-22.52  
872.8   	-22.55  
873.2   	-22.56  
873.6   	-22.53  
874     	-22.55  
874.4   	-22.6   
874.8   	-22.66  
875.2   	-22.68  
875.6   	-22.63  
876     	-22.6   
876.4   	-22.52  
876.8   	-22.46  
877.2   	-22.42  
877.6   	-22.39  
878     	-22.36  
878.4   	-22.38  
878.8   	-22.44  
879.2   	-22.55  
879.6   	-22.62  
880     	-22.7   
880.4   	-22.74  
880.8   	-22.75  
881.2   	-22.78  
881.6   	-22.83  
882     	-22.87  
882.4   	-22.92  
882.8   	-22.95  
883.2   	-22.94  
883.6   	-22.91  
884     	-22.86  
884.4   	-22.75  
884.8   	-22.65  
885.2   	-22.62  
885.6   	-22.61  
886     	-22.67  
886.4   	-22.71  
886.8   	-22.76  
887.2   	-22.76  
887.6   	-22.72  
888     	-22.72  
888.4   	-22.68  
888.8   	-22.67  
889.2   	-22.64  
889.6   	-22.59  
890     	-22.53  
890.4   	-22.49  
890.8   	-22.44  
891.2   	-22.27  
891.6   	-22.09  
892     	-21.93  
892.4   	-21.91  
892.8   	-21.91  
893.2   	-21.93  
893.6   	-21.95  
894     	-21.99  
894.4   	-21.94  
894.8   	-21.9   
895.2   	-21.87  
895.6   	-21.89  
896     	-21.9   
896.4   	-21.98  
896.8   	-22.09  
897.2   	-22.18  
897.6   	-22.25  
898     	-22.21  
898.4   	-22.11  
898.8   	-22.06  
899.2   	-22.05  
899.6   	-22.07  
900     	-22.1   
900.4   	-22.17  
900.8   	-22.18  
901.2   	-22.21  
901.6   	-22.26  
902     	-22.29  
902.4   	-22.34  
902.8   	-22.36  
903.2   	-22.32  
903.6   	-22.23  
904     	-22.13  
904.4   	-22.03  
904.8   	-21.96  
905.2   	-21.99  
905.6   	-22.06  
906     	-22.17  
906.4   	-22.33  
906.8   	-22.43  
907.2   	-22.44  
907.6   	-22.39  
908     	-22.31  
908.4   	-22.21  
908.8   	-22.09  
909.2   	-21.95  
909.6   	-21.93  
910     	-21.99  
910.4   	-22.11  
910.8   	-22.23  
911.2   	-22.34  
911.6   	-22.41  
912     	-22.51  
912.4   	-22.57  
912.8   	-22.61  
913.2   	-22.6   
913.6   	-22.54  
914     	-22.5   
914.4   	-22.44  
914.8   	-22.34  
915.2   	-22.21  
915.6   	-22.05  
916     	-21.96  
916.4   	-22     
916.8   	-22.08  
917.2   	-22.07  
917.6   	-22.08  
918     	-22.15  
918.4   	-22.13  
918.8   	-22.17  
919.2   	-22.16  
919.6   	-22.07  
920     	-22.05  
920.4   	-22.05  
920.8   	-22.05  
921.2   	-22.02  
921.6   	-22.01  
922     	-21.96  
922.4   	-21.91  
922.8   	-21.88  
923.2   	-21.89  
923.6   	-21.92  
924     	-21.96  
924.4   	-22.07  
924.8   	-22.15  
925.2   	-22.16  
925.6   	-22.13  
926     	-22.12  
926.4   	-22.15  
926.8   	-22.14  
927.2   	-22.17  
927.6   	-22.22  
928     	-22.27  
928.4   	-22.3   
928.8   	-22.4   
929.2   	-22.51  
929.6   	-22.57  
930     	-22.64  
930.4   	-22.69  
930.8   	-22.67  
931.2   	-22.6   
931.6   	-22.61  
932     	-22.63  
932.4   	-22.58  
932.8   	-22.5   
933.2   	-22.47  
933.6   	-22.48  
934     	-22.5   
934.4   	-22.47  
934.8   	-22.46  
935.2   	-22.41  
935.6   	-22.3   
936     	-22.23  
936.4   	-22.2   
936.8   	-22.12  
937.2   	-22.08  
937.6   	-22.09  
938     	-22.1   
938.4   	-22.15  
938.8   	-22.15  
939.2   	-22.14  
939.6   	-22.16  
940     	-22.19  
940.4   	-22.22  
940.8   	-22.23  
941.2   	-22.25  
941.6   	-22.31  
942     	-22.38  
942.4   	-22.47  
942.8   	-22.51  
943.2   	-22.53  
943.6   	-22.52  
944     	-22.46  
944.4   	-22.44  
944.8   	-22.4   
945.2   	-22.35  
945.6   	-22.36  
946     	-22.33  
946.4   	-22.27  
946.8   	-22.22  
947.2   	-22.19  
947.6   	-22.23  
948     	-22.27  
948.4   	-22.27  
948.8   	-22.19  
949.2   	-22.17  
949.6   	-22.21  
950     	-22.26  
950.4   	-22.29  
950.8   	-22.24  
951.2   	-22.17  
951.6   	-22.03  
952     	-21.9   
952.4   	-21.8   
952.8   	-21.75  
953.2   	-21.75  
953.6   	-21.84  
954     	-21.87  
954.4   	-21.85  
954.8   	-21.83  
955.2   	-21.82  
955.6   	-21.88  
956     	-21.94  
956.4   	-21.96  
956.8   	-21.94  
957.2   	-21.95  
957.6   	-21.95  
958     	-22     
958.4   	-22.08  
958.8   	-22.19  
959.2   	-22.28  
959.6   	-22.33  
960     	-22.35  
960.4   	-22.38  
960.8   	-22.37  
961.2   	-22.37  
961.6   	-22.25  
962     	-22.15  
962.4   	-22.15  
962.8   	-22.18  
963.2   	-22.15  
963.6   	-22.22  
964     	-22.29  
964.4   	-22.38  
964.8   	-22.45  
965.2   	-22.54  
965.6   	-22.56  
966     	-22.58  
966.4   	-22.59  
966.8   	-22.56  
967.2   	-22.52  
967.6   	-22.48  
968     	-22.36  
968.4   	-22.14  
968.8   	-21.95  
969.2   	-21.89  
969.6   	-21.87  
970     	-21.83  
970.4   	-21.78  
970.8   	-21.69  
971.2   	-21.53  
971.6   	-21.46  
972     	-21.43  
972.4   	-21.4   
972.8   	-21.36  
973.2   	-21.29  
973.6   	-21.26  
974     	-21.24  
974.4   	-21.24  
974.8   	-21.28  
975.2   	-21.39  
975.6   	-21.56  
976     	-21.7   
976.4   	-21.84  
976.8   	-21.94  
977.2   	-22     
977.6   	-22.04  
978     	-22.11  
978.4   	-22.11  
978.8   	-22.16  
979.2   	-22.21  
979.6   	-22.25  
980     	-22.25  
980.4   	-22.25  
980.8   	-22.25  
981.2   	-22.18  
981.6   	-22.14  
982     	-22.18  
982.4   	-22.22  
982.8   	-22.25  
983.2   	-22.3   
983.6   	-22.31  
984     	-22.26  
984.4   	-22.22  
984.8   	-22.27  
985.2   	-22.25  
985.6   	-22.27  
986     	-22.17  
986.4   	-22.07  
986.8   	-22.03  
987.2   	-22.02  
987.6   	-22.09  
988     	-22.1   
988.4   	-22.13  
988.8   	-22.18  
989.2   	-22.25  
989.6   	-22.31  
990     	-22.33  
990.4   	-22.37  
990.8   	-22.42  
991.2   	-22.42  
991.6   	-22.37  
992     	-22.36  
992.4   	-22.37  
992.8   	-22.34  
993.2   	-22.29  
993.6   	-22.19  
994     	-22.13  
994.4   	-22.03  
994.8   	-21.86  
995.2   	-21.82  
995.6   	-21.84  
996     	-21.9   
996.4   	-22     
996.8   	-22.16  
997.2   	-22.3   
997.6   	-22.38  
998     	-22.42  
998.4   	-22.44  
998.8   	-22.34  
999.2   	-22.28  
999.6   	-22.18  
